((((ACCAAACTCACTTGTT-1:8.015,(((GGAACCCTCGTCCATC-1:3.039,TGTAACGTCCACGTAA-1:3.005)I7:3.136,CTACATTAGGCCTAGA-1:10.481)I6:2.895,(GTGGAAGCAACCGTGC-1:10.002,GCACATATCGTAGTCA-1:5.002)I5:0.001)I4:2.013)I3:2.039,CTGTGAAGTGTCACAT-1:9.055)I2:2.192,(CATCGGGAGAGAGTGA-1:5.055,TCACACCAGACTCTTG-1:1.055)I1:10.205)13:2.787)I0;
I0,0,0,0,0,0,0,0,0,0,0,0,0,0,0,0,0,0,0,0,0,0,0,0,0,0,0,0,0,0,0
13,0,0,0,0,0,0,0,0,0,0,0,0,0,0,0,0,0,0,0,0,0,0,0,0,0,0,0,0:0.07/-1:0.92/1:0.008,0:0.07/-1:0.92/1:0.005/2:0.001/3:0.001/4:0.001,0:0.07/-1:0.92/1:0.01
I1,0,0,0,18,27,0,0,24,0,0,15,0,0,26,0,0,8,0,0,7,0,0,0,0,0:0.01/-1:0.99,0:0.01/-1:0.99,0:0.01/-1:0.99,-1,-1,-1
TCACACCAGACTCTTG-1,0,0,0,18,27,0,0,24,0,0,15,0,0,26,0,0,8,0,0,7,0,0,10,0,-1,-1,-1,-1,-1,-1
CATCGGGAGAGAGTGA-1,18,10,0,18,27,0,0,24,0,0,15,0,0,26,0,22,8,0,0,7,0,3,7,0,-1,-1,-1,-1,-1,-1
I2,0,0:0.01/15:0.99,0,0,0,0,0,0,0,0,0,0,0,0,0,0,0,0,0,0,0,0,0:0.02/14:0.98,0,0,0,0,0:0.01/-1:0.99,0:0.01/-1:0.99,0:0.01/-1:0.99
CTGTGAAGTGTCACAT-1,0,15,0,0,32,0,24,31,0,0,28,0,0,31,0,0,11,0,0,32,0,0,14,0,10,17,0,-1,-1,-1
I3,0,15,0,0,0,0,0,0,0,0,0,0,0:0.01/10:0.99,0:0.01/13:0.99,0,0,0,0,0,0,0,0,14,0,0,0,0,-1,-1,-1
I4,0,15,0,0,0,0,0,0,0,4,27,0,10,13,0,0,0,0,0,0,0,0,14,0,0,0,0,-1,-1,-1
I5,0,15,0,0,0,0,0,0,0,4,27,0,10,13,0,0,0,0,0,0,0,0,14,0,0,0,0,-1,-1,-1
GCACATATCGTAGTCA-1,0,15,0,3,11,0,0,0,0,4,27,0,10,13,0,0,11,0,0,34,0,0,14,0,0,22,0,-1,-1,-1
GTGGAAGCAACCGTGC-1,0,15,0,19,28,0,3,9,0,4,27,0,10,13,0,5,8,0,0,7,0,23,14,0,15,24,0,-1,-1,-1
I6,0,15,0,0,0:0.66/21:0.34,0,0,0,0,4,27,0,10,13,0,0,0,0,0,0,0,0,14,0,0:0.15/-1:0.84/1:0.001/2:0.001/3:0.008/5:0.008/6:0.009/7:0.003/8:0.001/11:0.002/12:0.006/13:0.005/15:0.008/16:0.006,0:0.15/-1:0.84/1:0.009/2:0.001/3:0.006/4:0.002/5:0.009/6:0.001/7:0.004/9:0.001/10:0.001/11:0.003/12:0.001/14:0.009/15:0.004/16:0.008/17:0.005/18:0.005/19:0.002/20:0.003/22:0.001/23:0.001/24:0.003/25:0.006/26:0.005/27:0.003,0:0.15/-1:0.84/2:0.001/3:0.006,-1,-1,-1
CTACATTAGGCCTAGA-1,19,15,0,-1,-1,-1,15,29,5,4,27,0,10,13,0,0,6,0,0,7,0,23,14,0,-1,-1,-1,-1,-1,-1
I7,0,15,0,0,0:0.01/21:0.99,0,0,0,0,4,27,0,10,13,0,0:0.48/3:0.52,0:0.48/39:0.52,0,0,0:0.01/2:0.99,0,0,14,0,0:0.01/-1:0.99,0:0.01/-1:0.99,0:0.01/-1:0.99,-1,-1,-1
TGTAACGTCCACGTAA-1,7,15,0,0,21,0,0,2,0,4,27,0,10,13,0,3,39,0,0,2,0,0,14,0,-1,-1,-1,-1,-1,-1
GGAACCCTCGTCCATC-1,0,15,0,0,21,0,0,0,0,4,27,0,10,13,0,-1,-1,-1,0,2,0,0,14,0,-1,-1,-1,-1,-1,-1
ACCAAACTCACTTGTT-1,0,15,0,3,11,0,0,13,0,0,5,0,10,13,0,9,8,0,0,14,0,0,14,0,0,5,0,-1,-1,-1
(((((ACGGGTCTCTACTATC-1:2.712,CTGCAGGGTTCGGCTG-1:4.025)I9:3.3,(ACCAACATCATTCACT-1:1.008,(((((TGAGACTCATCGAACT-1:1.006,TCATGGACACCATTCC-1:1.006)I8:0.994,CAATTTCTCTAGAACC-1:1)I7:0,AGATGAATCTAAGGAA-1:3)I6:0,TCACGGGTCACCTTAT-1:3)I5:0.006,CTTGATTAGGAATCGC-1:3.006)I4:3.003)I3:0.005)I2:3.129,CCATAAGAGATTGATG-1:8.088)I1:2.207,GCACTAATCCAAGCCG-1:12.151)14:12.732)I0;
I0,0,0,0,0,0,0,0,0,0,0,0,0,0,0,0,0,0,0,0,0,0,0,0,0,0,0,0,0,0,0
14,10,16,0,7,12,0,0:0.57/6:0.43,0:0.57/11:0.43,0,0:0.01/7:0.99,12,0,11,14,0,0,0,0,0,0,0,0,0:0.01/2:0.99,0,0,0,0,0:0.03/-1:0.96/1:0.008,0:0.03/-1:0.96/1:0.005/2:0.001/3:0.001/4:0.001,0:0.03/-1:0.96/1:0.01
GCACTAATCCAAGCCG-1,10,16,0,7,12,0,-1,-1,-1,7,12,0,11,14,0,25,34,0,18,35,5,7,2,0,-1,-1,-1,-1,-1,-1
I1,10,16,0,7,12,0,0:0.47/6:0.53,0:0.47/11:0.53,0,7,12,0,11,14,0,0,0,0,0,15,0:0.12/2:0.88,0,2,0,0,0,0,0:0.01/-1:0.99,0:0.01/-1:0.99,0:0.01/-1:0.99
CCATAAGAGATTGATG-1,10,16,0,7,12,0,6,11,0,7,12,0,11,14,0,-1,-1,-1,1,15,2,0,2,0,-1,-1,-1,-1,-1,-1
I2,10,16,0,7,12,0,-1,-1,-1,7,12,0,11,14,0,0,0,0,0,15,2,0,2,0,0,0,0,-1,-1,-1
I3,10,16,0,7,12,0,-1,-1,-1,7,12,0,11,14,0,0,0,0,0,15,2,0,2,0,0,0,0,-1,-1,-1
I4,10,16,0,7,12,0,-1,-1,-1,7,12,0,11,14,0,0,0,0,0,15,2,0,2,0,-1,-1,-1,-1,-1,-1
CTTGATTAGGAATCGC-1,10,16,0,7,12,0,-1,-1,-1,7,12,0,11,14,0,-1,-1,-1,0,15,2,0,2,0,-1,-1,-1,-1,-1,-1
I5,10,16,0,7,12,0,-1,-1,-1,7,12,0,11,14,0,0,0,0,0,15,2,0,2,0,-1,-1,-1,-1,-1,-1
TCACGGGTCACCTTAT-1,10,16,0,7,12,0,-1,-1,-1,7,12,0,11,14,0,6,37,0,2,15,2,0,2,0,-1,-1,-1,-1,-1,-1
I6,10,16,0,7,12,0,-1,-1,-1,7,12,0,11,14,0,0,0,0,0,15,2,0,2,0,-1,-1,-1,-1,-1,-1
AGATGAATCTAAGGAA-1,10,16,0,7,12,0,-1,-1,-1,7,12,0,11,14,0,14,19,0,0,15,2,7,2,0,-1,-1,-1,-1,-1,-1
I7,10,16,0,7,12,0,-1,-1,-1,7,12,0,11,14,0,0,0,0,0,15,2,0,2,0,-1,-1,-1,-1,-1,-1
CAATTTCTCTAGAACC-1,10,16,0,7,12,0,-1,-1,-1,7,12,0,11,14,0,0,24,0,0,15,2,0,2,0,-1,-1,-1,-1,-1,-1
I8,10,16,0,7,12,0,-1,-1,-1,7,12,0,11,14,0,0,0:0.01/1:0.99,0,0,15,2,0,2,0,-1,-1,-1,-1,-1,-1
TCATGGACACCATTCC-1,10,16,0,7,12,0,-1,-1,-1,7,12,0,11,14,0,0,1,3,0,15,2,0,2,0,-1,-1,-1,-1,-1,-1
TGAGACTCATCGAACT-1,10,16,0,7,12,0,-1,-1,-1,7,12,0,11,14,0,10,1,0,0,15,2,0,2,0,-1,-1,-1,-1,-1,-1
ACCAACATCATTCACT-1,10,16,0,7,12,0,-1,-1,-1,7,12,0,11,14,0,0,0,0,0,15,2,5,2,0,0,0,0,-1,-1,-1
I9,10,16,0,7,12,0,-1,-1,-1,7,12,0,11,14,0,0,0:0.02/8:0.98,0,0,15,2,0:0.01/8:0.99,2,0,0:0.56/4:0.44,0:0.56/8:0.44,0:0.56/1:0.44,-1,-1,-1
CTGCAGGGTTCGGCTG-1,10,16,0,7,12,0,-1,-1,-1,7,12,0,11,14,0,2,8,0,0,15,2,8,2,0,-1,-1,-1,-1,-1,-1
ACGGGTCTCTACTATC-1,10,16,0,7,12,0,-1,-1,-1,7,12,0,11,14,0,12,8,0,0,15,2,8,2,0,4,8,1,-1,-1,-1
(((((TAATCTCCAGGTGTGA-1:0.002,(((GATCATGAGTCTTCCC-1:0,CCGGTGATCATGCCAA-1:0)I8:0,(ATACCGAAGAGTCTTC-1:0,GACACGCAGGCACTCC-1:0)I7:0)I6:0,GCAGTTAAGCCTTTCC-1:0)I5:0.002)I4:3.048,ATGGATCAGACCCGCT-1:0.074)I3:2.974,GAGGCCTCAGAGAGGG-1:1.625)I2:1.378,(AGACTCATCCCATGGG-1:3.001,GTGCAGCGTCACGACC-1:0.001)I1:0.003)18:11.998)I0;
I0,0,0,0,0,0,0,0,0,0,0,0,0,0,0,0,0,0,0,0,0,0,0,0,0,0,0,0,0,0,0
18,0,0,0,0,17,0,0,11,0,0,15,0,0,16,0,13,17,0,0,0,0,0,0,0,-1,-1,-1,-1,-1,-1
I1,0,0,0,0,17,0,0,11,0,0,15,0,0,16,0,13,17,0,0,0,0,0,0,0,-1,-1,-1,-1,-1,-1
GTGCAGCGTCACGACC-1,0,0,0,0,17,0,0,11,0,0,15,0,0,16,0,13,17,0,0,0,0,0,0,0,-1,-1,-1,-1,-1,-1
AGACTCATCCCATGGG-1,0,0,0,0,17,0,0,11,0,0,15,0,0,16,0,13,17,0,0,0,0,-1,-1,-1,-1,-1,-1,-1,-1,-1
I2,0,0:0.05/7:0.95,0,0,17,0,0,11,0,0,15,0,0,16,0,13,17,0,0,0,0,0:0.79/5:0.21,0:0.79/8:0.21,0,-1,-1,-1,-1,-1,-1
GAGGCCTCAGAGAGGG-1,0,7,0,0,17,0,0,11,0,0,15,0,0,16,0,13,17,0,0,0,0,5,8,0,-1,-1,-1,-1,-1,-1
I3,0,0:0.02/7:0.98,0,0,17,0,0,11,0,0,15,0,0,16,0,13,17,0,0,0,0,0:0.01/-1:0.98/5:0.01,0:0.01/-1:0.98/8:0.01,0:0.02/-1:0.98,-1,-1,-1,-1,-1,-1
ATGGATCAGACCCGCT-1,0,7,0,0,17,0,0,11,0,0,15,0,0,16,0,13,17,0,0,0,0,-1,-1,-1,-1,-1,-1,-1,-1,-1
I4,-1,-1,-1,0,17,0,0,11,0,0,15,0,0,16,0,13,17,0,0,0,0,-1,-1,-1,-1,-1,-1,-1,-1,-1
I5,-1,-1,-1,0,17,0,0,11,0,0,15,0,0,16,0,13,17,0,0,0,0,-1,-1,-1,-1,-1,-1,-1,-1,-1
GCAGTTAAGCCTTTCC-1,-1,-1,-1,0,17,0,0,11,0,0,15,0,0,16,0,13,17,0,0,0,0,-1,-1,-1,-1,-1,-1,-1,-1,-1
I6,-1,-1,-1,0,17,0,0,11,0,0,15,0,0,16,0,13,17,0,0,0,0,-1,-1,-1,-1,-1,-1,-1,-1,-1
I7,-1,-1,-1,0,17,0,0,11,0,0,15,0,0,16,0,13,17,0,0,0,0,-1,-1,-1,-1,-1,-1,-1,-1,-1
GACACGCAGGCACTCC-1,-1,-1,-1,0,17,0,0,11,0,0,15,0,0,16,0,13,17,0,0,0,0,-1,-1,-1,-1,-1,-1,-1,-1,-1
ATACCGAAGAGTCTTC-1,-1,-1,-1,0,17,0,0,11,0,0,15,0,0,16,0,13,17,0,0,0,0,-1,-1,-1,-1,-1,-1,-1,-1,-1
I8,-1,-1,-1,0,17,0,0,11,0,0,15,0,0,16,0,13,17,0,0,0,0,-1,-1,-1,-1,-1,-1,-1,-1,-1
CCGGTGATCATGCCAA-1,-1,-1,-1,0,17,0,0,11,0,0,15,0,0,16,0,13,17,0,0,0,0,-1,-1,-1,-1,-1,-1,-1,-1,-1
GATCATGAGTCTTCCC-1,-1,-1,-1,0,17,0,0,11,0,0,15,0,0,16,0,13,17,0,0,0,0,-1,-1,-1,-1,-1,-1,-1,-1,-1
TAATCTCCAGGTGTGA-1,-1,-1,-1,0,17,0,0,11,0,0,15,0,0,16,0,13,17,0,0,0,0,-1,-1,-1,-1,-1,-1,-1,-1,-1
(((((GATGGAGGTAGTACGG-1:9.012,(TTCTAACTCCGATGCG-1:3.528,(CATCGTCAGTGGCAGT-1:2.292,ACACGCGCACAGTACT-1:6.292)I70:2.777)I69:2.128)I68:5.286,((ACTGATGGTACAGAGC-1:2.002,AAGACTCGTCGCCTAG-1:3.002)I67:0.026,(GTTAGACAGGTAAACT-1:0.014,AGATCCAAGCTAAACA-1:2.014)I66:2.989)I65:8.098)I64:1.058,(((((GGGCTACCAGCCTTCT-1:1.993,TGTGTGAAGTCGTTAC-1:6.131)I63:6.024,(((((((GGGTAGATCCTCTTTC-1:0,GTGGAAGGTTCTAACG-1:0)I62:0.002,GGGTATTAGTTGCCCG-1:1.002)I61:3.038,ATCTCTAGTACCTAAC-1:0.449)I60:3.587,TCTGTCGTCTCGTGAA-1:2.037)I59:0.967,ACTTTCAAGGGTTTCT-1:4.004)I58:0.655,(GACAGCCTCATTCACT-1:0.076,(TCCTCCCAGTTACGGG-1:2.132,GATTGGTAGATGGCGT-1:4.132)I57:2.951)I56:2.931)I55:0.342,((CTCATTACACGGTAGA-1:3.008,CCTCTCCCACAGGATG-1:2.938)I54:0.075,CGATCGGGTTTCGTAG-1:5.014)I53:2.988)I52:0.001)I51:2.005,((((GTAACACCATATGAAG-1:2,GTGCACGAGCCACTCG-1:1)I50:0,CAGATACGTCCGGCAT-1:3)I49:0.001,((AGTAGCTGTACATACC-1:2,(((GATAGAATCCACGAAT-1:0.001,CCTCCAAAGGGACAGG-1:1.001)I48:0.999,TCCACGTCAACCACGC-1:1)I47:0,ATGAGGGAGGAACTCG-1:2)I46:0)I45:0.001,GTCGCGACACCTGCTT-1:3.001)I44:1.001)I43:6,((((((TCTCAGCCACAGTACT-1:2.008,((((CGACAGCTCATCCTAT-1:0,ACCAAACTCACTACTT-1:0)I42:0,CGTGCTTTCAGTCACA-1:0)I41:0.002,GTTGTCCCAAAGACGC-1:1.002)I40:3.002,ACCCAAAGTGGCCCAT-1:2.915)I39:0.093)I38:2.993,AGAACCTAGAGTGACC-1:4.953)I37:0.049,AAGCATCCACTACACA-1:7.002)I36:0.998,(((TAAGTCGAGGATCATA-1:2,CCTTTGGAGCATGTTC-1:1)I35:0.012,TCACGGGTCGGAATTC-1:7.013)I34:1.987,((GTAATCGGTTGCTTGA-1:1.117,CCTTGTGAGAACTCCT-1:5.117)I33:2.897,ACTTCCGGTCGTGTTA-1:5.978)I32:0.022)I31:0)I30:0,(AAAGTGACAGCGGTCT-1:5.247,TGAATCGTCCTATTTG-1:3.247)I29:2.776)I28:0,((TACGCTCCACCGTCGA-1:4.094,TTTGATCCAGTAACGG-1:1.992)I27:4.051,GGGTTATCAGCGTTTA-1:6.774)I26:1.226)I25:0.001)I24:2.004)I23:1.994,AAAGAACTCTTGCAGA-1:2)I22:0,((((((CTCATGCGTATATGGA-1:5.033,ATCGTGATCACTGCTC-1:2.033)I21:0.013,GCTACCTTCGCGTGAC-1:10.046)I20:2.986,(GGCGTCACAAGAATGT-1:6.745,GAAATGAGTGGACCAA-1:4.219)I19:3.356)I18:3.024,((GTTTGGAAGCAGCCCT-1:1.003,TGGGATTAGGTAAGTT-1:0.003)I17:3.096,ACGTTCCCACACCGAC-1:4.102)I16:6.912)I15:2.02,TTCTCTCAGCTCACTA-1:0.284)I14:1.17,(((ACACGCGTCGGCTGGT-1:1.376,TACCCACAGAGCTGCA-1:9.376)I13:2.659,((GTACAGTGTGCCGTTG-1:0,(AGCTCAACATGTCTAG-1:0,AGTCTCCTCCTGCCAT-1:0)I12:0)I11:0.001,CCATCACCAGACTGCC-1:3.001)I10:2.001)I9:0.002,(TTCTAACGTGCCGTTG-1:7.266,(CTATCCGGTACCTGTA-1:5.031,TGCGGGTTCTTCCACG-1:2.031)I8:9.235)I7:0.738)I6:2.997)I5:0.546)I4:0.001)I3:0.029,((GGCTTTCGTCTGTGTA-1:3.91,CGTCAAAGTTAAGACA-1:9.425)I2:9.415,AGTCATGAGTCTTCGA-1:13.13)I1:2.962)1:2.975)I0;
I0,0,0,0,0,0,0,0,0,0,0,0,0,0,0,0,0,0,0,0,0,0,0,0,0,0,0,0,0,0,0
1,0,0,0,0,0,0,0,0,0,0,0,0,0,0,0,0,0,0,0,0,0,0,0,0,0,0,0,0:0.01/-1:0.99,0:0.01/-1:0.99,0:0.01/-1:0.99
I1,0,0,0,0,0,0,0,0,0,0,0,0,0,0,0,0,0,0,0:0.36/-1:0.62/1:0.018/2:0.017/3:0.009/4:0.012/5:0.004/6:0.017/7:0.002/8:0.004/9:0.006/10:0.001/11:0.004/13:0.014/14:0.001/15:0.004/16:0.002/19:0.004/21:0.001/23:0.016/24:0.001,0:0.36/-1:0.62/1:0.017/2:0.018/3:0.001/4:0.002/5:0.002/7:0.018/8:0.012/10:0.004/12:0.01/13:0.003/14:0.006/15:0.001/16:0.015/17:0.007/18:0.018/19:0.012/20:0.001/22:0.004/23:0.001/24:0.004/25:0.011/27:0.003/28:0.003/29:0.002/30:0.001/31:0.004/32:0.008/33:0.002/34:0.001/36:0.003/37:0.002/38:0.004/39:0.002/40:0.001/42:0.002/43:0.002/44:0.01,0:0.36/-1:0.62/2:0.001/4:0.002,0,0:0.1/14:0.9,0,0,0:0.87/16:0.13,0,-1,-1,-1
AGTCATGAGTCTTCGA-1,0,10,0,14,20,0,14,20,1,0,18,0,14,21,0,17,25,0,-1,-1,-1,0,14,0,0,16,0,-1,-1,-1
I2,0,0:0.49/28:0.51,0,0,0,0,0,0,0,0,25,0,0,29,0,0:0.02/6:0.98,0:0.02/10:0.98,0,0:0.02/-1:0.97/1:0.009/2:0.009/3:0.005/4:0.006/5:0.002/6:0.008/7:0.001/8:0.002/9:0.003/11:0.002/13:0.007/15:0.002/16:0.001/19:0.002/23:0.008,0:0.02/-1:0.97/1:0.008/2:0.009/3:0.001/4:0.001/5:0.001/7:0.009/8:0.006/10:0.002/12:0.005/13:0.001/14:0.003/16:0.008/17:0.003/18:0.009/19:0.006/22:0.002/24:0.002/25:0.005/27:0.001/28:0.001/29:0.001/31:0.002/32:0.004/33:0.001/34:0.001/36:0.001/37:0.001/38:0.002/39:0.001/42:0.001/43:0.001/44:0.005,0:0.02/-1:0.97/4:0.001,0:0.02/6:0.98,14,0,0:0.07/-1:0.92/1:0.001/2:0.001/3:0.008/5:0.008/6:0.009/7:0.003/8:0.001/11:0.002/12:0.006/13:0.005/15:0.008/16:0.006,0:0.06/-1:0.92/16:0.02,0:0.07/-1:0.92/2:0.001/3:0.006,-1,-1,-1
CGTCAAAGTTAAGACA-1,-1,-1,-1,20,30,0,22,28,4,15,25,0,0,29,0,6,10,0,-1,-1,-1,6,14,0,-1,-1,-1,-1,-1,-1
GGCTTTCGTCTGTGTA-1,0,28,0,22,34,0,0,14,0,0,25,0,0,29,0,6,10,0,-1,-1,-1,6,14,0,-1,-1,-1,-1,-1,-1
I3,0,0,0,0,0,0,0,0,0,0,0,0,0,0,0,0,0,0,0,0,0,0,0,0,0,0,0,-1,-1,-1
I4,0,0,0,0,0,0,0,0,0,0,0,0,0,0,0,0,0,0,0,0,0,0,0,0,0,0,0,-1,-1,-1
I5,0,0,0,0,0,0,0,0,0,0,0,0,0,0,0,0,0,0,0,0,0,0,0,0,0:0.75/3:0.25,0:0.7/7:0.3,0,-1,-1,-1
I6,0,0,0,0,0,0,0,0,0,0,0,0,0,0,0,0,0,0,0,0,0,0,0,0,-1,-1,-1,-1,-1,-1
I7,0,0,0,0,0,0,0,0,0,0,0,0,0,0:0.26/10:0.74,0,0,0,0,0,0,0,0,0,0,-1,-1,-1,-1,-1,-1
I8,0:0.01/5:0.99,0:0.01/6:0.99,0,0,0,0,0,0,0,0,0,0,20,10,0,0:0.01/6:0.99,33,0,14,30,0,0:0.01/5:0.99,32,0,-1,-1,-1,-1,-1,-1
TGCGGGTTCTTCCACG-1,5,6,0,0,0,0,6,11,0,0,0,0,20,10,0,6,33,0,14,30,0,5,32,0,-1,-1,-1,-1,-1,-1
CTATCCGGTACCTGTA-1,5,6,5,0,0,0,0,10,0,-1,-1,-1,20,10,0,6,33,0,14,30,0,5,32,0,-1,-1,-1,-1,-1,-1
TTCTAACGTGCCGTTG-1,0,32,0,0,7,0,0,11,0,0,0,0,0,10,0,19,10,0,0,29,4,0,0,0,-1,-1,-1,-1,-1,-1
I9,0,0,0,0,0,0,0,0,0,0,0,0,0,0,0,0,0,0,0,0,0,0,0,0,-1,-1,-1,-1,-1,-1
I10,0,0,0,0,0,0,0,18,0,0,0,0,0,0,0,0,24,0,0,0,0,0,0,0,-1,-1,-1,-1,-1,-1
CCATCACCAGACTGCC-1,0,0,0,0,0,0,0,18,0,0,0,0,0,0,0,0,24,0,-1,-1,-1,0,0,0,-1,-1,-1,-1,-1,-1
I11,0,0,0,0,0,0,0,18,0,0,0,0,0,0,0,0,24,0,0,0,0,0,0,0,-1,-1,-1,-1,-1,-1
I12,0,0,0,0,0,0,0,18,0,0,0,0,0,0,0,0,24,0,0,0,0,0,0,0,-1,-1,-1,-1,-1,-1
AGTCTCCTCCTGCCAT-1,0,0,0,0,0,0,0,18,0,0,0,0,0,0,0,0,24,0,0,0,0,0,0,0,-1,-1,-1,-1,-1,-1
AGCTCAACATGTCTAG-1,0,0,0,0,0,0,0,18,0,0,0,0,0,0,0,0,24,0,0,0,0,0,0,0,-1,-1,-1,-1,-1,-1
GTACAGTGTGCCGTTG-1,0,0,0,0,0,0,0,18,0,0,0,0,0,0,0,0,24,0,0,0,0,0,0,0,-1,-1,-1,-1,-1,-1
I13,0,0,0,0,0,0,0,0,0,0,0,0,0,0,0,0,0,0,0:0.11/-1:0.87/1:0.018/2:0.017/3:0.009/4:0.012/5:0.004/6:0.017/7:0.002/8:0.004/9:0.006/10:0.001/11:0.004/13:0.014/14:0.001/15:0.004/16:0.002/19:0.004/21:0.001/23:0.016/24:0.001,0:0.11/-1:0.87/1:0.017/2:0.018/3:0.001/4:0.002/5:0.002/7:0.018/8:0.012/10:0.004/12:0.01/13:0.003/14:0.006/15:0.001/16:0.015/17:0.007/18:0.018/19:0.012/20:0.001/22:0.004/23:0.001/24:0.004/25:0.011/27:0.003/28:0.003/29:0.002/30:0.001/31:0.004/32:0.008/33:0.002/34:0.001/36:0.003/37:0.002/38:0.004/39:0.002/40:0.001/42:0.002/43:0.002/44:0.01,0:0.11/-1:0.87/2:0.001/4:0.002,0,0,0,-1,-1,-1,-1,-1,-1
TACCCACAGAGCTGCA-1,23,6,0,0,7,0,0,4,0,0,5,0,10,13,0,0,10,0,-1,-1,-1,0,40,0,-1,-1,-1,-1,-1,-1
ACACGCGTCGGCTGGT-1,0,0,0,0,0,0,0,13,0,0,0,0,0,0,0,0,0,0,-1,-1,-1,0,0,0,-1,-1,-1,-1,-1,-1
I14,0,0,0,0,0,0,0,0,0,0,0,0,0,0,0,0,0,0,0,0,0,0,0,0,0:0.21/3:0.79,0:0.07/7:0.93,0,-1,-1,-1
TTCTCTCAGCTCACTA-1,0,0,0,0,0,0,0,0,0,0,0,0,0,0,0,0,0,0,0,0,0,0,0,0,3,7,0,-1,-1,-1
I15,0,0,0,0,0,0,0,0,0,0,0,0,0,0,0,0,0,0,0,0,0,9,18,0,0:0.19/3:0.81,0:0.06/7:0.94,0,-1,-1,-1
I16,0,0,0,0,2,0,0,2,0,0,0:0.01/1:0.99,0,0,0,0,0,0:0.01/10:0.99,0,0,0,0,9,18,0,-1:0.97/3:0.03,-1:0.97/7:0.03,0:0.02/-1:0.97/2:0.001/3:0.006,-1,-1,-1
ACGTTCCCACACCGAC-1,0,0,0,0,2,0,0,2,0,2,1,0,0,0,0,0,10,0,-1,-1,-1,9,18,0,-1,-1,-1,-1,-1,-1
I17,0,0,0,0,2,0,0,2,0,0,1,0,0,0,0,0,10,0,0,0,0,-1,-1,-1,-1,-1,-1,-1,-1,-1
TGGGATTAGGTAAGTT-1,0,0,0,0,2,0,0,2,0,0,1,0,0,0,0,0,10,0,0,0,0,-1,-1,-1,-1,-1,-1,-1,-1,-1
GTTTGGAAGCAGCCCT-1,0,0,0,0,2,0,0,2,0,2,1,0,0,0,0,0,10,0,0,0,0,-1,-1,-1,-1,-1,-1,-1,-1,-1
I18,0,0:0.01/10:0.99,0,0,0,0,0,0:0.01/11:0.99,0,0,0,0,0,0:0.01/23:0.99,0,0,0,0,0,0,0,9,18,0,0:0.16/3:0.84,0:0.05/7:0.95,0,-1,-1,-1
I19,0:0.04/5:0.96,10,0,0,0:0.67/6:0.33,0,0:0.02/26:0.98,11,0,0,0,0,0,23,0,0,0,0,0,0:0.02/25:0.98,0,9,18,0,0:0.1/3:0.9,0:0.03/7:0.97,0,-1,-1,-1
GAAATGAGTGGACCAA-1,5,10,0,-1,-1,-1,26,11,0,0,30,0,0,23,0,0,0,0,0,25,0,9,18,0,3,7,0,-1,-1,-1
GGCGTCACAAGAATGT-1,5,10,0,0,6,0,26,11,0,4,0,0,0,23,0,3,11,0,0,25,0,9,18,0,-1,-1,-1,-1,-1,-1
I20,0,10,0,0,0,0,0,11,0,0,0,0,0,23,0,0,0,0,0,0,0,9,18,0,-1:0.98/3:0.02,-1:0.98/7:0.02,0:0.01/-1:0.98/2:0.001/3:0.006,-1,-1,-1
GCTACCTTCGCGTGAC-1,0,10,0,18,27,0,17,11,0,-1,-1,-1,0,23,0,10,8,0,1,37,0,9,18,0,-1,-1,-1,-1,-1,-1
I21,0,10,0,0,0,0,0,11,0,0,0,0,0,23,0,0,0,0,0,0,0,9,18,0,-1:0.99/3:0.01,-1:0.99/7:0.01,0:0.01/-1:0.99,-1,-1,-1
ATCGTGATCACTGCTC-1,0,10,0,0,0,0,0,11,0,0,0,0,0,23,0,0,0,0,2,16,0,9,18,0,-1,-1,-1,-1,-1,-1
CTCATGCGTATATGGA-1,0,10,0,0,7,0,23,11,0,0,1,0,0,23,0,0,2,0,0,25,0,9,18,0,-1,-1,-1,-1,-1,-1
I22,0,0,0,0,0,0,0,0,0,0,0,0,0,0,0,0,0,0,0,0,0,0,0,0,0,0,0,-1,-1,-1
AAAGAACTCTTGCAGA-1,0,0,0,0,0,0,0,0,0,0,0,0,0,0,0,0,0,0,0,2,0,0,0,0,0,1,0,-1,-1,-1
I23,0,0,0,0,2,0,0,0,0,0,0:0.01/1:0.99,0,0,0,0,0,0,0,0,0,0,0,0,0,0,0,0,-1,-1,-1
I24,0,0,0,0,2,0,0,0,0,0,1,0,0,2,0,0,2,0,0,0,0,0,0,0,0,0,0,-1,-1,-1
I25,0,0,0,0,2,0,0,0,0,0,1,0,0,2,0,0,2,0,0,0,0,0,0,0,0,0,0,-1,-1,-1
I26,0,0,0,0,2,0,0,0:0.03/10:0.97,0,0,1,0,0,2,0,0,2,0,0,0,0,0:0.87/8:0.13,0:0.87/2:0.13,0,0,0,0,-1,-1,-1
GGGTTATCAGCGTTTA-1,0,0,0,0,2,0,0,10,0,0,1,0,0,2,0,0,2,0,0,15,2,8,2,0,-1,-1,-1,-1,-1,-1
I27,0,0,0,0,2,0,0,10,0,0,1,0,0,2,0,0,2,0,0:0.45/24:0.55,0:0.45/2:0.55,0,0:0.02/-1:0.97/8:0.01,0:0.02/-1:0.97/2:0.01,0:0.03/-1:0.97,0,0,0,-1,-1,-1
TTTGATCCAGTAACGG-1,0,0,0,0,2,0,0,10,0,0,1,0,0,2,0,0,2,0,24,2,0,-1,-1,-1,0,27,0,-1,-1,-1
TACGCTCCACCGTCGA-1,0,0,0,0,2,0,0,10,0,0,1,0,0,2,0,0,2,0,-1,-1,-1,-1,-1,-1,0,3,0,-1,-1,-1
I28,0,0,0,0,2,0,0,0,0,0,1,0,0,2,0,0,2,0,0,0,0,0,0,0,0,0,0,-1,-1,-1
I29,0,0,0,0,2,0,0,0,0,0,1,0,0,2,0,0,2,0,0,0,0,0,0,0,0:0.07/-1:0.92/1:0.001/2:0.001/3:0.008/5:0.008/6:0.009/7:0.003/8:0.001/11:0.002/12:0.006/13:0.005/15:0.008/16:0.006,0:0.07/-1:0.92/1:0.009/2:0.001/3:0.006/4:0.002/5:0.009/6:0.001/7:0.004/9:0.001/10:0.001/11:0.003/12:0.001/14:0.009/15:0.004/16:0.008/17:0.005/18:0.005/19:0.002/20:0.003/22:0.001/23:0.001/24:0.003/25:0.006/26:0.005/27:0.003,0:0.07/-1:0.92/2:0.001/3:0.006,-1,-1,-1
TGAATCGTCCTATTTG-1,0,0,0,0,2,0,0,0,0,0,1,0,0,2,0,0,2,0,0,0,0,6,9,4,-1,-1,-1,-1,-1,-1
AAAGTGACAGCGGTCT-1,0,2,0,0,2,0,0,0,0,0,1,0,0,2,0,0,2,0,-1,-1,-1,0,2,0,-1,-1,-1,-1,-1,-1
I30,0,0,0,0,2,0,0,0,0,0,1,0,0,2,0,0,2,0,0,0,0,0,0,0,0,0,0,-1,-1,-1
I31,0,0,0,0,2,0,0,0,0,0,1,0,0,2,0,0,2,0,0,0,0,0,0,0,0,0,0,-1,-1,-1
I32,0,0,0,0,2,0,0,0,0,0,1,0,0,2,0,0,2,0,0,0:0.98/17:0.02,0,0,0,0,0,0,0,-1,-1,-1
ACTTCCGGTCGTGTTA-1,0,0,0,0,2,0,0,0,0,0,1,0,0,2,0,6,2,0,0,17,0,11,12,0,5,9,0,-1,-1,-1
I33,0,0,0,0,2,0,0,0,0,0,1,0,0,2,0,0,2,0,0:0.03/-1:0.96/1:0.009/2:0.009/3:0.005/4:0.006/5:0.002/6:0.008/7:0.001/8:0.002/9:0.003/11:0.002/13:0.007/15:0.002/16:0.001/19:0.002/23:0.008,0:0.03/-1:0.96/17:0.01,0:0.03/-1:0.96/4:0.001,0,0,0,0,0,0,-1,-1,-1
CCTTGTGAGAACTCCT-1,0,0,0,0,2,0,3,0,0,0,1,0,0,2,0,0,2,0,-1,-1,-1,6,30,0,13,16,0,-1,-1,-1
GTAATCGGTTGCTTGA-1,0,0,0,0,2,0,0,0,0,0,1,0,0,2,0,0,2,0,-1,-1,-1,0,0,0,0,23,0,-1,-1,-1
I34,0,0,0,0,2,0,0,0,0,0,1,0,0,2,0,0,2,0,0,0,0,0:0.01/2:0.99,0:0.01/3:0.99,0,0,0,0,-1,-1,-1
TCACGGGTCGGAATTC-1,0,0,0,0,2,0,0,0,0,19,1,0,0,2,0,0,2,0,-1,-1,-1,2,3,0,-1,-1,-1,-1,-1,-1
I35,0,0,0,0,2,0,0,0,0,0,1,0,0,2,0,0,2,0,0,0,0,2,3,0,0,0,0,-1,-1,-1
CCTTTGGAGCATGTTC-1,0,0,0,0,2,0,0,0,0,0,1,0,0,2,0,0,2,0,0,11,0,2,3,0,0,0,0,-1,-1,-1
TAAGTCGAGGATCATA-1,0,0,0,0,2,0,0,0,0,0,1,0,0,2,0,0,2,0,0,18,0,2,3,0,0,10,0,-1,-1,-1
I36,0,0,0,0,2,0,0,10,0,0,1,0,0,2,0,0,2,0,0,0,0,0,0,0,0,0,0,-1,-1,-1
AAGCATCCACTACACA-1,0,0,0,0,2,0,0,10,0,0,1,0,0,2,0,0,2,0,-1,-1,-1,-1,-1,-1,0,4,0,-1,-1,-1
I37,0,0,0,0,2,0,0,10,0,0,1,0,0,2,0,0,2,0,0,0,0,0,0,0,0:0.98/7:0.02,0:0.98/11:0.02,0,-1,-1,-1
AGAACCTAGAGTGACC-1,0,0,0,0,2,0,0,10,0,0,1,0,0,2,0,0,2,0,0,21,0,7,21,0,7,11,0,-1,-1,-1
I38,0,0,0,0,2,0,0,10,0,0,1,0,0,2,0,0,2,0,0,0,0,0,0,0,-1,-1,-1,-1,-1,-1
I39,0,0,0,0,2,0,0,10,0,0,1,0,0,2,0,0,2,0,0:0.96/7:0.04,0:0.96/16:0.04,0,0,0,0,-1,-1,-1,-1,-1,-1
ACCCAAAGTGGCCCAT-1,0,0,0,0,2,0,0,10,0,0,1,0,0,2,0,0,2,0,7,16,0,0,15,0,-1,-1,-1,-1,-1,-1
I40,0,0,0,0,2,0,0,10,0,0,1,0,0,2,0,0,2,0,-1,-1,-1,0,0,0,-1,-1,-1,-1,-1,-1
GTTGTCCCAAAGACGC-1,0,29,0,0,2,0,0,10,0,0,1,0,0,2,0,0,2,0,-1,-1,-1,0,0,0,-1,-1,-1,-1,-1,-1
I41,0,0,0,0,2,0,0,10,0,0,1,0,0,2,0,0,2,0,-1,-1,-1,0,0,0,-1,-1,-1,-1,-1,-1
CGTGCTTTCAGTCACA-1,0,0,0,0,2,0,0,10,0,0,1,0,0,2,0,0,2,0,-1,-1,-1,0,0,0,-1,-1,-1,-1,-1,-1
I42,0,0,0,0,2,0,0,10,0,0,1,0,0,2,0,0,2,0,-1,-1,-1,0,0,0,-1,-1,-1,-1,-1,-1
ACCAAACTCACTACTT-1,0,0,0,0,2,0,0,10,0,0,1,0,0,2,0,0,2,0,-1,-1,-1,0,0,0,-1,-1,-1,-1,-1,-1
CGACAGCTCATCCTAT-1,0,0,0,0,2,0,0,10,0,0,1,0,0,2,0,0,2,0,-1,-1,-1,0,0,0,-1,-1,-1,-1,-1,-1
TCTCAGCCACAGTACT-1,0,0,0,0,2,0,0,10,0,0,1,0,0,2,0,0,2,0,0,44,0,0,12,0,-1,-1,-1,-1,-1,-1
I43,0,0,0,0,2,0,0,0,0,0,1,0,0,2,0,0,2,0,-1,-1,-1,0,0,0,-1,-1,-1,-1,-1,-1
I44,0,0,0,0,2,0,0,10,0,0,1,0,0,2,0,0,2,0,-1,-1,-1,0,0,0,-1,-1,-1,-1,-1,-1
GTCGCGACACCTGCTT-1,0,0,0,0,2,0,31,10,0,0,1,0,0,2,0,0,2,0,-1,-1,-1,15,2,0,-1,-1,-1,-1,-1,-1
I45,0,0,0,0,2,0,0,10,0,0,1,0,0,2,0,0,2,0,-1,-1,-1,0,0,0,-1,-1,-1,-1,-1,-1
I46,0,0,0,0,2,0,0,10,0,0,1,0,0,2,0,0,2,0,-1,-1,-1,0,0,0,-1,-1,-1,-1,-1,-1
ATGAGGGAGGAACTCG-1,0,0,0,0,2,0,0,10,0,0,1,0,0,2,0,0,2,0,-1,-1,-1,17,25,0,-1,-1,-1,-1,-1,-1
I47,0,0,0,0,2,0,0,10,0,0,1,0,0,2,0,0,2,0,-1,-1,-1,0,0,0,-1,-1,-1,-1,-1,-1
TCCACGTCAACCACGC-1,0,0,0,0,2,0,0,10,0,0,1,0,0,2,0,0,2,0,-1,-1,-1,0,9,0,-1,-1,-1,-1,-1,-1
I48,0,0,0,0,2,0,0,10,0,0,1,0,0,2,0,0,2,0,-1,-1,-1,0,8,0,-1,-1,-1,-1,-1,-1
CCTCCAAAGGGACAGG-1,0,0,0,0,2,0,0,10,0,0,1,0,0,2,0,0,2,0,-1,-1,-1,15,8,0,-1,-1,-1,-1,-1,-1
GATAGAATCCACGAAT-1,0,0,0,0,2,0,0,10,0,0,1,0,0,2,0,0,2,0,-1,-1,-1,0,8,0,-1,-1,-1,-1,-1,-1
AGTAGCTGTACATACC-1,0,0,0,0,2,0,0,10,0,0,1,0,0,2,0,0,2,0,-1,-1,-1,3,7,0,-1,-1,-1,-1,-1,-1
I49,0,0,0,0,2,0,0,0,0,0,1,0,0,2,0,0,2,0,-1,-1,-1,0,0,0,-1,-1,-1,-1,-1,-1
CAGATACGTCCGGCAT-1,0,0,0,0,2,0,0,0,0,0,1,0,0,2,0,0,2,0,-1,-1,-1,-1,-1,-1,-1,-1,-1,-1,-1,-1
I50,0,0,0,0,2,0,0,0,0,0,1,0,0,2,0,0,2,0,-1,-1,-1,0,0,0,-1,-1,-1,-1,-1,-1
GTGCACGAGCCACTCG-1,0,0,0,0,2,0,0,0,0,0,1,0,0,2,0,0,2,0,-1,-1,-1,0,9,0,-1,-1,-1,-1,-1,-1
GTAACACCATATGAAG-1,0,0,0,0,2,0,0,0,0,0,1,0,0,2,0,6,2,0,-1,-1,-1,0,37,0,-1,-1,-1,-1,-1,-1
I51,0,0,0,0,2,0,0,2,0,0,1,0,0,0,0,0,10,0,0,0,0,0,0,0,0,0,0,-1,-1,-1
I52,0,0,0,0,2,0,0,2,0,0,1,0,0,0,0,0,10,0,0,0,0,0,0,0,0,0,0,-1,-1,-1
I53,0,0,0,0,2,0,0,2,0,0,1,0,0,0,0,0,10,0,-1,-1,-1,0,0,0,0,0,0,-1,-1,-1
CGATCGGGTTTCGTAG-1,0,0,0,0,2,0,0,2,0,0,1,0,19,0,0,0,10,0,-1,-1,-1,23,31,0,6,20,0,-1,-1,-1
I54,0,0,0,0,2,0,0,2,0,0,1,0,0,0,0,0,10,0,-1,-1,-1,0,0,0,0:0.97/12:0.03,0:0.97/5:0.03,0,-1,-1,-1
CCTCTCCCACAGGATG-1,0,0,0,0,2,0,0,2,0,0,1,0,0,0,0,0,10,0,-1,-1,-1,0,14,0,12,5,0,-1,-1,-1
CTCATTACACGGTAGA-1,0,0,0,0,2,0,0,2,0,0,1,0,0,0,0,0,10,0,-1,-1,-1,0,0,0,-1,-1,-1,-1,-1,-1
I55,0,0,0,0,2,0,0,2,0,0,1,0,0,0,0,0,10,0,0,0,0,0,0,0,0,0:0.66/10:0.34,0,-1,-1,-1
I56,0,0,0,0,2,0,0,2,0,0,1,0,0,0,0,0,10,0,0,0,0,0,0,0,0:0.02/-1:0.97/1:0.001/2:0.001/3:0.008/5:0.008/6:0.009/7:0.003/8:0.001/11:0.002/12:0.006/13:0.005/15:0.008/16:0.006,0:0.01/-1:0.97/10:0.02,0:0.02/-1:0.97/2:0.001/3:0.006,-1,-1,-1
I57,0,0,0,0,2,0,0,2,0,0,1,0,0,0,0,0,10,0,0:0.04/-1:0.96,0:0.04/-1:0.96,0:0.04/-1:0.96,0,0,0,-1,-1,-1,-1,-1,-1
GATTGGTAGATGGCGT-1,0,0,0,0,2,0,0,2,0,6,1,0,0,0,0,0,10,1,-1,-1,-1,5,34,0,-1,-1,-1,-1,-1,-1
TCCTCCCAGTTACGGG-1,0,0,0,0,2,0,0,2,0,0,1,0,0,0,0,0,10,0,-1,-1,-1,17,25,0,-1,-1,-1,-1,-1,-1
GACAGCCTCATTCACT-1,0,0,0,0,2,0,0,2,0,0,1,0,0,0,0,0,10,0,0,0,0,0,0,0,-1,-1,-1,-1,-1,-1
I58,0,0,0,0,2,0,0,2,0,0,1,0,0,0,0,0,10,0,0,0,0,0,0,0,0,10,0,-1,-1,-1
ACTTTCAAGGGTTTCT-1,0,0,0,0,2,0,0,2,0,0,1,0,0,0,0,0,10,0,0,20,0,12,20,0,6,10,0,-1,-1,-1
I59,0,0,0,0,2,0,0,2,0,0:0.03/2:0.97,1,0,0,0,0,0,10,0,0,0,0,0,0,0,0,10,0,-1,-1,-1
TCTGTCGTCTCGTGAA-1,0,0,0,0,2,0,0,2,0,2,1,0,0,0,0,0,10,0,0,0,0,2,3,0,0,10,0,-1,-1,-1
I60,0,0,0,0,2,0,0,2,0,2,1,0,0,0,0,0,10,0,0:0.41/9:0.59,0,0,0,0,0,0:0.01/-1:0.99,-1:0.99/10:0.01,0:0.01/-1:0.99,-1,-1,-1
ATCTCTAGTACCTAAC-1,0,0,0,0,2,0,0,2,0,2,1,0,0,0,0,0,10,0,9,0,0,0,0,0,-1,-1,-1,-1,-1,-1
I61,0,0,0,0,2,0,0,2,0,2,1,0,0,0,0,0,10,0,-1,-1,-1,0,0,0,-1,-1,-1,-1,-1,-1
GGGTATTAGTTGCCCG-1,0,0,0,0,2,0,0,2,0,2,1,0,0,0,0,0,10,0,-1,-1,-1,0,12,0,-1,-1,-1,-1,-1,-1
I62,0,0,0,0,2,0,0,2,0,2,1,0,0,0,0,0,10,0,-1,-1,-1,0,0,0,-1,-1,-1,-1,-1,-1
GTGGAAGGTTCTAACG-1,0,0,0,0,2,0,0,2,0,2,1,0,0,0,0,0,10,0,-1,-1,-1,0,0,0,-1,-1,-1,-1,-1,-1
GGGTAGATCCTCTTTC-1,0,0,0,0,2,0,0,2,0,2,1,0,0,0,0,0,10,0,-1,-1,-1,0,0,0,-1,-1,-1,-1,-1,-1
I63,0,0,0,0,2,0,0,2,0,0:0.01/2:0.99,1,0,0,0,0,0,10,0,0:0.47/2:0.53,0:0.47/5:0.53,0,0:0.47/3:0.53,0:0.47/7:0.53,0,0:0.03/-1:0.96/1:0.001/2:0.001/3:0.008/5:0.008/6:0.009/7:0.003/8:0.001/11:0.002/12:0.006/13:0.005/15:0.008/16:0.006,0:0.03/-1:0.96/1:0.009/2:0.001/3:0.006/4:0.002/5:0.009/6:0.001/7:0.004/9:0.001/10:0.001/11:0.003/12:0.001/14:0.009/15:0.004/16:0.008/17:0.005/18:0.005/19:0.002/20:0.003/22:0.001/23:0.001/24:0.003/25:0.006/26:0.005/27:0.003,0:0.03/-1:0.96/2:0.001/3:0.006,-1,-1,-1
TGTGTGAAGTCGTTAC-1,0,0,0,0,2,0,0,2,0,2,1,0,0,0,0,0,10,0,-1,-1,-1,-1,-1,-1,-1,-1,-1,-1,-1,-1
GGGCTACCAGCCTTCT-1,0,0,0,0,2,0,0,2,0,2,1,0,0,0,0,0,10,0,2,5,0,3,7,0,-1,-1,-1,-1,-1,-1
I64,0,0,0,0,0,0,0,0,0,0,0,0,0,0:0.13/2:0.87,0,0,0,0,0,0:0.82/13:0.18,0,0,0,0,0,0,0,-1,-1,-1
I65,0,0,0,0,2,0,0,0,0,0,1,0,0,2,0,0,2,0,-1,-1,-1,0,0,0,0:0.01/1:0.99,0:0.01/2:0.99,0,-1,-1,-1
I66,0,0,0,0,2,0,0,0,0,0,1,0,0,2,0,0,2,0,-1,-1,-1,0,0,0,-1,-1,-1,-1,-1,-1
AGATCCAAGCTAAACA-1,0,0,0,11,2,0,0,0,0,0,1,0,0,2,0,6,2,0,-1,-1,-1,0,0,0,-1,-1,-1,-1,-1,-1
GTTAGACAGGTAAACT-1,0,0,0,0,2,0,0,0,0,0,1,0,0,2,0,0,2,0,-1,-1,-1,0,0,0,-1,-1,-1,-1,-1,-1
I67,0,0,0,0,2,0,0,0,0,0,1,0,0,2,0,0,2,0,-1,-1,-1,0,0,0,1,2,0,-1,-1,-1
AAGACTCGTCGCCTAG-1,0,0,0,0,2,0,0,10,0,0,1,0,0,2,0,0,2,0,-1,-1,-1,6,11,0,1,2,0,-1,-1,-1
ACTGATGGTACAGAGC-1,0,0,0,0,2,0,0,0,0,0,1,0,0,2,2,0,2,0,-1,-1,-1,0,8,0,1,2,0,-1,-1,-1
I68,9,13,0,0,0,0,0,0,0,0,0,0,0,2,0,8,13,0,0,13,0,0,0,0,0,0:0.64/1:0.36,0,-1,-1,-1
I69,9,13,0,0,0,0,0,0,0,0,0,0,0:0.02/9:0.98,2,0,8,13,0,0:0.03/6:0.97,13,0,0,0,0,0,0:0.48/1:0.52,0,-1,-1,-1
I70,9,13,0,0,0,0,0,0,0,0,0,0,9,2,0,8,13,0,6,13,0,0,0,0,0:0.09/-1:0.9/1:0.001/2:0.001/3:0.008/5:0.008/6:0.009/7:0.003/8:0.001/11:0.002/12:0.006/13:0.005/15:0.008/16:0.006,0:0.04/-1:0.9/1:0.06,0:0.09/-1:0.9/2:0.001/3:0.006,-1,-1,-1
ACACGCGCACAGTACT-1,9,13,0,0,0,0,-1,-1,-1,6,1,0,9,2,0,8,13,0,6,13,0,0,13,0,-1,-1,-1,-1,-1,-1
CATCGTCAGTGGCAGT-1,9,13,0,0,0,0,0,0,0,0,0,0,9,2,0,8,13,0,6,13,0,3,7,0,-1,-1,-1,-1,-1,-1
TTCTAACTCCGATGCG-1,9,13,0,0,0,0,0,0,0,-1,-1,-1,9,2,0,8,13,0,6,13,0,0,0,0,0,1,0,-1,-1,-1
GATGGAGGTAGTACGG-1,9,13,0,3,7,0,7,34,0,0,0,0,4,2,0,8,13,0,17,13,0,0,0,0,-1,-1,-1,-1,-1,-1
(((((((AGCGCCATCTCAAAGC-1:2,GTACAACTCAAACCCA-1:1)I11:0,((CACCGTTGTCACGACC-1:3.04,GCACGTGCATAACGGG-1:0.791)I10:4.274,CACGTTCAGTGTGTTC-1:2.061)I9:0.939)I8:0.001,TCAGGGCCACTACAGT-1:9.001)I7:1.024,((AGATGCTTCCATTGCC-1:2,(GGCTTGGCAGTTTGGT-1:0,TCGAAGTCATCGCCTT-1:0)I6:0)I5:0.005,(TAGATCGTCGTTCGCT-1:3.551,CTGGACGCAGGTGAGT-1:6.07)I4:2.454)I3:2.02)I2:3.152,TCCTCCCTCGAGATGG-1:4.175)I1:2.849,GTTCTATAGTTGCGAG-1:8.002)22:2.998)I0;
I0,0,0,0,0,0,0,0,0,0,0,0,0,0,0,0,0,0,0,0,0,0,0,0,0,0,0,0,0,0,0
22,0,0,0,0,0,0,10,16,0,0,0,0,0,18,0,0,0,0,0,0,0,0,0,0,0,0,0,0,0,0
GTTCTATAGTTGCGAG-1,0,0,0,0,1,0,10,16,0,0,0,0,0,18,0,3,22,0,22,41,0,0,0,0,0,0,0,-1,-1,-1
I1,0,0,0,0,0,0,10,16,0,0,0,0,0,18,0,0,0,0,0,0,0,0,0,0,0:0.05/-1:0.94/1:0.001/2:0.001/3:0.008/5:0.008/6:0.009/7:0.003/8:0.001/11:0.002/12:0.006/13:0.005/15:0.008/16:0.006,0:0.05/-1:0.94/1:0.009/2:0.001/3:0.006/4:0.002/5:0.009/6:0.001/7:0.004/9:0.001/10:0.001/11:0.003/12:0.001/14:0.009/15:0.004/16:0.008/17:0.005/18:0.005/19:0.002/20:0.003/22:0.001/23:0.001/24:0.003/25:0.006/26:0.005/27:0.003,0:0.05/-1:0.94/2:0.001/3:0.006,0,0,0
TCCTCCCTCGAGATGG-1,0,30,0,0,0,0,10,16,0,0,0,0,0,18,0,0,22,0,0,0,0,0,5,2,-1,-1,-1,0,0,0
I2,0,0,0,0,0,0,10,16,0,0,0,0,0,18,0,0,0,0,0,0,0,0,0,0,-1,-1,-1,0:0.01/-1:0.99,0:0.01/-1:0.99,0:0.01/-1:0.99
I3,0,0,0,0,18,0,10,16,0,0,0,0,0,18,0,0,20,0,0,0,0,0,0,0,-1,-1,-1,-1,-1,-1
I4,0,0:0.04/7:0.96,0,0,18,0,10,16,0,0,0:0.03/15:0.97,0,0,18,0,0,20,0,0,0,0,0:0.74/6:0.26,0:0.74/2:0.26,0,-1,-1,-1,-1,-1,-1
CTGGACGCAGGTGAGT-1,0,7,0,0,18,0,10,16,0,0,15,0,0,18,0,0,20,0,-1,-1,-1,-1,-1,-1,-1,-1,-1,-1,-1,-1
TAGATCGTCGTTCGCT-1,0,7,0,23,18,0,10,16,0,0,15,0,0,18,0,19,20,0,0,0,0,6,2,0,-1,-1,-1,-1,-1,-1
I5,0,0,0,0,18,0,10,16,0,0,0,0,0,18,0,0,20,0,0,0,0,0,0,0,-1,-1,-1,-1,-1,-1
I6,0,0,0,0,18,0,10,16,0,0,0,0,0,18,0,0,20,0,0,0,0,0,0,0,-1,-1,-1,-1,-1,-1
TCGAAGTCATCGCCTT-1,0,0,0,0,18,0,10,16,0,0,0,0,0,18,0,0,20,0,0,0,0,0,0,0,-1,-1,-1,-1,-1,-1
GGCTTGGCAGTTTGGT-1,0,0,0,0,18,0,10,16,0,0,0,0,0,18,0,0,20,0,0,0,0,0,0,0,-1,-1,-1,-1,-1,-1
AGATGCTTCCATTGCC-1,0,0,0,0,18,0,10,16,0,0,0,0,0,18,0,0,20,0,0,0,0,13,9,0,-1,-1,-1,-1,-1,-1
I7,0,0,0,0,0,0,10,16,0,0,0,0,0,18,0,0,22,0,0,0,0,0,0,0,-1,-1,-1,-1,-1,-1
TCAGGGCCACTACAGT-1,0,0,0,0,33,0,10,16,0,22,38,0,0,18,0,26,22,0,-1,-1,-1,2,3,0,-1,-1,-1,-1,-1,-1
I8,0,0,0,0,0,0,10,16,0,0,0,0,0,18,0,0,22,0,0,0,0,0,0,0,-1,-1,-1,-1,-1,-1
I9,0,0,0,0:0.06/3:0.94,0,0,10,16,0,0,0,0,0,18,0,0,22,0,0,0,0,0,0,0,-1,-1,-1,-1,-1,-1
CACGTTCAGTGTGTTC-1,0,0,0,3,0,0,10,16,0,0,0,0,0,18,0,0,22,0,0,0,0,7,16,0,-1,-1,-1,-1,-1,-1
I10,0,0,0,3,0,0,10,16,0,0,0,0,0,18,0,0,22,0,0:0.01/-1:0.99,0:0.01/-1:0.99,0:0.01/-1:0.99,0:0.38/25:0.62,0:0.38/8:0.62,0,-1,-1,-1,-1,-1,-1
GCACGTGCATAACGGG-1,0,0,0,3,0,0,10,16,0,0,0,0,0,18,0,0,22,0,-1,-1,-1,25,8,0,-1,-1,-1,-1,-1,-1
CACCGTTGTCACGACC-1,0,0,0,3,0,0,10,16,0,0,0,0,0,18,0,0,22,0,-1,-1,-1,-1,-1,-1,-1,-1,-1,-1,-1,-1
I11,0,0,0,0,0,0,10,16,0,0,0,0,0,18,0,0,22,0,0,0,0,0,0,0,-1,-1,-1,-1,-1,-1
GTACAACTCAAACCCA-1,0,0,0,0,0,0,10,16,0,0,0,0,0,18,0,0,22,0,0,0,0,0,38,0,-1,-1,-1,-1,-1,-1
AGCGCCATCTCAAAGC-1,0,0,0,0,0,0,10,16,0,0,0,0,0,18,0,0,22,0,0,0,0,15,22,0,-1,-1,-1,-1,-1,-1
((((ATTCATCAGTCATAGA-1:10.027,TCATACTAGGCACCAA-1:2.027)I7:0.003,(AGCCACGTCCCATGGG-1:10.42,((TACTGCCCACATAACC-1:4.003,(CCACACTTCATACGGT-1:2.007,CTTCTCTCAGGTGAGT-1:2.007)I6:0.996)I5:2.013,(TTCCACGGTATGCTTG-1:0.006,GGCTGTGAGGGTTAGC-1:3.006)I4:4.009)I3:3.407)I2:3.639)I1:3.924,CTTGATTCACGTGTGC-1:19.662)25:2.406)I0;
I0,0,0,0,0,0,0,0,0,0,0,0,0,0,0,0,0,0,0,0,0,0,0,0,0,0,0,0,0,0,0
25,0,0,0,0,0,0,0,0,0,0,0,0,0,0,0,0,0,0,0,0,0,0,0,0,0:0.86/14:0.14,0:0.86/16:0.14,0,0:0.29/-1:0.68/1:0.024,0:0.29/-1:0.68/1:0.016/2:0.002/3:0.002/4:0.004,0:0.29/-1:0.68/1:0.03
CTTGATTCACGTGTGC-1,-1,-1,-1,9,7,0,25,32,0,16,29,0,23,2,0,10,24,0,16,33,0,0,5,2,14,16,0,-1,-1,-1
I1,0,0,0,0,0,0,0,0,0,0,0,0,0,0,0,0,0,0,0,0,0,0,0,0,0:0.01/-1:0.99,0:0.01/-1:0.99,0:0.01/-1:0.99,-1,-1,-1
I2,0,0,0,0,0:0.03/6:0.97,0,0,0,0,0,0,0,0,0,0,0,0,0,0:0.12/-1:0.87/1:0.009/2:0.009/3:0.005/4:0.006/5:0.002/6:0.008/7:0.001/8:0.002/9:0.003/11:0.002/13:0.007/15:0.002/16:0.001/19:0.002/23:0.008,0:0.12/-1:0.87/1:0.008/2:0.009/3:0.001/4:0.001/5:0.001/7:0.009/8:0.006/10:0.002/12:0.005/13:0.001/14:0.003/16:0.008/17:0.003/18:0.009/19:0.006/22:0.002/24:0.002/25:0.005/27:0.001/28:0.001/29:0.001/31:0.002/32:0.004/33:0.001/34:0.001/36:0.001/37:0.001/38:0.002/39:0.001/42:0.001/43:0.001/44:0.005,0:0.12/-1:0.87/4:0.001,0,0,0,-1,-1,-1,-1,-1,-1
I3,0,0,0,0,6,0,0,0,0,12,21,0,0,27,0,0,0,0,-1,-1,-1,0,0,0,-1,-1,-1,-1,-1,-1
I4,0,27,0,0,6,0,0,37,0,12,21,0,0,27,0,0,9,0,-1,-1,-1,0,36,0,-1,-1,-1,-1,-1,-1
GGCTGTGAGGGTTAGC-1,0,27,0,0,6,0,17,37,0,12,21,0,0,27,0,26,9,0,-1,-1,-1,27,36,0,-1,-1,-1,-1,-1,-1
TTCCACGGTATGCTTG-1,0,27,0,0,6,0,0,37,0,12,21,0,0,27,0,0,9,0,-1,-1,-1,0,36,0,-1,-1,-1,-1,-1,-1
I5,0,23,0,0,6,0,0,0,0,12,21,0,0,27,0,0,0,0,-1,-1,-1,0,27,0,-1,-1,-1,-1,-1,-1
I6,0,23,0,0,6,0,0,0,0,12,21,0,0,27,0,0,0:0.01/24:0.99,0,-1,-1,-1,0,27,0,-1,-1,-1,-1,-1,-1
CTTCTCTCAGGTGAGT-1,0,23,0,0,6,0,0,12,0,12,21,0,0,27,0,2,24,0,-1,-1,-1,0,27,0,-1,-1,-1,-1,-1,-1
CCACACTTCATACGGT-1,0,23,0,0,6,0,18,25,0,12,21,0,0,27,0,0,24,0,-1,-1,-1,0,27,0,-1,-1,-1,-1,-1,-1
TACTGCCCACATAACC-1,0,23,0,0,6,0,3,38,0,12,21,0,0,27,0,27,1,0,-1,-1,-1,0,27,0,-1,-1,-1,-1,-1,-1
AGCCACGTCCCATGGG-1,0,19,0,12,6,0,-1,-1,-1,0,17,0,0,19,0,0,21,0,-1,-1,-1,10,19,0,-1,-1,-1,-1,-1,-1
I7,0,0,0,0,0,0,0,0,0,0,0,0,0,0,0,0,0,0,0,0,0,0,0,0,-1:0.99/14:0.01,-1:0.99/16:0.01,0:0.01/-1:0.99,-1,-1,-1
TCATACTAGGCACCAA-1,0,0,0,0,0,0,0,0,0,0,0,0,0,0,0,0,0,0,23,7,0,0,0,0,-1,-1,-1,-1,-1,-1
ATTCATCAGTCATAGA-1,0,0,0,4,1,0,17,23,0,0,20,0,0,11,0,0,29,0,10,23,0,0,8,0,-1,-1,-1,-1,-1,-1
((((((((TCCCACAAGTTTGTCG-1:1,TCAGCCTAGTCACACT-1:1)I18:0,TTTATGCAGAAATTCG-1:1)I17:0,AGTTCGACACTGCGTG-1:3)I16:0.002,TTGACCCTCATGGTAC-1:3.002)I15:7.025,(GTCCACTCACAAGCTT-1:5.554,(TTACCGCGTATGTCAC-1:3.055,GTCTGTCCACCCTATC-1:0.486)I14:8.702)I13:2.42)I12:2.174,((((CTACCTGCAGCTTTGA-1:1.002,AGGCATTAGCTGGCCT-1:2.002)I11:0.004,TTACCATAGTGTTCAC-1:2.006)I10:3.118,TGAGGGAAGGTACTGG-1:1.424)I9:3.227,TTTGGTTAGTGACCTT-1:4.705)I8:5.908)I7:7.055,(((TTTGGAGGTTATTCTC-1:2.037,((GCCGATGCATCATTGG-1:0,TATCAGGTCTGGGTCG-1:2)I6:0.001,TCAATTCCAGAGTAAT-1:1.001)I5:1.036)I4:2.966,(AAGTTCGTCCTAGCTC-1:2,TTCTAGTCATGCCGAC-1:1)I3:0.001)I2:14.178,GGTCACGAGGTAAGTT-1:13.191)I1:0.025)26:2.809)I0;
I0,0,0,0,0,0,0,0,0,0,0,0,0,0,0,0,0,0,0,0,0,0,0,0,0,0,0,0,0,0,0
26,0,0,0,0,0,0,0,0,0,0,0,0,0,0,0,0,0,0,0,0,0,0,0,0,0,0,0,0:0.06/-1:0.93/1:0.008,0:0.06/-1:0.93/1:0.005/2:0.001/3:0.001/4:0.001,0:0.06/-1:0.93/1:0.01
I1,0,0,0,0,0,0,0,0,0,0,0,0,0,0,0,0,0,0,0,0:0.99/11:0.01,0,0,0,0,0,0,0,0:0.06/-1:0.94,0:0.06/-1:0.94,0:0.06/-1:0.94
GGTCACGAGGTAAGTT-1,0,0,0,0,0,0,10,16,0,0,18,0,0,18,0,0,22,0,-1,-1,-1,6,11,0,-1,-1,-1,-1,-1,-1
I2,0,12,1,5,10,0,6,11,0,0,10,0,7,12,0,3,12,0,0,11,0,2,3,0,0,0,0,-1,-1,-1
I3,0,12,1,5,10,0,6,11,0,0,10,0,7,12,0,3,12,0,0,11,0,2,3,0,0,0,0,-1,-1,-1
TTCTAGTCATGCCGAC-1,0,12,1,5,10,0,6,11,0,0,10,0,7,12,0,3,12,0,0,11,0,2,3,0,0,26,0,-1,-1,-1
AAGTTCGTCCTAGCTC-1,8,12,1,5,10,0,6,11,0,0,10,0,7,12,0,3,12,0,0,11,0,2,3,0,0,1,0,-1,-1,-1
I4,0,12,1,5,10,0,6,11,0,0,10,0,7,12,0,3,12,0,0,11,0,2,3,0,0:0.01/-1:0.99,0:0.01/-1:0.99,0:0.01/-1:0.99,-1,-1,-1
I5,22,12,1,5,10,0,6,11,0,0,10,0,7,12,0,3,12,0,0,11,0,2,3,0,-1,-1,-1,-1,-1,-1
TCAATTCCAGAGTAAT-1,22,12,1,5,10,0,6,11,0,0,10,0,7,12,4,3,12,0,0,11,0,2,3,0,-1,-1,-1,-1,-1,-1
I6,22,12,1,5,10,0,6,11,0,0,10,0,7,12,0,3,12,0,0,11,0,2,3,0,-1,-1,-1,-1,-1,-1
TATCAGGTCTGGGTCG-1,22,12,1,5,10,6,6,11,0,3,10,0,7,12,0,3,12,0,0,11,0,2,3,0,-1,-1,-1,-1,-1,-1
GCCGATGCATCATTGG-1,22,12,1,5,10,0,6,11,0,0,10,0,7,12,0,3,12,0,0,11,0,2,3,0,-1,-1,-1,-1,-1,-1
TTTGGAGGTTATTCTC-1,11,12,1,5,10,0,6,11,0,2,10,0,7,12,0,3,12,0,0,11,0,2,3,0,-1,-1,-1,-1,-1,-1
I7,0,0:0.01/7:0.99,0,0:0.01/6:0.99,0:0.01/7:0.99,0,13,19,0,0,0,0,0,0,0,0,0:0.01/8:0.99,0,0,0,0,0,0,0,0:0.11/3:0.89,0,0,-1,-1,-1
I8,0,7,0:0.1/3:0.9,6,7,0,13,19,0,0,0,0,13,20,0,16,8,0,0,0:0.54/7:0.46,0,0,0:0.01/12:0.99,0,0:0.06/3:0.94,0:0.54/1:0.46,0,-1,-1,-1
TTTGGTTAGTGACCTT-1,0,7,3,6,7,0,13,19,0,0,0,0,13,20,0,16,8,4,-1,-1,-1,0,12,0,3,1,0,-1,-1,-1
I9,0,7,0:0.01/3:0.99,6,7,0,13,19,0,0,0,0,13,20,0,16,8,0,0,0:0.3/7:0.7,0,0,12,0,-1:0.96/3:0.04,0:0.02/-1:0.96/1:0.02,0:0.03/-1:0.96/2:0.001/3:0.006,-1,-1,-1
TGAGGGAAGGTACTGG-1,0,7,3,6,7,0,13,19,0,7,0,0,13,20,0,16,8,0,0,7,0,0,12,0,-1,-1,-1,-1,-1,-1
I10,0,7,3,6,7,0,13,19,0,0,0,0,13,20,0,16,8,0,-1,-1,-1,0,12,0,-1,-1,-1,-1,-1,-1
TTACCATAGTGTTCAC-1,0,7,3,6,7,0,13,19,0,24,43,0,13,20,0,16,8,0,-1,-1,-1,0,12,0,-1,-1,-1,-1,-1,-1
I11,0,7,3,6,7,0,13,19,0,0,0,0,13,20,0,16,8,0,-1,-1,-1,0,12,0,-1,-1,-1,-1,-1,-1
AGGCATTAGCTGGCCT-1,13,7,3,6,7,0,13,19,0,0,12,0,13,20,0,16,8,0,-1,-1,-1,0,12,0,-1,-1,-1,-1,-1,-1
CTACCTGCAGCTTTGA-1,0,7,3,6,7,0,13,19,0,0,3,0,13,20,0,16,8,0,-1,-1,-1,0,12,0,-1,-1,-1,-1,-1,-1
I12,0,7,0,6,7,0,13,19,0,0,0,0,0,0:0.02/22:0.98,0,0,8,0,0,0,0,0,0:0.01/11:0.99,0,0:0.1/3:0.9,0:0.85/5:0.15,0,-1,-1,-1
I13,0,7,0,6,7,0,13,19,0,0,0:0.81/36:0.19,0:0.81/4:0.19,0,22,0,0:0.09/3:0.91,8,0,0,0,0,0:0.09/6:0.91,11,0,0:0.08/3:0.92,0:0.69/5:0.31,0,-1,-1,-1
I14,0,7,0,6,7,0,13,19,0,0:0.01/-1:0.99,0:0.01/-1:0.99,0:0.01/-1:0.99,9,22,0,3,8,0,0:0.22/21:0.78,0:0.22/40:0.78,0,6,11,0,-1:0.99/3:0.01,-1:0.99/5:0.01,0:0.01/-1:0.99,-1,-1,-1
GTCTGTCCACCCTATC-1,0,7,0,6,7,0,13,19,0,-1,-1,-1,9,22,0,3,8,0,21,40,0,6,11,0,-1,-1,-1,-1,-1,-1
TTACCGCGTATGTCAC-1,0,7,0,6,7,0,13,19,0,-1,-1,-1,9,22,0,3,8,0,-1,-1,-1,6,11,0,-1,-1,-1,-1,-1,-1
GTCCACTCACAAGCTT-1,0,7,0,6,7,0,13,19,0,0,36,4,27,22,0,3,8,0,20,1,0,6,11,0,3,5,0,-1,-1,-1
I15,14,7,0,6,7,0,13,19,0,0,0,0,8,22,0,19,8,0,0,1,0,0,11,0,-1,-1,-1,-1,-1,-1
TTGACCCTCATGGTAC-1,14,7,0,6,7,0,13,19,0,25,44,0,8,22,0,19,8,0,0,1,0,15,11,0,-1,-1,-1,-1,-1,-1
I16,14,7,0,6,7,0,13,19,0,0,0,0,8,22,0,19,8,0,0,1,0,0,11,0,-1,-1,-1,-1,-1,-1
AGTTCGACACTGCGTG-1,14,7,4,6,7,0,13,19,0,9,14,0,8,22,0,19,8,0,0,1,0,0,11,0,-1,-1,-1,-1,-1,-1
I17,14,7,0,6,7,0,13,19,0,0,0,0,8,22,0,19,8,0,0,1,0,0,11,0,-1,-1,-1,-1,-1,-1
TTTATGCAGAAATTCG-1,14,7,0,6,7,0,13,19,0,0,24,0,8,22,0,19,8,0,0,1,0,0,11,0,-1,-1,-1,-1,-1,-1
I18,14,7,0,6,7,0,13,19,0,0,0,0,8,22,0,19,8,0,0,1,0,0,11,0,-1,-1,-1,-1,-1,-1
TCAGCCTAGTCACACT-1,14,7,0,6,7,0,13,19,0,0,0,0,8,22,0,19,8,0,0,1,0,7,11,0,-1,-1,-1,-1,-1,-1
TCCCACAAGTTTGTCG-1,14,7,0,6,7,0,13,19,0,0,1,0,8,22,0,19,8,0,0,1,0,0,11,0,-1,-1,-1,-1,-1,-1
((((ATACCGACAAACTCTG-1:2.046,((GCTGGGTGTGCAATAA-1:0.001,GCCAGCAAGGGCAATC-1:4.001)I6:0.002,TATCTTGAGCTAAATG-1:6.004)I5:1.042)I4:3.219,CCGGTGACACTATGTG-1:7.476)I3:5.653,((CAGATCAGTGGAAGTC-1:8.615,CCCTCTCCACCGTCTT-1:4.168)I2:2.729,TTCATGTGTTATGACC-1:7.058)I1:2.258)27:7.919)I0;
I0,0,0,0,0,0,0,0,0,0,0,0,0,0,0,0,0,0,0,0,0,0,0,0,0,0,0,0,0,0,0
27,0,0:0.01/10:0.99,0,0,0,0,0,0,0,0:0.01/3:0.99,0:0.01/1:0.99,0,0,0,0,20,27,0,0,0,0,0,0,0,0,0,0,0:0.02/-1:0.97/1:0.008,0:0.02/-1:0.97/1:0.005/2:0.001/3:0.001/4:0.001,0:0.02/-1:0.97/1:0.01
I1,0,10,0,0:0.04/3:0.96,26,0,0,0,0,3,1,0,0,0,0,20,27,0,0,0:0.78/14:0.22,0,0,0,0,0,0,0,-1,-1,-1
TTCATGTGTTATGACC-1,18,10,0,3,26,0,0,5,0,3,1,0,0,2,0,20,27,0,-1,-1,-1,0,45,0,0,0,0,-1,-1,-1
I2,0,10,0,3,26,0,0,0,0,3,1,0,0,0,0,20,27,0,0,0:0.55/14:0.45,0,0,0,0,0:0.18/-1:0.8/1:0.001/2:0.001/3:0.017/5:0.016/6:0.018/7:0.005/8:0.002/9:0.001/10:0.001/11:0.004/12:0.012/13:0.009/15:0.016/16:0.012/17:0.001,0:0.18/-1:0.8/1:0.018/2:0.001/3:0.012/4:0.005/5:0.018/6:0.001/7:0.008/8:0.001/9:0.003/10:0.001/11:0.005/12:0.002/14:0.018/15:0.008/16:0.017/17:0.011/18:0.01/19:0.004/20:0.007/21:0.001/22:0.001/23:0.002/24:0.007/25:0.012/26:0.01/27:0.006,0:0.18/-1:0.8/1:0.001/2:0.002/3:0.011,-1,-1,-1
CCCTCTCCACCGTCTT-1,11,10,0,3,26,0,0,0,0,3,1,0,0,0,0,20,27,0,0,14,0,21,9,0,-1,-1,-1,-1,-1,-1
CAGATCAGTGGAAGTC-1,0,10,0,3,26,3,0,3,0,3,1,0,0,4,0,20,27,0,-1,-1,-1,7,12,0,-1,-1,-1,-1,-1,-1
I3,0,10,0,0:0.02/6:0.98,0:0.02/7:0.98,0,0,0,0,3,1,0,0,0,0,20,27,0,0,0:0.61/29:0.39,0:0.61/4:0.39,0,0,0,0:0.06/-1:0.93/1:0.001/2:0.001/3:0.008/5:0.008/6:0.009/7:0.003/8:0.001/11:0.002/12:0.006/13:0.005/15:0.008/16:0.006,0:0.06/-1:0.93/1:0.009/2:0.001/3:0.006/4:0.002/5:0.009/6:0.001/7:0.004/9:0.001/10:0.001/11:0.003/12:0.001/14:0.009/15:0.004/16:0.008/17:0.005/18:0.005/19:0.002/20:0.003/22:0.001/23:0.001/24:0.003/25:0.006/26:0.005/27:0.003,0:0.06/-1:0.93/2:0.001/3:0.006,-1,-1,-1
CCGGTGACACTATGTG-1,18,10,0,6,7,0,19,26,0,3,1,0,0,0,0,20,27,0,0,29,4,-1,-1,-1,-1,-1,-1,-1,-1,-1
I4,0,10,0,6,7,0,0,0,0,3,1,0,0,0,0,20,27,0,0:0.01/-1:0.99,0:0.01/-1:0.99,0:0.01/-1:0.99,0,0,0,-1,-1,-1,-1,-1,-1
I5,18,10,0,6,7,0,0,0,0,3,1,0,0,0,0,20,27,0,-1,-1,-1,0,0,0,-1,-1,-1,-1,-1,-1
TATCTTGAGCTAAATG-1,18,10,0,6,7,0,0,39,0,3,1,0,-1,-1,-1,20,27,0,-1,-1,-1,29,41,0,-1,-1,-1,-1,-1,-1
I6,18,10,0,6,7,0,0,0,0,3,1,0,0,0,0,20,27,0,-1,-1,-1,0,0,0,-1,-1,-1,-1,-1,-1
GCCAGCAAGGGCAATC-1,18,10,0,6,7,0,29,36,0,3,1,0,0,0,0,20,27,0,-1,-1,-1,26,35,0,-1,-1,-1,-1,-1,-1
GCTGGGTGTGCAATAA-1,18,10,0,6,7,0,0,0,0,3,1,0,0,0,0,20,27,0,-1,-1,-1,0,0,0,-1,-1,-1,-1,-1,-1
ATACCGACAAACTCTG-1,0,10,0,6,7,0,0,0,2,3,1,0,0,10,0,20,27,0,-1,-1,-1,0,0,0,-1,-1,-1,-1,-1,-1
((((((TCACTATTCGTGTGGC-1:1.004,CCACTTGAGTCTCTGA-1:0.004)I26:3.116,CACGTTCCACTTCATT-1:2.61)I25:3.406,((AGAAGCGAGCTCAGAG-1:6.002,((GTTGCTCCAAGGAGTC-1:1.006,GGTCTGGCACCGTCGA-1:2.006)I24:0.955,((CGGAGAATCTGTGCTC-1:3.012,GTTGCTCGTCTGTCCT-1:1.23)I23:1.774,(((ATTCCTACATTCTTCA-1:2,CCGATCTGTCACCCTT-1:0)I22:0,(TCGGGTGGTACCGGCT-1:1.001,TTTCGATAGAAGAACG-1:0.001)I21:0.999)I20:0.001,AACAACCGTCCCGGTA-1:4.001)I19:0.002)I18:2.998)I17:0.041)I16:0.998,((((GCTTCACCACCGAATT-1:0,ATGATCGCAACAAGTA-1:0)I15:1.001,(GTGGTTAAGCTGTACT-1:0,(((TCCGGGACAGGATGAC-1:0,CCGGACAGTGAGCCAA-1:0)I14:0,TGGTAGTGTTGATGTC-1:0)I13:0,TGCATCCCAAGAGTTA-1:0)I12:0)I11:0.001)I10:4.087,TCCTTTCAGGCGCTTC-1:0.524)I9:3.467,ATCTTCATCACTGCTC-1:4.98)I8:0.04)I7:0)I6:7.161,CACAGATGTCAAAGTA-1:18.161)I5:2.045,((GTCATTTAGTGTTGAA-1:9.115,((TGGGAGAAGAGCAAGA-1:5.025,GTCTCACCAGAGTCAG-1:7.025)I4:1.025,CACTAAGCAATTGGTC-1:7.049)I3:1.066)I2:3.958,ATCATTCGTACCGTGC-1:11.53)I1:4.675)3:2.811)I0;
I0,0,0,0,0,0,0,0,0,0,0,0,0,0,0,0,0,0,0,0,0,0,0,0,0,0,0,0,0,0,0
3,0,0,0,0,0,0,0,0,0,0,0,0,0,0,0,0,0,0,0,0,0,0,0,0,0,0,0,0:0.06/-1:0.93/1:0.008,0:0.06/-1:0.93/1:0.005/2:0.001/3:0.001/4:0.001,0:0.06/-1:0.93/1:0.01
I1,0:0.01/15:0.99,0:0.01/21:0.99,0,0,0,0,0,22,0,0,0,0,0,0,0,0,0,0,0,0,0,0,0:0.02/24:0.98,0,0:0.73/6:0.27,0:0.73/10:0.27,0,0:0.01/-1:0.99,0:0.01/-1:0.99,0:0.01/-1:0.99
ATCATTCGTACCGTGC-1,15,21,0,0,17,0,0,22,0,0,15,0,4,10,0,6,28,0,-1,-1,-1,15,24,0,6,10,0,-1,-1,-1
I2,15,21,0,0,0,0,0,22,0,0,0,0,0,0,0,0,15,0,0,0,0,0,24,0,0:0.02/-1:0.96/6:0.02,0:0.02/-1:0.96/10:0.02,0:0.03/-1:0.96/2:0.001/3:0.006,-1,-1,-1
I3,15,21,0,0,0,0,0,22,0,0,0,0,0,0:0.03/10:0.97,0,0,15,0,0,0,0,0,24,0,-1,-1,-1,-1,-1,-1
CACTAAGCAATTGGTC-1,15,21,0,17,7,0,15,22,0,0,0,0,17,10,0,0,15,0,0,27,3,7,24,0,-1,-1,-1,-1,-1,-1
I4,15,21,0,0,0,0,0,22,0,0,0,0,0,10,0,0,15,0,0,0:0.01/39:0.99,0,0,24,0,-1,-1,-1,-1,-1,-1
GTCTCACCAGAGTCAG-1,15,21,0,20,35,0,3,22,0,21,15,0,28,10,0,0,15,0,0,39,0,6,24,0,-1,-1,-1,-1,-1,-1
TGGGAGAAGAGCAAGA-1,15,21,0,8,13,0,0,22,0,0,1,0,4,10,0,12,15,0,0,39,0,0,24,0,-1,-1,-1,-1,-1,-1
GTCATTTAGTGTTGAA-1,15,21,0,20,1,0,26,22,0,20,35,0,26,34,0,0,15,0,19,38,0,0,24,0,-1,-1,-1,-1,-1,-1
I5,0,0,0,0:0.04/1:0.96,0:0.03/4:0.97,0,0,0,0,0,0,0,0,0,0,0,0,0,0,0,0,0,0,0,0,0,0,0:0.03/-1:0.97,0:0.03/-1:0.97,0:0.03/-1:0.97
CACAGATGTCAAAGTA-1,16,22,0,1,4,0,3,10,0,-1,-1,-1,16,24,0,18,26,0,12,26,0,18,26,0,-1,-1,-1,-1,-1,-1
I6,2,4,0,1,4,0,0,3,0,0,0,0,0,4,0,0,4,0,0,0,0,0,4,1,0,0,0,-1,-1,-1
I7,2,4,0,1,4,0,0,3,0,0,0,0,0,4,0,0,4,0,0,0,0,0,4,1,0,0,0,-1,-1,-1
I8,2,4,0,1,4,0,0,3,0,0,0,0,0,4,0,0,4,0,0,0:0.98/18:0.02,0,0,4,1,0,0:0.98/1:0.02,0,-1,-1,-1
ATCTTCATCACTGCTC-1,2,4,0,1,4,0,0,3,0,0,19,0,0,4,0,0,4,0,0,18,0,0,4,1,-1,-1,-1,-1,-1,-1
I9,2,4,0,1,4,0,0,3,0,0,0,0,0,4,0,0,4,0,0:0.03/-1:0.97,0:0.02/-1:0.97/18:0.01,0:0.03/-1:0.97,0,4,1,0,0:0.44/1:0.56,0,-1,-1,-1
TCCTTTCAGGCGCTTC-1,2,4,0,1,4,0,0,3,0,0,0,0,0,4,0,0,4,0,-1,-1,-1,0,4,1,0,1,0,-1,-1,-1
I10,2,4,0,1,4,0,0,3,0,0,3,0,0,4,0,0,4,0,-1,-1,-1,0,4,1,-1,-1,-1,-1,-1,-1
I11,2,4,0,1,4,0,0,3,0,0,3,0,0,4,0,0,4,0,-1,-1,-1,0,4,1,-1,-1,-1,-1,-1,-1
I12,2,4,0,1,4,0,0,3,0,0,3,0,0,4,0,0,4,0,-1,-1,-1,0,4,1,-1,-1,-1,-1,-1,-1
TGCATCCCAAGAGTTA-1,2,4,0,1,4,0,0,3,0,0,3,0,0,4,0,0,4,0,-1,-1,-1,0,4,1,-1,-1,-1,-1,-1,-1
I13,2,4,0,1,4,0,0,3,0,0,3,0,0,4,0,0,4,0,-1,-1,-1,0,4,1,-1,-1,-1,-1,-1,-1
TGGTAGTGTTGATGTC-1,2,4,0,1,4,0,0,3,0,0,3,0,0,4,0,0,4,0,-1,-1,-1,0,4,1,-1,-1,-1,-1,-1,-1
I14,2,4,0,1,4,0,0,3,0,0,3,0,0,4,0,0,4,0,-1,-1,-1,0,4,1,-1,-1,-1,-1,-1,-1
CCGGACAGTGAGCCAA-1,2,4,0,1,4,0,0,3,0,0,3,0,0,4,0,0,4,0,-1,-1,-1,0,4,1,-1,-1,-1,-1,-1,-1
TCCGGGACAGGATGAC-1,2,4,0,1,4,0,0,3,0,0,3,0,0,4,0,0,4,0,-1,-1,-1,0,4,1,-1,-1,-1,-1,-1,-1
GTGGTTAAGCTGTACT-1,2,4,0,1,4,0,0,3,0,0,3,0,0,4,0,0,4,0,-1,-1,-1,0,4,1,-1,-1,-1,-1,-1,-1
I15,2,4,0,1,4,0,0,3,0,0,3,0,4,4,0,0,4,0,-1,-1,-1,0,4,1,-1,-1,-1,-1,-1,-1
ATGATCGCAACAAGTA-1,2,4,0,1,4,0,0,3,0,0,3,0,4,4,0,0,4,0,-1,-1,-1,0,4,1,-1,-1,-1,-1,-1,-1
GCTTCACCACCGAATT-1,2,4,0,1,4,0,0,3,0,0,3,0,4,4,0,0,4,0,-1,-1,-1,0,4,1,-1,-1,-1,-1,-1,-1
I16,2,4,0,1,4,0,0,3,0,0,3,0,0,4,0,0,4,0,0,0,0,0,4,1,0,0,0,-1,-1,-1
I17,2,4,0,1,4,0,0,3,0,0,3,0,0,4,0,0,4,0,0,0,0,0,4,1,0,0:0.96/1:0.04,0,-1,-1,-1
I18,2,4,0,1,4,0,0,3,0,0,3,0,0,4,0,0,4,0,0,0,0,0,4,1,-1,-1,-1,-1,-1,-1
I19,2,4,0,1,4,0,0,3,0,0,3,0,0,4,0,0,4,0,0,0,0,0,4,1,-1,-1,-1,-1,-1,-1
AACAACCGTCCCGGTA-1,2,4,0,1,4,0,1,3,0,0,3,0,0,4,0,0,4,0,-1,-1,-1,0,4,1,-1,-1,-1,-1,-1,-1
I20,2,4,0,1,4,0,0,3,0,0,3,0,0,4,0,0,4,0,0,0,0,0,4,1,-1,-1,-1,-1,-1,-1
I21,2,4,0,1,4,0,0,3,0,0,3,0,0,4,0,0,4,0,0,7,0,0,4,1,-1,-1,-1,-1,-1,-1
TTTCGATAGAAGAACG-1,2,4,0,1,4,0,0,3,0,0,3,0,0,4,0,0,4,0,0,7,0,0,4,1,-1,-1,-1,-1,-1,-1
TCGGGTGGTACCGGCT-1,2,4,0,1,4,0,0,3,0,0,3,0,0,4,0,0,4,0,2,7,0,0,4,1,-1,-1,-1,-1,-1,-1
I22,2,4,0,1,4,0,0,3,0,0,3,0,0,4,0,0,4,0,0,0,0,0,4,1,-1,-1,-1,-1,-1,-1
CCGATCTGTCACCCTT-1,2,4,0,1,4,0,0,3,0,0,3,0,0,4,0,0,4,0,0,0,0,0,4,1,-1,-1,-1,-1,-1,-1
ATTCCTACATTCTTCA-1,2,4,0,1,4,0,0,3,0,0,3,0,0,4,0,0,4,0,11,24,0,0,4,1,-1,-1,-1,-1,-1,-1
I23,2,4,0,1,4,0,0,3,0,0,3,0,0:0.01/12:0.99,4,0,0,4,0,0:0.61/4:0.39,0:0.61/8:0.39,0,0,4,1,-1,-1,-1,-1,-1,-1
GTTGCTCGTCTGTCCT-1,2,4,0,1,4,0,0,3,0,0,3,0,12,4,0,0,4,0,4,8,0,0,4,1,-1,-1,-1,-1,-1,-1
CGGAGAATCTGTGCTC-1,2,4,0,1,4,0,0,3,0,0,3,0,12,4,0,0,4,0,-1,-1,-1,0,4,1,-1,-1,-1,-1,-1,-1
I24,2,4,0,1,4,0,0,3,0,0,3,0,0,4,0,0,4,0,0,0,0,0,4,1,0,0:0.01/1:0.99,0,-1,-1,-1
GGTCTGGCACCGTCGA-1,2,4,0,1,4,0,0,3,0,0,3,0,0,4,0,0,4,0,7,18,0,0,4,1,0,1,0,-1,-1,-1
GTTGCTCCAAGGAGTC-1,2,4,0,1,4,0,0,3,0,0,3,0,0,4,0,0,4,0,0,42,0,0,4,1,0,1,0,-1,-1,-1
AGAAGCGAGCTCAGAG-1,2,4,0,1,4,0,0,3,0,3,3,0,0,4,0,0,4,0,-1,-1,-1,0,4,1,8,12,0,-1,-1,-1
I25,2,4,0,1,4,0,0,3,0,0,0,0,0,4,0,0,4,0,0:0.03/-1:0.96/1:0.009/2:0.009/3:0.005/4:0.006/5:0.002/6:0.008/7:0.001/8:0.002/9:0.003/11:0.002/13:0.007/15:0.002/16:0.001/19:0.002/23:0.008,0:0.03/-1:0.96/1:0.008/2:0.009/3:0.001/4:0.001/5:0.001/7:0.009/8:0.006/10:0.002/12:0.005/13:0.001/14:0.003/16:0.008/17:0.003/18:0.009/19:0.006/22:0.002/24:0.002/25:0.005/27:0.001/28:0.001/29:0.001/31:0.002/32:0.004/33:0.001/34:0.001/36:0.001/37:0.001/38:0.002/39:0.001/42:0.001/43:0.001/44:0.005,0:0.03/-1:0.96/4:0.001,0,4,1,0,0:0.49/18:0.51,0,-1,-1,-1
CACGTTCCACTTCATT-1,2,4,0,1,4,0,0,3,0,12,21,0,0,4,0,0,4,0,-1,-1,-1,0,4,1,0,18,0,-1,-1,-1
I26,2,4,0,1,4,0,0,3,0,0,0,0,0,4,0,0,4,0,-1,-1,-1,0,4,1,-1,-1,-1,-1,-1,-1
CCACTTGAGTCTCTGA-1,2,4,0,1,4,0,0,3,0,0,0,0,0,4,0,0,4,0,-1,-1,-1,0,4,1,-1,-1,-1,-1,-1,-1
TCACTATTCGTGTGGC-1,2,4,0,1,4,0,0,3,0,0,0,0,0,4,0,28,4,0,-1,-1,-1,0,4,1,-1,-1,-1,-1,-1,-1
(((((TCTACATTCGAACGGA-1:6.028,CTGCCATGTTGTGCAT-1:1.028)I14:4.402,GCTTGGGCAGAGTGAC-1:9.427)I13:2.667,(((((TTACTGTAGGCCTGAA-1:0,GCCCGAAAGGGCAGTT-1:0)I12:1.023,((CTACCTGCATTAGGAA-1:0,TGTTACTAGGTGATAT-1:0)I11:3.015,GCCGATGTCTCCATAT-1:0.015)I10:1.008)I9:2.996,GGGTAGACAACGGCTC-1:1.018)I8:0.989,AGCCAGCAGCGTGTTT-1:2.008)I7:2.017,AACCACACATTCCTCG-1:5.025)I6:10)I5:0.006,((AGTGTTGTCATTGAGC-1:10.071,((ACAACCACAGACCGCT-1:4.873,ACCCTTGAGGCACTAG-1:5.852)I4:2.704,ATACCTTGTTGACGGA-1:10.187)I3:2.064)I2:2.173,AAGGAATGTAACAGGC-1:11.043)I1:5.474)5:2.972)I0;
I0,0,0,0,0,0,0,0,0,0,0,0,0,0,0,0,0,0,0,0,0,0,0,0,0,0,0,0,0,0,0
5,0,0,0,0,0,0,0,0,0,0,0,0,0,0,0,0,0,0,0,0,0,0,0,0,0,0,0,0:0.01/-1:0.99,0:0.01/-1:0.99,0:0.01/-1:0.99
I1,6,9,0,0,0,0,0,0,0,0,0,0,6,0:0.02/10:0.98,0,0,0,0,0,0,0,0,0:0.01/12:0.99,0,0:0.76/2:0.24,0:0.76/6:0.24,0,-1,-1,-1
AAGGAATGTAACAGGC-1,6,9,0,0,6,0,0,0,0,4,0,2,6,10,0,-1,-1,-1,0,9,0,7,12,0,-1,-1,-1,-1,-1,-1
I2,6,9,0,0,0,0,0,0,0,0,0:0.02/5:0.98,0,6,10,0,0,0,0,0,0:0.05/12:0.95,0,0,12,0,0:0.66/2:0.34,0:0.66/6:0.34,0,-1,-1,-1
I3,6,9,0,0,0,0,0,0:0.13/11:0.87,0,0,5,0,6,10,0,0,0:0.05/8:0.95,0,0,0:0.03/12:0.97,0,0,12,0,0:0.55/2:0.45,0:0.55/6:0.45,0,-1,-1,-1
ATACCTTGTTGACGGA-1,6,9,0,0,21,0,0,11,0,11,5,0,6,10,0,19,8,0,-1,-1,-1,15,12,0,-1,-1,-1,-1,-1,-1
I4,6,9,0,0,0,0,0:0.67/7:0.33,0:0.09/11:0.91,0,0:0.06/3:0.94,5,0,6,10,0,0,8,0,0,12,0,0:0.05/5:0.95,12,0,0:0.37/2:0.63,0:0.37/6:0.63,0,-1,-1,-1
ACCCTTGAGGCACTAG-1,6,9,0,8,13,0,-1,-1,-1,3,5,0,6,10,0,0,8,0,0,12,0,5,12,0,2,6,0,-1,-1,-1
ACAACCACAGACCGCT-1,6,9,0,0,0,0,7,11,0,3,5,0,6,10,0,7,8,0,0,12,0,5,12,0,-1,-1,-1,-1,-1,-1
AGTGTTGTCATTGAGC-1,6,9,0,-1,-1,-1,0,10,0,0,5,0,6,10,0,18,26,0,0,12,0,7,12,0,-1,-1,-1,-1,-1,-1
I5,0,0,0,0,0,0,0,0,0,0,0,0,0,0,0,0,0,0,0,0,0,0,0,0,0,0,0,0:0.01/-1:0.99,0:0.01/-1:0.99,0:0.01/-1:0.99
I6,0,6,0,0,6,0,0:0.01/3:0.99,5,0,0,0,0,2,6,0,2,6,0,0,4,0,0,6,0,0,0,0,-1,-1,-1
AACCACACATTCCTCG-1,0,6,0,0,6,0,3,5,0,0,5,0,2,6,0,2,6,0,1,4,0,0,6,0,-1,-1,-1,-1,-1,-1
I7,0,6,0,0:0.01/6:0.99,6,0,3,5,0,0,0,0,2,6,0,2,6,0,0,4,0,14,6,0,0,0,0,-1,-1,-1
AGCCAGCAGCGTGTTT-1,3,6,0,6,6,0,3,5,0,0,0,0,2,6,0,2,6,0,0,4,0,14,6,0,0,14,0,-1,-1,-1
I8,0,6,0,6,6,0,3,5,0,0,0:0.02/5:0.98,0,2,6,0,2,6,0,0,4,0,14,6,0,0,0,0,-1,-1,-1
GGGTAGACAACGGCTC-1,0,6,0,6,6,0,3,5,0,3,5,0,2,6,0,2,6,0,0,4,0,14,6,0,0,0,0,-1,-1,-1
I9,0,6,0,6,6,0,3,5,0,0,5,0,2,6,0,2,6,0,0,4,0,14,6,0,0:0.01/-1:0.99,0:0.01/-1:0.99,0:0.01/-1:0.99,-1,-1,-1
I10,0,6,0,6,6,0,3,5,0,0:0.01/3:0.99,5,0,2,6,0,2,6,0,0,4,0,14,6,0,-1,-1,-1,-1,-1,-1
GCCGATGTCTCCATAT-1,0,6,0,6,6,0,3,5,0,3,5,0,2,6,0,2,6,0,0,4,0,14,6,0,-1,-1,-1,-1,-1,-1
I11,0,6,0,6,6,0,3,5,0,3,5,0,2,6,0,2,6,0,-1,-1,-1,14,6,0,-1,-1,-1,-1,-1,-1
TGTTACTAGGTGATAT-1,0,6,0,6,6,0,3,5,0,3,5,0,2,6,0,2,6,0,-1,-1,-1,14,6,0,-1,-1,-1,-1,-1,-1
CTACCTGCATTAGGAA-1,0,6,0,6,6,0,3,5,0,3,5,0,2,6,0,2,6,0,-1,-1,-1,14,6,0,-1,-1,-1,-1,-1,-1
I12,0,6,0,6,6,0,3,5,0,18,5,0,2,6,0,2,6,0,0,4,0,14,6,0,-1,-1,-1,-1,-1,-1
GCCCGAAAGGGCAGTT-1,0,6,0,6,6,0,3,5,0,18,5,0,2,6,0,2,6,0,0,4,0,14,6,0,-1,-1,-1,-1,-1,-1
TTACTGTAGGCCTGAA-1,0,6,0,6,6,0,3,5,0,18,5,0,2,6,0,2,6,0,0,4,0,14,6,0,-1,-1,-1,-1,-1,-1
I13,0,0,0,0,0,0,0,0,0,0,0,0,0,0,0,0,0,0,0,0,0,0,0,0,0:0.12/-1:0.86/1:0.001/2:0.001/3:0.017/5:0.016/6:0.018/7:0.005/8:0.002/9:0.001/10:0.001/11:0.004/12:0.012/13:0.009/15:0.016/16:0.012/17:0.001,0:0.12/-1:0.86/1:0.018/2:0.001/3:0.012/4:0.005/5:0.018/6:0.001/7:0.008/8:0.001/9:0.003/10:0.001/11:0.005/12:0.002/14:0.018/15:0.008/16:0.017/17:0.011/18:0.01/19:0.004/20:0.007/21:0.001/22:0.001/23:0.002/24:0.007/25:0.012/26:0.01/27:0.006,0:0.12/-1:0.86/1:0.001/2:0.002/3:0.011,-1,-1,-1
GCTTGGGCAGAGTGAC-1,0,0,0,3,33,0,10,16,0,0,33,0,0,18,0,0,22,0,0,0,0,14,6,0,-1,-1,-1,-1,-1,-1
I14,0,26,0,0,31,0,0,30,0,0,0,0,0,0,0,0,0,0,0,0,0,0,0:0.01/2:0.99,0,-1:0.99/1:0.001/2:0.001/3:0.008/5:0.008/6:0.009/7:0.003/8:0.001/11:0.002/12:0.006/13:0.005/15:0.008/16:0.006,-1:0.99/1:0.009/2:0.001/3:0.006/4:0.002/5:0.009/6:0.001/7:0.004/9:0.001/10:0.001/11:0.003/12:0.001/14:0.009/15:0.004/16:0.008/17:0.005/18:0.005/19:0.002/20:0.003/22:0.001/23:0.001/24:0.003/25:0.006/26:0.005/27:0.003,-1:0.99/2:0.001/3:0.006,-1,-1,-1
CTGCCATGTTGTGCAT-1,0,26,0,0,31,0,0,30,6,0,0,0,0,0,0,0,0,0,0,0,0,0,2,0,-1,-1,-1,-1,-1,-1
TCTACATTCGAACGGA-1,0,26,0,25,31,0,0,30,0,0,41,0,0,0,0,0,38,0,-1,-1,-1,0,2,0,-1,-1,-1,-1,-1,-1
((((((ATCACTTGTTCCTTGC-1:1.004,(AGCCACGCAGCGGTTC-1:1.283,AACCTTTCAACCTAAC-1:3.015)I7:1.721)I6:1.043,GGGAGATCATCGGAGA-1:2.047)I5:3.32,TTAATCCGTACCGCGT-1:8.672)I4:4.41,CATTGAGAGCGGCTCT-1:10.805)I3:2.268,((AACTTCTGTACGCTAT-1:5.286,TAAGCACGTCCCACGA-1:11.044)I2:2.241,CATTCCGGTGAATGAT-1:8.072)I1:4.546)6:8.937)I0;
I0,0,0,0,0,0,0,0,0,0,0,0,0,0,0,0,0,0,0,0,0,0,0,0,0,0,0,0,0,0,0
6,0,8,0,0,0,0,0,0,0,0:0.01/3:0.99,7,0,4,8,0,0,0,0,0,0,0,0,8,0,0,0,0,0:0.02/-1:0.98,0:0.02/-1:0.98,0:0.02/-1:0.98
I1,4,8,0,0,0,0,0:0.01/5:0.99,8,0,3,7,0,4,8,0,0,0,0,0:0.73/3:0.27,0:0.73/7:0.27,0,0,8,0,0,0:0.06/3:0.94,0,-1,-1,-1
CATTCCGGTGAATGAT-1,4,8,0,19,28,0,5,8,0,3,7,0,4,8,0,23,8,0,-1,-1,-1,4,8,0,0,3,0,-1,-1,-1
I2,4,8,0,0,8,0:0.04/1:0.96,0:0.01/5:0.99,8,0,3,7,0,4,8,0,0,0,0,0:0.59/3:0.41,0:0.59/7:0.41,0,0,8,0,0,0:0.05/3:0.95,0,-1,-1,-1
TAAGCACGTCCCACGA-1,4,8,0,0,8,1,-1,-1,-1,3,7,0,4,8,0,9,0,0,-1,-1,-1,15,8,0,-1,-1,-1,-1,-1,-1
AACTTCTGTACGCTAT-1,4,8,0,3,8,1,5,8,0,3,7,0,4,8,0,5,8,0,3,7,0,4,8,0,0,3,0,-1,-1,-1
I3,0,8,0,0,8,0:0.05/1:0.95,0,0,0,3,7,0,4,8,0,0,0,0,0:0.87/13:0.13,0:0.87/2:0.13,0,0,8,0,0,0,0,-1:0.99/1:0.008,-1:0.99/1:0.005/2:0.001/3:0.001/4:0.001,-1:0.99/1:0.01
CATTGAGAGCGGCTCT-1,11,8,0,6,8,1,-1,-1,-1,3,7,0,4,8,0,21,7,0,13,2,0,0,8,0,11,19,0,-1,-1,-1
I4,4,8,0,0,8,0:0.03/1:0.97,0,0,0,3,7,0,4,8,0,0,0,0,0:0.08/-1:0.89/13:0.03,0:0.08/-1:0.89/2:0.03,0:0.1/-1:0.89/4:0.001,0,8,0,0:0.67/17:0.33,0:0.67/14:0.33,0,-1,-1,-1
TTAATCCGTACCGCGT-1,4,8,0,-1,-1,-1,7,40,0,3,7,0,4,8,0,3,7,0,-1,-1,-1,0,8,0,17,14,0,-1,-1,-1
I5,4,8,0,0,8,1,0,0,0,3,7,0,4,8,0,0,0,0,-1,-1,-1,0,8,0,0:0.01/-1:0.99,0:0.01/-1:0.99,0:0.01/-1:0.99,-1,-1,-1
GGGAGATCATCGGAGA-1,4,8,0,9,8,1,0,10,0,3,7,0,4,8,0,0,0,0,-1,-1,-1,0,8,0,-1,-1,-1,-1,-1,-1
I6,4,8,0,0,8,1,0,0,0,3,7,0,4,8,0,0,7,0,-1,-1,-1,0,8,0,-1,-1,-1,-1,-1,-1
I7,4,8,0,0,8,1,0:0.63/11:0.37,0:0.63/17:0.37,0,3,7,0,4,8,0,0:0.01/3:0.99,7,0,-1,-1,-1,0,8,0,-1,-1,-1,-1,-1,-1
AACCTTTCAACCTAAC-1,4,8,0,0,8,1,-1,-1,-1,3,7,0,4,8,0,3,7,0,-1,-1,-1,0,8,0,-1,-1,-1,-1,-1,-1
AGCCACGCAGCGGTTC-1,4,8,0,0,8,1,11,17,0,3,7,0,4,8,0,3,7,0,-1,-1,-1,0,8,0,-1,-1,-1,-1,-1,-1
ATCACTTGTTCCTTGC-1,4,8,0,15,8,1,0,0,0,3,7,0,4,8,0,0,7,0,-1,-1,-1,0,8,0,-1,-1,-1,-1,-1,-1
(((((CATACCCGTTGCATTG-1:6.074,AACTTCTCACTCTAGA-1:2.074)I10:1.928,(TTTCCTCCAATCAGCT-1:3,((TGCATCCAGATTCGCT-1:4.023,TTTCAGTGTCTTTATC-1:0.023)I9:0.977,ATCCTATAGACCTTTG-1:2)I8:0)I7:0.002)I6:3.074,ACCAAACAGTAAGAGG-1:6.445)I5:11.579,((((GTCATGAAGCGAATGC-1:0,CTCCTTTCAGGGAGAG-1:1)I4:0.006,CATGGATGTACACGTT-1:5.006)I3:1.051,CACTTCGGTACAGAGC-1:3.056)I2:2.993,TAAGCGTAGTTAGTGA-1:3.907)I1:15.11)7:1.04)I0;
I0,0,0,0,0,0,0,0,0,0,0,0,0,0,0,0,0,0,0,0,0,0,0,0,0,0,0,0,0,0,0
7,0,0,0,0,0,0,0,0,0,0,0,0,0,0,0,0,0,0,0,0,0,0,0,0,0,0,0,0:0.65/-1:0.33/1:0.016,0:0.65/-1:0.33/1:0.011/2:0.001/3:0.001/4:0.002,0:0.65/-1:0.33/1:0.02
I1,0,0,0,5,10,0,6,11,0,0,0,0,7,12,0,3,12,0,0,11,0,2,3,0,0:0.29/11:0.71,0:0.29/19:0.71,0:0.29/2:0.71,0:0.01/-1:0.99,0:0.01/-1:0.99,0:0.01/-1:0.99
TAAGCGTAGTTAGTGA-1,9,13,0,5,10,0,6,11,0,0,10,0,7,12,0,3,12,0,0,11,0,2,3,0,11,19,2,-1,-1,-1
I2,0,0,0,5,10,0,6,11,0,0,0,0,7,12,0,3,12,0,0,11,0,2,3,0,-1:0.98/11:0.02,-1:0.98/19:0.02,-1:0.98/2:0.02,-1,-1,-1
CACTTCGGTACAGAGC-1,0,0,0,5,10,0,6,11,0,13,22,3,7,12,0,3,12,0,0,11,0,2,3,0,-1,-1,-1,-1,-1,-1
I3,0,0,0,5,10,0,6,11,0,0,10,0,7,12,0,3,12,0,0,11,0,2,3,0,-1,-1,-1,-1,-1,-1
CATGGATGTACACGTT-1,3,15,0,5,10,0,6,11,0,14,10,0,7,12,2,3,12,0,1,11,0,2,3,0,-1,-1,-1,-1,-1,-1
I4,0,0,0,5,10,0,6,11,0,0,10,0,7,12,0,3,12,0,0,11,0,2,3,0,-1,-1,-1,-1,-1,-1
CTCCTTTCAGGGAGAG-1,0,25,0,5,10,0,6,11,0,0,10,0,7,12,0,3,12,0,0,11,0,2,3,0,-1,-1,-1,-1,-1,-1
GTCATGAAGCGAATGC-1,0,0,0,5,10,0,6,11,0,0,10,0,7,12,0,3,12,0,0,11,0,2,3,0,-1,-1,-1,-1,-1,-1
I5,0,0,0,0,0,0,4,7,0,0,0:0.01/1:0.99,0,5,9,1,0,0,0,0,6,1,0,0:0.01/9:0.99,0,0,0:0.37/1:0.63,0,0:0.01/-1:0.98/1:0.008,0:0.01/-1:0.98/1:0.005/2:0.001/3:0.001/4:0.001,0:0.01/-1:0.98/1:0.01
ACCAAACAGTAAGAGG-1,7,14,2,6,7,0,4,7,0,0,1,0,5,9,1,0,14,0,0,6,1,0,9,0,0,1,0,-1,-1,-1
I6,0,0,0,0,0,0,4,7,0,0,1,0,5,9,1,0,0,0,0,6,1,0,9,0,-1,-1,-1,-1,-1,-1
I7,0,0,0,0,0,0,4,7,0,0,1,0,5,9,1,0,0,0,0,6,1,0,9,0,-1,-1,-1,-1,-1,-1
I8,0,0,0,0,0,0,4,7,0,0,1,0,5,9,1,0,0,0,0,6,1,0,9,0,-1,-1,-1,-1,-1,-1
ATCCTATAGACCTTTG-1,0,0,0,0,23,0,4,7,0,0,1,0,5,9,1,0,24,0,0,6,1,0,9,0,-1,-1,-1,-1,-1,-1
I9,0,0:0.02/5:0.98,0,0,0,0,4,7,0,0,1,0,5,9,1,0,0,0,0,6,1,0,9,0,-1,-1,-1,-1,-1,-1
TTTCAGTGTCTTTATC-1,0,5,0,0,0,0,4,7,0,0,1,0,5,9,1,0,0,0,0,6,1,0,9,0,-1,-1,-1,-1,-1,-1
TGCATCCAGATTCGCT-1,0,5,0,0,21,0,4,7,0,0,1,0,5,9,1,-1,-1,-1,0,6,1,0,9,0,-1,-1,-1,-1,-1,-1
TTTCCTCCAATCAGCT-1,0,33,0,26,39,0,4,7,0,0,1,0,5,9,1,0,0,0,0,6,1,0,9,0,-1,-1,-1,-1,-1,-1
I10,0,0,0,0:0.04/4:0.96,0:0.03/7:0.97,0,4,7,0,0,1,0,5,9,1,0,0,0,0,6,1,0,9,0,-1,-1,-1,-1,-1,-1
AACTTCTCACTCTAGA-1,0,0,0,4,7,0,4,7,0,0,1,0,5,9,1,4,8,0,0,6,1,0,9,0,-1,-1,-1,-1,-1,-1
CATACCCGTTGCATTG-1,5,10,0,4,7,0,4,7,0,3,1,0,5,9,1,20,27,0,0,6,1,19,9,0,-1,-1,-1,-1,-1,-1
(((GTATTTCAGTGCGCTC-1:4.006,((TTGTTTGAGCCTGAAG-1:1,AAGGAATTCGCTCTAC-1:1)I3:0,ATTCCATCAGACAATA-1:3)I2:0.006)I1:3.047,CCAATTTCAGACTGCC-1:2.499)9:16.514)I0;
I0,0,0,0,0,0,0,0,0,0,0,0,0,0,0,0,0,0,0,0,0,0,0,0,0,0,0,0,0,0,0
9,0,10,0,0,0,0,3,11,0,5,9,0,0,10,0,3,10,0,5,10,0,2,3,0,0:0.22/3:0.78,0:0.22/7:0.78,0,0:0.01/-1:0.99,0:0.01/-1:0.99,0:0.01/-1:0.99
CCAATTTCAGACTGCC-1,0,10,0,0,29,4,3,11,0,5,9,0,0,10,0,3,10,0,5,10,0,2,3,0,3,7,0,-1,-1,-1
I1,0,10,0,0,0,0,3,11,0,5,9,0,0,10,0,3,10,0,5,10,0,2,3,0,-1,-1,-1,-1,-1,-1
I2,0,10,0,0,0,0,3,11,0,5,9,0,0,10,0,3,10,0,5,10,0,2,3,0,-1,-1,-1,-1,-1,-1
ATTCCATCAGACAATA-1,0,10,0,-1,-1,-1,3,11,0,5,9,0,0,10,0,3,10,0,5,10,0,2,3,0,-1,-1,-1,-1,-1,-1
I3,0,10,0,0,0,0,3,11,0,5,9,0,0,10,0,3,10,0,5,10,0,2,3,0,-1,-1,-1,-1,-1,-1
AAGGAATTCGCTCTAC-1,7,10,0,0,0,0,3,11,0,5,9,0,0,10,0,3,10,0,5,10,0,2,3,0,-1,-1,-1,-1,-1,-1
TTGTTTGAGCCTGAAG-1,0,10,0,0,0,0,3,11,0,5,9,0,30,10,0,3,10,0,5,10,0,2,3,0,-1,-1,-1,-1,-1,-1
GTATTTCAGTGCGCTC-1,0,10,0,0,0,0,3,11,0,5,9,0,0,10,0,3,10,2,-1,-1,-1,2,3,0,-1,-1,-1,-1,-1,-1
((((ATGTCTTCAGCTAACT-1:1.007,GAGATGGCAACGCATT-1:3.007)I15:1.202,TATATCCTCATAGCAC-1:7.07)I14:13.807,(((TGTTACTAGCGTTGTT-1:2.476,ATCAGGTTCCTCACCA-1:4.14)I13:6.697,(GTGTCCTTCCGCACGA-1:5.459,TAGTGCATCCGCATAA-1:6.669)I12:4.835)I11:4.874,(((TTTCATGTCAACCCGG-1:5.175,AAGGAATTCTTACACT-1:1.175)I10:2.852,(TTGTGTTCATGGCACC-1:5.01,TTCATTGCAATAACGA-1:2.01)I9:0.005)I8:2.99,((TTCTGTAAGATGAATC-1:4,((TCCCAGTCACATATGC-1:4,GAGTTACTCGACCTAA-1:4)I7:0,TCTGTCGAGACGAAGA-1:0)I6:0)I5:0.002,CTCAGGGCACACCTGG-1:6.002)I4:0.002)I3:9.052)I2:2.415)I1:0.01)I0;
I0,0,0,0,0,0,0,0,0,0,0,0,0,0,0,0,0,0,0,0,0,0,0,0,0,0,0,0,0,0,0
I1,0,0,0,0,0,0,0,0,0,0,0,0,0,0,0,0,0,0,0,0,0,0,0,0,0,0,0,0,0:0.99/4:0.01,0
I2,0,0:0.03/11:0.97,0,0,0,0,0,0,0,0,0,0,0,0,0,0,0:0.03/11:0.97,0,0:0.84/1:0.16,0:0.84/25:0.16,0,0,0,0,0,0,0,0,0:0.83/4:0.17,0
I3,0,11,0,0,9,0,0,0,0,4,0,0,0,0,0,3,11,0,-1,-1,-1,0,0,0,0,0,0,-1,-1,-1
I4,0,11,0,0,9,0,0,0,0,4,0,0,0,0,0,3,11,0,-1,-1,-1,0,0,0,0,0,0,-1,-1,-1
CTCAGGGCACACCTGG-1,0,11,0,0,9,0,0,5,0,4,13,0,21,2,0,3,11,0,-1,-1,-1,24,33,0,0,0,0,-1,-1,-1
I5,0,11,0,0,9,0,0,0,0,4,0,0,0,0,0,3,11,0,-1,-1,-1,0,0,0,0,0,0,-1,-1,-1
I6,0,11,0,0,9,0,0,0,0,4,0,0,0,0,0,3,11,0,-1,-1,-1,0,0,0,0,0,0,-1,-1,-1
TCTGTCGAGACGAAGA-1,0,11,0,0,9,0,0,0,0,4,0,0,0,0,0,3,11,0,-1,-1,-1,0,0,0,0,0,0,-1,-1,-1
I7,0,11,0,0,9,0,0,0,0,4,0,0,0,0,0,3,11,0,-1,-1,-1,0,0,0,0,0,0,-1,-1,-1
GAGTTACTCGACCTAA-1,0,11,0,0,9,0,27,33,0,4,0,0,0,0,0,3,11,0,-1,-1,-1,2,3,0,0,0,0,-1,-1,-1
TCCCAGTCACATATGC-1,0,11,0,0,9,0,0,11,0,4,0,0,9,17,0,3,11,0,-1,-1,-1,0,2,0,0,0,0,-1,-1,-1
TTCTGTAAGATGAATC-1,0,11,0,0,9,0,0,2,0,4,0,0,0,3,0,3,11,0,-1,-1,-1,31,12,0,0,0,0,-1,-1,-1
I8,0,11,0,0,9,0,0,0,0,4,0,0,0,0,0,3,11,0,-1,-1,-1,-1:0.99/2:0.006/4:0.006/5:0.009/6:0.008/7:0.008/8:0.003/9:0.001/10:0.001/13:0.001/14:0.002/15:0.009/17:0.003/18:0.001/19:0.001/21:0.001/23:0.008/24:0.001/25:0.003/29:0.001/31:0.007,-1:0.99/2:0.009/3:0.006/6:0.005/8:0.008/9:0.009/10:0.005/11:0.003/12:0.009/14:0.008/15:0.001/16:0.004/17:0.006/18:0.001/19:0.001/21:0.001/22:0.001/24:0.005/25:0.003/26:0.001/27:0.001/28:0.001/29:0.004/32:0.001/33:0.001/37:0.001/39:0.001/41:0.001/43:0.002/45:0.004,-1:0.99/4:0.006,0,0,0,-1,-1,-1
I9,0,11,0,0,9,0,0,0,0,4,0,0,0,0,0,3,11,0,-1,-1,-1,-1,-1,-1,0,0,0,-1,-1,-1
TTCATTGCAATAACGA-1,0,11,0,0,9,0,0,41,0,4,0,0,0,2,0,3,11,0,-1,-1,-1,-1,-1,-1,0,0,0,-1,-1,-1
TTGTGTTCATGGCACC-1,0,11,0,0,9,0,33,15,0,4,13,0,1,5,0,3,11,0,-1,-1,-1,-1,-1,-1,0,0,0,-1,-1,-1
I10,0,11,0,0,9,0,0:0.05/-1:0.94/3:0.009/5:0.001/6:0.008/7:0.008/9:0.002/13:0.002/14:0.001/15:0.008/17:0.009/19:0.003/20:0.001/21:0.002/23:0.003/25:0.001/26:0.005/27:0.001/29:0.001/32:0.007,0:0.05/-1:0.94/1:0.001/2:0.004/3:0.003/4:0.008/5:0.008/6:0.001/7:0.002/10:0.004/11:0.009/12:0.009/13:0.002/14:0.004/15:0.009/19:0.002/23:0.001/24:0.003/27:0.002/33:0.001/34:0.001/36:0.001/37:0.006/38:0.003/39:0.005/41:0.005,0:0.05/-1:0.94/7:0.006,4,0,0,0,0,0,3,11,0,-1,-1,-1,-1,-1,-1,0,0,0,-1,-1,-1
AAGGAATTCTTACACT-1,0,11,0,0,9,0,-1,-1,-1,4,0,0,0,11,0,3,11,0,-1,-1,-1,-1,-1,-1,0,0,0,-1,-1,-1
TTTCATGTCAACCCGG-1,0,11,0,0,9,0,-1,-1,-1,4,13,0,8,40,0,3,11,0,-1,-1,-1,-1,-1,-1,7,11,0,-1,-1,-1
I11,0,11,0,0,0,0,16,21,3,0,0,0,0,0,0,0,11,0,0:0.57/1:0.43,0:0.57/25:0.43,0,0,0,0,0,10,0,0,0:0.56/4:0.44,0
I12,0,11,0,0,0,0,16,21,3,0,0,0,0:0.55/29:0.45,0:0.55/35:0.45,0,0,11,0,0:0.05/-1:0.89/1:0.06,0:0.05/-1:0.89/25:0.06,0:0.09/-1:0.89/2:0.001/4:0.002,0,0,0,0:0.04/6:0.96,10,0,0,0:0.31/4:0.69,0
TAGTGCATCCGCATAA-1,0,11,0,0,0,0,16,21,3,4,37,0,-1,-1,-1,0,11,0,-1,-1,-1,0,21,0,6,10,0,0,4,0
GTGTCCTTCCGCACGA-1,0,11,0,0,0,0,16,21,3,0,0,0,29,35,0,0,11,0,-1,-1,-1,0,39,0,6,10,0,-1,-1,-1
I13,0,11,0,0,0,0,16,21,3,0,0,0,0,0,0,0,11,0,0:0.17/1:0.83,0:0.17/25:0.83,0,0:0.02/-1:0.98,0:0.02/-1:0.98,0:0.02/-1:0.98,0,10,0,0:0.02/-1:0.98,0:0.01/-1:0.98/4:0.01,0:0.02/-1:0.98
ATCAGGTTCCTCACCA-1,0,11,0,0,22,0,16,21,3,0,0,0,0,0,0,0,11,0,-1,-1,-1,-1,-1,-1,0,10,0,-1,-1,-1
TGTTACTAGCGTTGTT-1,0,11,0,0,0,0,16,21,3,0,15,0,0,0,0,0,11,0,1,25,0,-1,-1,-1,6,10,0,-1,-1,-1
I14,0,0,0,16,24,0,6,15,0,4,3,0,0,2,0,21,10,0,0,0:0.14/18:0.86,0,0,9,0,0,0,0,0:0.01/-1:0.99,0:0.01/-1:0.99,0:0.01/-1:0.99
TATATCCTCATAGCAC-1,0,2,0,16,24,0,6,15,0,4,3,0,0,2,0,21,10,0,-1,-1,-1,5,9,0,12,1,0,-1,-1,-1
I15,0,0,0,16,24,0,6,15,0,4,3,0,15,2,0,21,10,0,0,18,0,0,9,0,0,0,0,-1,-1,-1
GAGATGGCAACGCATT-1,0,7,0,16,24,0,6,15,0,4,3,0,15,2,0,21,10,0,0,18,0,0,9,0,2,6,0,-1,-1,-1
ATGTCTTCAGCTAACT-1,0,0,0,16,24,0,6,15,0,4,3,0,15,2,0,21,10,0,0,18,0,0,9,0,0,17,0,-1,-1,-1
(((((((AACCCAAAGAGATTCA-1:3,GTGAGGACAATGCTCA-1:1.955)I27:0.046,GGGTTATGTCCTGGTG-1:2)I26:0.007,GGTGTTACATCTCGTC-1:3.007)I25:3.149,TTTACTGTCTAGGCCG-1:3.164)I24:3.867,(CATTGCCCACGTCTCT-1:8.087,ACCGTTCGTAAGCAAT-1:2.107)I23:0.01)I22:12.869,(((((ACTGCAAGTGCATTTG-1:2.366,CCACACTGTGTGACCC-1:4.03)I21:1.634,(TATTCCACAGCAAGAC-1:4,(CAAGAGGCAGGACATG-1:3.011,CTCAAGAGTATGTGTC-1:1.011)I20:0.989)I19:0)I18:0,(((TTCGATTGTTAGGCCC-1:0,ATCACTTCATTGTGCA-1:0)I17:0.001,GAAACCTCAACGATTC-1:0.001)I16:3.003,((((CCTTGTGCAGTTAGGG-1:1,((TAACCAGAGTCGTTAC-1:0,ACACCAATCCATTTAC-1:0)I15:0,CCCATTGCATCGGCCA-1:1)I14:0)I13:0,GTGTTAGTCGCTGTTC-1:2)I12:0,TCAGTTTAGTTGCTCA-1:2)I11:0,CTCTGGTGTACCAATC-1:2)I10:0.003)I9:2.997)I8:3.042,((((TGCATGAAGATGACCG-1:6.046,ACGATCACAAGCCCAC-1:0.046)I7:1.172,GATCGTAAGAATAACC-1:8.216)I6:3.073,GGAGGATAGCGTTACT-1:5.84)I5:3.278,TGTTTGTAGGAGATAG-1:7.831)I4:2.211)I3:4.502,TCATGCCTCCTGGGTG-1:12.542)I2:3.513)I1:0.014)I0;
I0,0,0,0,0,0,0,0,0,0,0,0,0,0,0,0,0,0,0,0,0,0,0,0,0,0,0,0,0,0,0
I1,0,0,0,0,0,0,0,0,0,0,0,0,0,0,0,0,0,0,0,0,0,0,0,0,0,0,0,0,0:0.99/1:0.01,0
I2,0,0,0,0,0:0.04/6:0.96,0,0,0,0,0,0,0,0,0,0,0,0,0,0,0,0,0,0,0,0,0,0,0:0.15/-1:0.83/1:0.016,0:0.15/-1:0.83/1:0.02,0:0.15/-1:0.83/1:0.02
TCATGCCTCCTGGGTG-1,0,2,0,0,6,0,0,12,0,23,39,0,0,36,0,21,8,0,-1,-1,-1,0,43,0,0,1,0,-1,-1,-1
I3,0,0:0.01/6:0.99,0,0,6,0,0,0,0,0,0,0,0:0.01/8:0.99,0:0.01/2:0.99,0,0,0:0.01/1:0.99,0,0,0,0,0,0,0,0,0,0,-1,-1,-1
I4,0,6,0,0:0.05/9:0.95,6,0,0,0,0,0,0,0,8,2,0,0:0.05/6:0.95,1,0,0:0.86/2:0.14,0:0.86/19:0.14,0,0,0,0,0,0,0,-1,-1,-1
TGTTTGTAGGAGATAG-1,25,6,0,9,6,0,0,0,0,3,34,0,8,2,0,6,1,0,2,19,0,0,29,0,5,9,0,-1,-1,-1
I5,0,6,0,9,6,0,0,0,0,0,0,0,8,2,0,6,1,0,0:0.07/-1:0.91/2:0.02,0:0.07/-1:0.91/19:0.02,0:0.08/-1:0.91/4:0.001,0,0,0,0:0.78/3:0.22,0:0.78/20:0.22,0,-1,-1,-1
GGAGGATAGCGTTACT-1,0,6,0,9,6,0,3,11,0,19,34,0,8,2,0,6,1,0,-1,-1,-1,0,0,0,3,20,0,-1,-1,-1
I6,0,6,0,9,6,0,0,0,0,0,0,0,8,2,0,6,1,0,-1:0.99/2:0.01,-1:0.99/19:0.01,0:0.01/-1:0.99,0,0,0,0:0.05/-1:0.93/3:0.02,0:0.05/-1:0.93/20:0.02,0:0.06/-1:0.93/2:0.001/3:0.006,-1,-1,-1
GATCGTAAGAATAACC-1,21,6,0,9,6,0,-1,-1,-1,17,31,0,8,2,0,6,1,0,-1,-1,-1,2,3,0,-1,-1,-1,-1,-1,-1
I7,0:0.02/12:0.98,6,0,9,6,0,0,0,0,0,0,0,8,2,0,6,1,0,-1,-1,-1,0,0,0,0:0.01/-1:0.99,0:0.01/-1:0.99,0:0.01/-1:0.99,-1,-1,-1
ACGATCACAAGCCCAC-1,12,6,0,9,6,0,0,0,0,0,0,0,8,2,0,6,1,0,-1,-1,-1,0,0,0,-1,-1,-1,-1,-1,-1
TGCATGAAGATGACCG-1,12,6,0,9,6,0,-1,-1,-1,0,5,0,8,2,0,6,1,0,-1,-1,-1,30,44,0,-1,-1,-1,-1,-1,-1
I8,0,6,0,0,6,0,0,12,0,0,11,0,8,2,0,0,1,0,0,0,0,0,0,0,0,1,0,-1,-1,-1
I9,0,6,0,0,6,0,0,12,0,0,11,0,8,2,0,0,1,0,-1,-1,-1,0,0,0,0,1,0,-1,-1,-1
I10,0,6,0,0,6,0,0,12,0,0,11,0,8,2,0,0,1,0,-1,-1,-1,0,0,0,0,1,0,-1,-1,-1
CTCTGGTGTACCAATC-1,0,6,0,0,6,0,0,12,0,0,11,0,8,2,0,0,1,0,-1,-1,-1,11,12,0,0,1,0,-1,-1,-1
I11,0,6,0,0,6,0,0,12,0,0,11,0,8,2,0,0,1,0,-1,-1,-1,0,0,0,0,1,0,-1,-1,-1
TCAGTTTAGTTGCTCA-1,0,6,0,0,6,0,0,12,0,0,11,0,8,2,0,0,1,0,-1,-1,-1,18,26,0,0,1,0,-1,-1,-1
I12,0,6,0,0,6,0,0,12,0,0,11,0,8,2,0,0,1,0,-1,-1,-1,0,0,0,0,1,0,-1,-1,-1
GTGTTAGTCGCTGTTC-1,0,6,0,0,6,0,0,12,0,0,11,0,8,2,0,0,1,0,-1,-1,-1,28,2,0,0,1,0,-1,-1,-1
I13,0,6,0,0,6,0,0,12,0,0,11,0,8,2,0,0,1,0,-1,-1,-1,0,0,0,0,1,0,-1,-1,-1
I14,0,6,0,0,6,0,0,12,0,0,11,0,8,2,0,0,1,0,-1,-1,-1,0,0,0,0,1,0,-1,-1,-1
CCCATTGCATCGGCCA-1,0,6,0,0,6,0,0,12,0,0,11,0,8,2,0,0,1,0,-1,-1,-1,0,14,0,0,1,0,-1,-1,-1
I15,0,6,0,0,6,0,0,12,0,0,11,0,8,2,0,0,1,0,-1,-1,-1,0,0,0,0,1,0,-1,-1,-1
ACACCAATCCATTTAC-1,0,6,0,0,6,0,0,12,0,0,11,0,8,2,0,0,1,0,-1,-1,-1,0,0,0,0,1,0,-1,-1,-1
TAACCAGAGTCGTTAC-1,0,6,0,0,6,0,0,12,0,0,11,0,8,2,0,0,1,0,-1,-1,-1,0,0,0,0,1,0,-1,-1,-1
CCTTGTGCAGTTAGGG-1,0,6,0,0,6,0,0,12,0,0,11,0,8,2,0,0,1,0,-1,-1,-1,22,0,0,0,1,0,-1,-1,-1
I16,0,6,0,0,6,0,0,12,0,0,11,0,8,2,0,0,1,0,-1,-1,-1,-1,-1,-1,0,1,0,-1,-1,-1
GAAACCTCAACGATTC-1,0,6,0,0,6,0,0,12,0,0,11,0,8,2,0,0,1,0,-1,-1,-1,-1,-1,-1,0,1,0,-1,-1,-1
I17,0,6,0,0,6,0,0,12,0,0,11,0,8,2,0,0,1,0,-1,-1,-1,-1,-1,-1,0,1,0,-1,-1,-1
ATCACTTCATTGTGCA-1,0,6,0,0,6,0,0,12,0,0,11,0,8,2,0,0,1,0,-1,-1,-1,-1,-1,-1,0,1,0,-1,-1,-1
TTCGATTGTTAGGCCC-1,0,6,0,0,6,0,0,12,0,0,11,0,8,2,0,0,1,0,-1,-1,-1,-1,-1,-1,0,1,0,-1,-1,-1
I18,0,6,0,0,6,0,0,12,0,0,11,0,8,2,0,0,1,0,0,0,0,0,0,0,0,1,0,-1,-1,-1
I19,0,6,0,0,6,0,0,12,0,0,11,0,8,2,0,0,1,0,0,0,0,0,0,0,0,1,0,-1,-1,-1
I20,0,6,0,0,6,0,0,12,0,0,11,0,8,2,0,0,1,0,0,0,0,0,0:0.01/12:0.99,0,0,1,0,-1,-1,-1
CTCAAGAGTATGTGTC-1,0,6,0,0,6,0,0,12,0,0,11,0,8,2,0,0,1,0,0,18,0,0,12,0,0,1,0,-1,-1,-1
CAAGAGGCAGGACATG-1,0,6,0,0,6,0,0,12,0,0,11,0,8,2,0,0,1,0,1,25,0,7,12,0,0,1,0,-1,-1,-1
TATTCCACAGCAAGAC-1,0,6,0,0,6,0,0,12,0,0,11,0,8,2,0,0,1,0,9,43,0,6,42,0,0,1,0,-1,-1,-1
I21,0,6,0,0,6,0,0,12,0,0,11,0,8,2,0,0,1,0,0:0.03/2:0.97,0,0,0:0.67/10:0.33,0:0.67/19:0.33,0,0,1,0,-1,-1,-1
CCACACTGTGTGACCC-1,0,6,0,0,6,0,0,12,0,0,11,0,8,2,0,0,1,0,2,7,0,-1,-1,-1,0,1,0,-1,-1,-1
ACTGCAAGTGCATTTG-1,0,6,0,0,6,0,0,12,0,0,11,0,8,2,0,0,1,0,2,19,0,10,19,0,0,1,0,-1,-1,-1
I22,0,0:0.01/7:0.99,0,3,7,0,0,6,0,2,6,0,3,7,0,0,0,0,0,5,0,3,7,0,0,0:0.01/1:0.99,0,0,0:0.1/1:0.9,0
I23,0,0:0.01/7:0.99,0,3,7,0,0,6,0,2,6,0,3,7,0,0,0,0,0,5,0,3,7,0,0,0:0.01/1:0.99,0,0,0:0.09/1:0.91,0
ACCGTTCGTAAGCAAT-1,0,7,0,3,7,0,0,6,0,2,6,0,3,7,0,10,15,0,0,5,0,3,7,0,0,1,0,0,1,0
CATTGCCCACGTCTCT-1,-1,-1,-1,3,7,0,0,6,0,2,6,0,3,7,0,24,31,0,0,5,0,3,7,0,-1,-1,-1,0,1,0
I24,0,7,0,3,7,0,0,6,0,2,6,0,3,7,0,0,0,0,0:0.02/2:0.98,5,0,3,7,0,0,0:0.01/1:0.99,0,0:0.04/-1:0.95/1:0.008,-1:0.95/1:0.05,0:0.04/-1:0.95/1:0.01
TTTACTGTCTAGGCCG-1,0,7,0,3,7,0,7,6,0,2,6,0,3,7,0,30,42,0,2,5,0,3,7,0,0,1,0,-1,-1,-1
I25,0,7,0,3,7,0,0,6,0,2,6,0,3,7,0,0,0,0,2,5,0,3,7,0,-1,-1,-1,-1,-1,-1
GGTGTTACATCTCGTC-1,23,7,0,3,7,0,0,6,7,2,6,0,3,7,0,0,16,0,2,5,0,3,7,0,-1,-1,-1,-1,-1,-1
I26,0,7,0,3,7,0,0,6,0,2,6,0,3,7,0,0,0,0,2,5,0,3,7,0,-1,-1,-1,-1,-1,-1
GGGTTATGTCCTGGTG-1,20,7,0,3,7,0,30,6,0,2,6,0,3,7,0,0,0,0,2,5,0,3,7,0,-1,-1,-1,-1,-1,-1
I27,0,7,0,3,7,0,0,6,0,2,6,0,3,7,0,0,0:0.95/8:0.05,0,2,5,0,3,7,0,-1,-1,-1,-1,-1,-1
GTGAGGACAATGCTCA-1,0,7,0,3,7,0,32,6,0,2,6,0,3,7,0,0,8,0,2,5,0,3,7,0,-1,-1,-1,-1,-1,-1
AACCCAAAGAGATTCA-1,0,7,0,3,7,0,0,6,0,2,6,0,3,7,0,-1,-1,-1,2,5,0,3,7,0,-1,-1,-1,-1,-1,-1
(((((GAAACCTGTCATCGGC-1:5.01,CCTCCTCAGATACTGA-1:2.974)I40:0.045,GACCCAGGTGGTATGG-1:2.019)I39:3.002,TCGCTCATCTTCGGAA-1:1.31)I38:11.712,((((GCATGATAGTTGTACC-1:10.972,(TGAGGAGGTAGCCAGA-1:1.311,GCATCTCTCCACCCTA-1:5.032)I37:8.366)I36:3.408,TTCACCGCAAGCCTGC-1:18.982)I35:0.041,(TGAGGTTAGATCCTAC-1:8.112,((ACCCTTGTCAGGGATG-1:4.197,TTTACTGTCGATTGGT-1:2.736)I34:3.303,(TCAGTGAGTATTAAGG-1:6.127,GATTGGTAGGTCCGAA-1:4.127)I33:0.889)I32:2.096)I31:7.897)I30:0.992,(((((GACATCAAGAGTCAGC-1:0.667,CGCATGGAGAAGTATC-1:5.008)I29:4.342,(CCGGACAGTGGACTGA-1:9.003,((AACAAGAAGTCGGGAT-1:1.329,AAAGTGATCACCGCTT-1:5.005)I28:6.658,(GGGTATTGTCTGCAAT-1:0.003,TACACCCCATGTGACT-1:1.003)I27:7.001)I26:0.017)I25:0.005)I24:2.993,ACGGAAGGTCGCGGTT-1:14.978)I23:0.022,(((((GGATCTATCAGGCGAA-1:6.001,AGAGCCCCACTGCATA-1:1.935)I22:0.068,GCGGAAAAGAGGTCAC-1:4.004)I21:0.996,CTCAAGAGTGGTTTGT-1:2)I20:0,ATATCCTTCACATTGG-1:5)I19:1.007,TGGTAGTTCGCTTGAA-1:8.008)I18:4.992)I17:0,(((GTTACCCCAGGGATAC-1:0.005,(AACTTCTGTGGCTTAT-1:4.002,GTCACTCCATCGGTTA-1:1.907)I16:0.098)I15:9.405,TGATTCTCAACATACC-1:6.511)I14:9.556,((((((ACCATTTTCCTATTTG-1:0,TTCCTCTGTAGGCAGT-1:0)I13:0,(AGGTAGGGTATCATGC-1:0,AACCTTTAGACGGATC-1:0)I12:0)I11:0.001,TGAGGAGCAGGAATCG-1:0.001)I10:3.018,GGTGAAGGTCTTTCTA-1:1.263)I9:1.737,TTAATCCGTCGTACAT-1:3)I8:0,((GGAACCCGTGATGGCA-1:0,TGCTCCACAACACACT-1:0)I7:0,AACACACAGTTGTACC-1:0)I6:3)I5:14.971)I4:0.028)I3:0)I2:0.022)I1:2.98)I0;
I0,0,0,0,0,0,0,0,0,0,0,0,0,0,0,0,0,0,0,0,0,0,0,0,0,0,0,0,0,0,0
I1,0,0,0,0,0,0,0,0,0,0,0,0,0,0,0,0,0,0,0,0,0,0,0,0,0,0,0,0:0.01/-1:0.99,0:0.01/-1:0.99,0:0.01/-1:0.99
I2,0,0,0,0,0,0,0,0,0,0,0,0,0,0,0,0,0,0,0,0,0,0,0,0,0,0,0,-1,-1,-1
I3,0,0,0,0,0,0,0,0,0,0,0,0,0,0,0,0,0,0,0,0,0,0,0,0,0,0,0,-1,-1,-1
I4,0,0,0,0:0.99/2:0.01,0:0.99/5:0.01,0,0,0,0,0,0,0,0,0,0,0,0,0,0,0,0,0,0,0,0,0,0,-1,-1,-1
I5,0,5,0,2,5,0,2,4,0,1,4,0,1,5,0,1,5,0,0,0,0,0,5,2,1,2,0,-1,-1,-1
I6,0,5,0,2,5,0,2,4,0,1,4,0,1,5,0,1,5,0,-1,-1,-1,0,5,2,1,2,0,-1,-1,-1
AACACACAGTTGTACC-1,0,5,0,2,5,0,2,4,0,1,4,0,1,5,0,1,5,0,-1,-1,-1,0,5,2,1,2,0,-1,-1,-1
I7,0,5,0,2,5,0,2,4,0,1,4,0,1,5,0,1,5,0,-1,-1,-1,0,5,2,1,2,0,-1,-1,-1
TGCTCCACAACACACT-1,0,5,0,2,5,0,2,4,0,1,4,0,1,5,0,1,5,0,-1,-1,-1,0,5,2,1,2,0,-1,-1,-1
GGAACCCGTGATGGCA-1,0,5,0,2,5,0,2,4,0,1,4,0,1,5,0,1,5,0,-1,-1,-1,0,5,2,1,2,0,-1,-1,-1
I8,0,5,0,2,5,0,2,4,0,1,4,0,1,5,0,1,5,0,0,0,0,0,5,2,1,2,0,-1,-1,-1
TTAATCCGTCGTACAT-1,0,5,5,2,5,0,2,4,0,1,4,0,1,5,0,1,5,0,0,29,4,0,5,2,1,2,0,-1,-1,-1
I9,0:0.02/3:0.98,5,0,2,5,0,2,4,0,1,4,0,1,5,0,1,5,0,0,0:0.62/15:0.38,0:0.62/2:0.38,0,5,2,1,2,0,-1,-1,-1
GGTGAAGGTCTTTCTA-1,3,5,0,2,5,0,2,4,0,1,4,0,1,5,0,1,5,0,0,15,2,0,5,2,1,2,0,-1,-1,-1
I10,3,5,0,2,5,0,2,4,0,1,4,0,1,5,0,1,5,0,-1,-1,-1,0,5,2,1,2,0,-1,-1,-1
TGAGGAGCAGGAATCG-1,3,5,0,2,5,0,2,4,0,1,4,0,1,5,0,1,5,0,-1,-1,-1,0,5,2,1,2,0,-1,-1,-1
I11,3,5,0,2,5,0,2,4,0,1,4,0,1,5,0,1,5,0,-1,-1,-1,0,5,2,1,2,0,-1,-1,-1
I12,3,5,0,2,5,0,2,4,0,1,4,0,1,5,0,1,5,0,-1,-1,-1,0,5,2,1,2,0,-1,-1,-1
AACCTTTAGACGGATC-1,3,5,0,2,5,0,2,4,0,1,4,0,1,5,0,1,5,0,-1,-1,-1,0,5,2,1,2,0,-1,-1,-1
AGGTAGGGTATCATGC-1,3,5,0,2,5,0,2,4,0,1,4,0,1,5,0,1,5,0,-1,-1,-1,0,5,2,1,2,0,-1,-1,-1
I13,3,5,0,2,5,0,2,4,0,1,4,0,1,5,0,1,5,0,-1,-1,-1,0,5,2,1,2,0,-1,-1,-1
TTCCTCTGTAGGCAGT-1,3,5,0,2,5,0,2,4,0,1,4,0,1,5,0,1,5,0,-1,-1,-1,0,5,2,1,2,0,-1,-1,-1
ACCATTTTCCTATTTG-1,3,5,0,2,5,0,2,4,0,1,4,0,1,5,0,1,5,0,-1,-1,-1,0,5,2,1,2,0,-1,-1,-1
I14,0,0,0,0:0.09/-1:0.89/2:0.02,0:0.09/-1:0.89/5:0.02,0:0.09/-1:0.89/3:0.001/7:0.001,0,9,0,0,8,0,0,0,0,0,0:0.03/9:0.97,0,0:0.02/4:0.98,0:0.02/8:0.98,0,0,0:0.01/10:0.99,0,0:0.55/5:0.45,0:0.55/9:0.45,0,-1,-1,-1
TGATTCTCAACATACC-1,24,31,0,-1,-1,-1,0,9,0,0,8,0,4,17,0,23,9,0,4,8,0,0,10,0,5,9,0,-1,-1,-1
I15,5,2,0,-1,-1,-1,3,9,0,3,8,0,0,0,0,6,9,0,4,8,0,5,10,0,-1,-1,-1,-1,-1,-1
I16,5,2,0,-1,-1,-1,3,9,0,3,8,0,0:0.95/25:0.05,0:0.95/33:0.05,0,6,9,0,4,8,0,5,10,0,-1,-1,-1,-1,-1,-1
GTCACTCCATCGGTTA-1,5,2,0,-1,-1,-1,3,9,0,3,8,0,25,33,0,6,9,0,4,8,0,5,10,0,-1,-1,-1,-1,-1,-1
AACTTCTGTGGCTTAT-1,5,2,0,-1,-1,-1,3,9,0,3,8,1,-1,-1,-1,6,9,0,4,8,0,5,10,0,-1,-1,-1,-1,-1,-1
GTTACCCCAGGGATAC-1,5,2,0,-1,-1,-1,3,9,0,3,8,0,0,0,0,6,9,0,4,8,0,5,10,0,-1,-1,-1,-1,-1,-1
I17,0,0,0,0,0,0,0,0,0,0,0,0,0,0,0,0,0,0,0,0,0,0,0,0,0,0,0,-1,-1,-1
I18,0,18,0,0,0,0,0,0:0.01/11:0.99,0,10,16,0,0,0,0,0,18,0,0,0,0,0,0,0,0,0,0,-1,-1,-1
TGGTAGTTCGCTTGAA-1,0,18,0,0,0,0,0,11,0,10,16,0,0,17,0,0,18,0,16,33,0,2,3,0,-1,-1,-1,-1,-1,-1
I19,0,18,0,0,0,0,0,11,0,10,16,0,0,0,0,0,18,0,0,12,0,0,0,0,0,0,0,-1,-1,-1
ATATCCTTCACATTGG-1,0,18,0,0,0,0,0,11,0,10,16,0,0,10,0,0,18,0,0,12,0,0,13,0,-1,-1,-1,-1,-1,-1
I20,0,18,0,0,0,0,0,11,0,10,16,0,0,0,0,0,18,0,0,12,0,0,0,0,0,0,0,-1,-1,-1
CTCAAGAGTGGTTTGT-1,0,18,0,0,0,0,0,11,0,10,16,0,0,0,0,0,18,0,0,12,0,0,0,0,2,6,0,-1,-1,-1
I21,0,18,0,0,0,0,0,11,0,10,16,0,0,17,0,0,18,0,0,12,0,0,0,0,0,0,0,-1,-1,-1
GCGGAAAAGAGGTCAC-1,0,18,0,0,0,0,0,11,0,10,16,0,0,17,0,0,18,0,-1,-1,-1,0,0,0,0,3,0,-1,-1,-1
I22,0,18,0,0,0,0,0,11,0,10,16,0,0,17,0,0,18,0,0,12,0,0,0,0,0:0.97/9:0.03,0:0.97/13:0.03,0,-1,-1,-1
AGAGCCCCACTGCATA-1,0,18,0,0,0,0,0,11,0,10,16,0,0,17,0,0,18,0,0,12,0,0,0,0,9,13,0,-1,-1,-1
GGATCTATCAGGCGAA-1,0,18,0,0,0,0,0,11,0,10,16,0,0,17,0,0,18,0,0,12,0,-1,-1,-1,-1,-1,-1,-1,-1,-1
I23,0,0,0,0,0,0,0,0,0,0,0,0,0,0,0,0,0,0,0,0,0,0,0,0,0:0.99/3:0.01,0:0.99/7:0.01,0,-1,-1,-1
ACGGAAGGTCGCGGTT-1,0,17,0,0,15,0,9,14,0,0,3,0,8,2,0,11,16,0,1,18,0,7,16,0,3,7,0,-1,-1,-1
I24,0,0,0,0,0,0,0,0,0,0,0,0,0,0,0,0,0,0,0,0,0,0,0,0,-1,-1,-1,-1,-1,-1
I25,0,0,0,0,0,0,0,0,0,0,0,0,0,0,0,0,0,0,0,0,0,0,0,0,-1,-1,-1,-1,-1,-1
I26,0,0,0,0,0,0,0,0,0,0,0,0,0,0,0,0,0,0,0,0:0.98/3:0.02,0,0,0,0,-1,-1,-1,-1,-1,-1
I27,0,0,0,0,0,0,0,0,0,0,0,0,0,0,0,0,36,0,-1,-1,-1,-1,-1,-1,-1,-1,-1,-1,-1,-1
TACACCCCATGTGACT-1,0,0,0,0,0,0,0,0,0,0,18,0,0,0,0,0,36,0,-1,-1,-1,-1,-1,-1,-1,-1,-1,-1,-1,-1
GGGTATTGTCTGCAAT-1,0,0,0,0,0,0,0,0,0,0,0,0,0,0,0,0,36,0,-1,-1,-1,-1,-1,-1,-1,-1,-1,-1,-1,-1
I28,0,3,0,0,3,0,0,2,0,0,2,0,0,3,0,0,3,0,0,0:0.32/3:0.68,0,0,0,0,-1,-1,-1,-1,-1,-1
AAAGTGATCACCGCTT-1,0,3,0,0,3,0,0,2,0,0,2,0,0,3,0,0,3,0,-1,-1,-1,2,3,0,-1,-1,-1,-1,-1,-1
AACAAGAAGTCGGGAT-1,0,3,0,0,3,0,0,2,0,0,2,0,0,3,0,0,3,0,0,3,0,0,2,0,-1,-1,-1,-1,-1,-1
CCGGACAGTGGACTGA-1,0,5,0,0,0,0,0,2,0,0,23,0,0,0,0,-1,-1,-1,0,28,0,5,28,0,-1,-1,-1,-1,-1,-1
I29,0,24,0,0,0,0,21,27,0,0,0,0,0,0,0,0:0.33/14:0.67,0:0.33/19:0.67,0,0,0,0,0,0,0,-1,-1,-1,-1,-1,-1
CGCATGGAGAAGTATC-1,0,24,0,0,0,0,21,27,0,0,0,0,0,10,0,-1,-1,-1,0,0,0,0,2,0,-1,-1,-1,-1,-1,-1
GACATCAAGAGTCAGC-1,0,24,0,0,0,0,21,27,0,0,0,0,0,0,0,14,19,0,0,0,0,0,0,0,-1,-1,-1,-1,-1,-1
I30,0,0,0,0,0,0,0,0,0,0,0,0,0,0,0,0,0,0,0,0,0,0,0:0.01/2:0.99,0,0,0,0,-1,-1,-1
I31,0:0.01/11:0.99,0:0.01/7:0.99,0:0.07/3:0.93,0,14,0,0,0:0.01/5:0.99,0,8,13,0,0,0,0,0,0,0,0,17,0,0,2,0,0,0,0,-1,-1,-1
I32,11,7,0:0.01/3:0.99,0:0.01/4:0.99,14,0,8,5,0,8,13,0,0,0,0,0,0,0,0,17,0,0,2,0,0,0,0,-1,-1,-1
I33,11,7,3,4,14,0,8,5,0,8,13,0,0,0:0.12/2:0.88,0,0,0,0,0,17,0,0,2,0,0,0,0,-1,-1,-1
GATTGGTAGGTCCGAA-1,11,7,3,4,14,0,8,5,0,8,13,0,0,2,0,6,33,0,0,17,0,0,2,0,6,20,0,-1,-1,-1
TCAGTGAGTATTAAGG-1,11,7,3,4,14,0,8,5,0,8,13,0,8,2,0,10,8,0,0,17,0,0,2,0,5,14,3,-1,-1,-1
I34,11,7,3,4,14,0,8,5,0,8,13,0,0,0,0,0,0:0.54/41:0.46,0,0,17,0,0,2,0,0:0.06/-1:0.93/1:0.001/2:0.001/3:0.008/5:0.008/6:0.009/7:0.003/8:0.001/11:0.002/12:0.006/13:0.005/15:0.008/16:0.006,0:0.06/-1:0.93/1:0.009/2:0.001/3:0.006/4:0.002/5:0.009/6:0.001/7:0.004/9:0.001/10:0.001/11:0.003/12:0.001/14:0.009/15:0.004/16:0.008/17:0.005/18:0.005/19:0.002/20:0.003/22:0.001/23:0.001/24:0.003/25:0.006/26:0.005/27:0.003,0:0.06/-1:0.93/2:0.001/3:0.006,-1,-1,-1
TTTACTGTCGATTGGT-1,11,7,3,4,14,0,8,5,0,8,13,0,31,39,0,0,41,0,0,17,0,0,2,0,-1,-1,-1,-1,-1,-1
ACCCTTGTCAGGGATG-1,11,7,3,4,14,0,8,5,0,8,13,0,0,15,0,-1,-1,-1,0,17,0,0,2,0,-1,-1,-1,-1,-1,-1
TGAGGTTAGATCCTAC-1,11,7,3,0,14,0,0,5,0,8,13,0,-1,-1,-1,3,8,0,0,17,0,0,2,0,-1,-1,-1,-1,-1,-1
I35,0,0,0,0,0,0,0,0,0,0,0,0,0,0,0,0,0,0,0,0:0.99/36:0.01,0,0,2,0,0:0.99/7:0.01,0:0.99/11:0.01,0,-1,-1,-1
TTCACCGCAAGCCTGC-1,20,5,0,9,38,0,-1,-1,-1,1,4,0,21,38,0,29,40,0,-1,-1,-1,23,2,0,7,11,0,-1,-1,-1
I36,0,0,0,0,0,0,0,0,0,0:0.1/6:0.9,0,0,0,0,0,0,0,0,0,0:0.7/36:0.3,0,0,2,0,0:0.26/-1:0.71/7:0.03,0:0.26/-1:0.71/11:0.03,0:0.26/-1:0.71/1:0.001/2:0.003/3:0.017,-1,-1,-1
I37,0,0:0.01/10:0.99,0,21,32,0,28,35,0,6,32,0,0,0,0,0,0:0.28/33:0.72,0,0,36,0,0,2,0,-1:0.99/7:0.01,-1:0.99/11:0.01,-1:0.99/2:0.001/3:0.006,-1,-1,-1
GCATCTCTCCACCCTA-1,0,10,0,21,32,0,28,35,0,6,32,0,24,11,0,-1,-1,-1,0,36,0,0,2,0,-1,-1,-1,-1,-1,-1
TGAGGAGGTAGCCAGA-1,0,10,0,21,32,0,28,35,0,6,32,0,0,37,0,0,33,0,0,36,0,0,2,0,-1,-1,-1,-1,-1,-1
GCATGATAGTTGTACC-1,0,27,0,3,1,5,0,0,0,6,15,0,0,32,0,0,35,0,-1,-1,-1,0,2,0,-1,-1,-1,-1,-1,-1
I38,0,0,0,0,1,0,20,11,0,2,24,0,18,28,0,12,32,0,0,0,0,15,29,0,0,0:0.29/1:0.71,0,-1,-1,-1
TCGCTCATCTTCGGAA-1,0,0,0,0,1,0,20,11,0,2,24,0,18,28,0,12,32,0,0,18,0,15,29,0,0,1,0,-1,-1,-1
I39,0,0,0,0,1,0,20,11,0,2,24,0,18,28,0,12,32,0,0,0,0,15,29,0,0:0.01/-1:0.99,-1:0.99/1:0.01,0:0.01/-1:0.99,-1,-1,-1
GACCCAGGTGGTATGG-1,0,27,0,0,1,0,20,11,0,2,24,0,18,28,0,12,32,0,0,18,0,15,29,0,-1,-1,-1,-1,-1,-1
I40,0,0,0,0,1,0,20,11,0,2,24,0,18,28,0,12,32,0,0,0:0.96/17:0.04,0,15,29,0,-1,-1,-1,-1,-1,-1
CCTCCTCAGATACTGA-1,0,6,0,20,1,0,20,11,0,2,24,0,18,28,0,12,32,0,0,17,0,15,29,0,-1,-1,-1,-1,-1,-1
GAAACCTGTCATCGGC-1,17,15,0,0,1,0,20,11,0,2,24,0,18,28,0,12,32,0,-1,-1,-1,15,29,0,-1,-1,-1,-1,-1,-1
(((((ATTACCTCAGTATTCG-1:5.015,(TGTTCATCAGAAATTG-1:3.009,ATACCTTAGTAGCATA-1:1.009)I23:0.006)I22:9.01,CATGGATAGTGCACTT-1:7.387)I21:2.629,(((CTAACTTAGCGCACAA-1:0.561,TGCGGGTTCTTGCGCT-1:4.09)I20:7.382,AGACTCAAGCGCACAA-1:8.52)I19:6.451,((CGTGTCTGTCCAGCGT-1:2.049,TGCCGAGCATTAAAGG-1:3.049)I18:2.187,AGAACCTTCGTAACCA-1:5.234)I17:9.21)I16:2.266)I15:5.985,((TCCTTTCAGCTCAGAG-1:16.044,((((TCTGCCAAGGTAAGAG-1:3.036,TTTGTTGGTTTCTTAC-1:0.036)I14:2.994,CTATCCGTCTCGTTTA-1:2.497)I13:3.054,AGCTCAACAATGTTGC-1:13.052)I12:5.494,((CTGAGCGGTATAATGG-1:2.723,AGCTCAAAGGTGAGCT-1:4.096)I11:7.383,(((((TCGTCCAGTGTTAACC-1:0,GTTTACTTCACCTCTG-1:0)I10:0,AAAGAACGTGTATTGC-1:2)I9:0,ACGTCCTGTTCTTCAT-1:2)I8:0.004,GCACATATCAAGTAAG-1:2.004)I7:3,CAGATACAGAGGATGA-1:0.44)I6:5.159)I5:2.447)I4:0.999)I3:1.19,CACGTTCAGTAGTCAA-1:14.233)I2:2.787)I1:0)I0;
I0,0,0,0,0,0,0,0,0,0,0,0,0,0,0,0,0,0,0,0,0,0,0,0,0,0,0,0,0,0,0
I1,0,0,0,0,0,0,0,0,0,0,0,0,0,0,0,0,0,0,0,0,0,0,0,0,0,0,0,0,0,0
I2,0,0,0,0,0,0,0,0,0,0,0,0,0,0,0,0,0,0,0,0,0,0,0,0,0,0,0,0:0.07/-1:0.92/1:0.008,0:0.07/-1:0.92/1:0.005/2:0.001/3:0.001/4:0.001,0:0.07/-1:0.92/1:0.01
CACGTTCAGTAGTCAA-1,17,7,0,0,25,0,6,12,0,0,3,0,0,25,0,0,30,0,-1,-1,-1,0,12,0,1,2,0,-1,-1,-1
I3,0,0,0,0,0,0,0,1,0,0,0,0,0,0,0,0,0,0,0,0,0,0,0,0,0,0,0,0:0.01/-1:0.99,0:0.01/-1:0.99,0:0.01/-1:0.99
I4,0,0,0,0,0,0,0,1,0,0,0:0.04/1:0.96,0,0,0,0,0,0,0,0,0,0,0,0,0,0,0,0,-1,-1,-1
I5,0,0,0,0,0:0.04/1:0.96,0,0,1,0,0,1,0,0,0,0,0,0:0.04/1:0.96,0,0,0,0,0,0,0,0:0.75/5:0.25,0:0.75/9:0.25,0,-1,-1,-1
I6,1,1,0,0,1,0,0,1,0,0,1,0,0,1,0,0,1,0,0,1,0,0,0,0,0:0.22/5:0.78,0:0.22/9:0.78,0,-1,-1,-1
CAGATACAGAGGATGA-1,1,1,0,0,1,0,0,1,0,0,1,0,0,1,0,0,1,0,0,1,0,0,0,0,5,9,0,-1,-1,-1
I7,1,1,0,0,1,0,0,1,0,0,1,0,0,1,0,0,1,0,0,1,0,0,0,0,-1,-1,-1,-1,-1,-1
GCACATATCAAGTAAG-1,1,1,0,0,1,0,0,1,0,0,1,0,0,1,0,0,1,0,0,1,0,23,12,0,-1,-1,-1,-1,-1,-1
I8,1,1,0,0,1,0,0,1,0,0,1,0,0,1,0,0,1,0,0,1,0,0,0,0,-1,-1,-1,-1,-1,-1
ACGTCCTGTTCTTCAT-1,1,1,0,0,1,0,0,1,0,0,1,0,0,1,0,0,1,0,0,1,0,5,17,0,-1,-1,-1,-1,-1,-1
I9,1,1,0,0,1,0,0,1,0,0,1,0,0,1,0,0,1,0,0,1,0,0,0,0,-1,-1,-1,-1,-1,-1
AAAGAACGTGTATTGC-1,1,1,0,0,1,0,0,1,0,0,1,0,0,1,0,0,1,0,0,1,0,1,1,0,-1,-1,-1,-1,-1,-1
I10,1,1,0,0,1,0,0,1,0,0,1,0,0,1,0,0,1,0,0,1,0,0,0,0,-1,-1,-1,-1,-1,-1
GTTTACTTCACCTCTG-1,1,1,0,0,1,0,0,1,0,0,1,0,0,1,0,0,1,0,0,1,0,0,0,0,-1,-1,-1,-1,-1,-1
TCGTCCAGTGTTAACC-1,1,1,0,0,1,0,0,1,0,0,1,0,0,1,0,0,1,0,0,1,0,0,0,0,-1,-1,-1,-1,-1,-1
I11,0,0:0.01/2:0.99,0,0,1,0,0,1,0,0,1,0,0,0,0,0,1,0,0:0.31/15:0.69,0:0.31/31:0.69,0,0:0.01/7:0.99,0:0.01/12:0.99,0,0:0.01/-1:0.97/5:0.02,0:0.01/-1:0.97/9:0.02,0:0.02/-1:0.97/2:0.001/3:0.006,-1,-1,-1
AGCTCAAAGGTGAGCT-1,0,2,0,0,1,0,0,1,0,3,1,0,0,0,0,0,1,0,-1,-1,-1,7,12,0,-1,-1,-1,-1,-1,-1
CTGAGCGGTATAATGG-1,0,2,0,0,1,0,0,1,0,0,1,0,22,30,0,0,1,0,15,31,0,7,12,0,-1,-1,-1,-1,-1,-1
I12,0,0:0.01/20:0.99,0,0,0,0,12,1,0,0,1,0,0,0:0.03/2:0.97,0,15,0:0.01/23:0.99,0,0,0:0.5/1:0.5,0,0,0,0,0,0,0,-1,-1,-1
AGCTCAACAATGTTGC-1,0,20,0,13,19,2,12,1,0,4,1,0,4,2,0,15,23,0,-1,-1,-1,16,23,3,10,15,0,-1,-1,-1
I13,0,20,0,0,0,0,12,1,0,0:0.01/3:0.99,1,0,0,2,0,15,23,0,0,1,0,0,0:0.01/2:0.99,0,0,0:0.47/1:0.53,0,-1,-1,-1
CTATCCGTCTCGTTTA-1,20,20,0,0,0,0,12,1,0,3,1,0,0,2,0,15,23,0,0,1,0,15,2,0,0,1,0,-1,-1,-1
I14,0,20,0,0,0,0,12,1,0,3,1,0,0,2,0,15,23,0,0,1,0,0,2,0,0:0.01/-1:0.99,-1:0.99/1:0.01,0:0.01/-1:0.99,-1,-1,-1
TTTGTTGGTTTCTTAC-1,0,20,0,0,0,0,12,1,0,3,1,0,0,2,0,15,23,0,0,1,0,0,2,0,-1,-1,-1,-1,-1,-1
TCTGCCAAGGTAAGAG-1,20,20,0,0,9,0,12,1,0,3,1,0,0,2,0,15,23,0,0,1,0,15,2,0,-1,-1,-1,-1,-1,-1
TCCTTTCAGCTCAGAG-1,0,10,0,24,36,0,6,1,0,0,40,0,-1,-1,-1,10,8,0,-1,-1,-1,0,8,0,16,25,0,-1,-1,-1
I15,9,13,0,0,0,0,0,15,0,0,0,0,0,2,0,0,10,0,0,0,0,0,9,0,0,0,0,0,0,0
I16,9,13,0,0,0,0,0,15,0,0,0,0,0,2,0:0.3/3:0.7,0:0.09/6:0.91,10,0,0:0.91/8:0.09,0:0.91/22:0.09,0,0,9,0,0:0.91/5:0.09,0:0.91/21:0.09,0:0.91/2:0.09,0:0.91/1:0.09,0:0.91/2:0.09,0
I17,9,13,0,0,0,0,0,15,0,0,0,0,0,2,0:0.01/3:0.99,6,10,0,0:0.02/-1:0.97/8:0.01,0:0.02/-1:0.97/22:0.01,0:0.02/-1:0.97/4:0.001,0,9,0,0:0.02/-1:0.97/5:0.01,0:0.02/-1:0.97/21:0.01,0:0.02/-1:0.97/2:0.01,0:0.02/-1:0.97/1:0.01,0:0.02/-1:0.97/2:0.01,0:0.02/-1:0.97/1:0.01
AGAACCTTCGTAACCA-1,9,13,0,10,16,0,6,15,0,9,14,0,0,2,3,6,10,0,-1,-1,-1,0,9,0,-1,-1,-1,-1,-1,-1
I18,9,13,0,0,0,0,0:0.02/3:0.98,15,0,0,0,0,0:0.02/12:0.98,2,3,6,10,0,-1,-1,-1,0,9,0,-1,-1,-1,-1,-1,-1
TGCCGAGCATTAAAGG-1,9,13,0,0,37,7,3,15,0,0,42,0,12,2,3,6,10,0,-1,-1,-1,0,9,0,-1,-1,-1,-1,-1,-1
CGTGTCTGTCCAGCGT-1,9,13,0,0,7,0,3,15,0,0,26,0,12,2,3,6,10,0,-1,-1,-1,0,9,0,-1,-1,-1,-1,-1,-1
I19,9,13,0,0,0,0,0:0.05/3:0.95,15,0,0:0.01/9:0.99,14,0,0:0.04/12:0.96,2,0:0.05/3:0.95,6,10,0,0:0.59/8:0.41,0:0.59/22:0.41,0,0,9,0,0:0.59/5:0.41,0:0.59/21:0.41,0:0.59/2:0.41,0:0.59/1:0.41,0:0.59/2:0.41,0
AGACTCAAGCGCACAA-1,9,13,0,-1,-1,-1,3,15,0,9,14,0,12,2,3,6,10,0,8,22,0,0,9,0,-1,-1,-1,1,2,0
I20,9,13,0,0,0,0,3,15,0,9,14,0,12,2,3,6,10,0,0:0.01/-1:0.99,0:0.01/-1:0.99,0:0.01/-1:0.99,0,9,0,0:0.16/5:0.84,0:0.16/21:0.84,0:0.16/2:0.84,0:0.01/-1:0.99,0:0.01/-1:0.99,0:0.01/-1:0.99
TGCGGGTTCTTGCGCT-1,9,13,0,0,6,0,3,15,0,9,14,0,12,2,3,6,10,0,-1,-1,-1,0,9,0,-1,-1,-1,-1,-1,-1
CTAACTTAGCGCACAA-1,9,13,0,0,0,0,3,15,0,9,14,0,12,2,3,6,10,0,-1,-1,-1,0,9,0,5,21,2,-1,-1,-1
I21,9,13,0,0,0,0,0,15,0,0:0.01/9:0.99,0:0.01/14:0.99,0,0,2,0,0,10,0,0,0:0.79/18:0.21,0,0,9,0,0,0:0.79/1:0.21,0,0,0:0.79/3:0.21,0
CATGGATAGTGCACTT-1,9,13,0,0,2,0,17,15,0,9,14,0,4,2,0,12,10,0,0,18,0,20,9,0,0,1,0,0,3,0
I22,9,13,0,0,0,0,0,15,0,9,14,0,0,2,0,0,10,0,-1,-1,-1,0,9,0,-1,-1,-1,-1,-1,-1
I23,9,13,0,0,0,0,0,15,0,9,14,0,0,2,0,0,10,0,-1,-1,-1,0,9,0,-1,-1,-1,-1,-1,-1
ATACCTTAGTAGCATA-1,9,13,0,0,0,0,15,15,0,9,14,0,0,2,0,0,10,0,-1,-1,-1,0,9,0,-1,-1,-1,-1,-1,-1
TGTTCATCAGAAATTG-1,9,13,0,0,0,0,17,15,0,9,14,0,4,2,0,12,10,0,-1,-1,-1,0,9,0,-1,-1,-1,-1,-1,-1
ATTACCTCAGTATTCG-1,9,13,0,0,6,0,0,15,0,9,14,0,9,2,0,0,10,0,-1,-1,-1,-1,-1,-1,-1,-1,-1,-1,-1,-1
