[&R] (((TATATCCTCATAGCAC-1:7.068,(GAGATGGCAACGCATT-1:3.007,ATGTCTTCAGCTAACT-1:1.007)I15:1.207)I14:13.8,((((((TCCCAGTCACATATGC-1:4,TCTGTCGAGACGAAGA-1:0)I13:0,GAGTTACTCGACCTAA-1:4)I12:0,TTCTGTAAGATGAATC-1:4)I11:0.002,CTCAGGGCACACCTGG-1:6.002)I10:0.002,((TTTCATGTCAACCCGG-1:5.172,AAGGAATTCTTACACT-1:1.172)I9:2.854,(TTGTGTTCATGGCACC-1:5.01,TTCATTGCAATAACGA-1:2.01)I8:0.005)I7:2.99)I6:9.054,((TGTTACTAGCGTTGTT-1:2.511,ATCAGGTTCCTCACCA-1:4.142)I5:6.727,(GTGTCCTTCCGCACGA-1:5.489,TAGTGCATCCGCATAA-1:6.697)I4:4.811)I3:4.846)I2:2.341)I1:0.01)I0;
I0,0,0,0,0,0,0,0,0,0,0,0,0,0,0,0,0,0,0,0,0,0,0,0,0,0,0,0,0,0,0
I1,0,0,0,0,0,0,0,0,0,0,0,0,0,0,0,0,0,0,0,0,0,0,0,0,0,0,0,0,0:0.99/4:0.01,0
I2,0,0:0.03/11:0.97,0,0,0,0,0,0,0,0,0,0,0,0,0,0,0:0.03/11:0.97,0,0:0.87/1:0.13,0:0.87/25:0.13,0,0,0,0,0,0,0,0,0:0.86/4:0.14,0
I3,0,11,0,0,0,0,16,21,3,0,0,0,0,0,0,0,11,0,0:0.6/1:0.4,0:0.6/25:0.4,0,0,0,0,0,10,0,0,0:0.6/4:0.4,0
I4,0,11,0,0,0,0,16,21,3,0,0,0,0:0.56/29:0.44,0:0.56/35:0.44,0,0,11,0,0:0.05/-1:0.89/1:0.06,0:0.05/-1:0.89/25:0.06,0:0.09/-1:0.89/2:0.001/4:0.002,0,0,0,0:0.04/6:0.96,10,0,0,0:0.34/4:0.66,0
TAGTGCATCCGCATAA-1,0,11,0,0,0,0,16,21,3,4,37,0,-1,-1,-1,0,11,0,-1,-1,-1,0,21,0,6,10,0,0,4,0
GTGTCCTTCCGCACGA-1,0,11,0,0,0,0,16,21,3,0,0,0,29,35,0,0,11,0,-1,-1,-1,0,39,0,6,10,0,-1,-1,-1
I5,0,11,0,0,0,0,16,21,3,0,0,0,0,0,0,0,11,0,0:0.18/1:0.82,0:0.18/25:0.82,0,0:0.02/-1:0.98,0:0.02/-1:0.98,0:0.02/-1:0.98,0,10,0,0:0.02/-1:0.98,0:0.01/-1:0.98/4:0.01,0:0.02/-1:0.98
ATCAGGTTCCTCACCA-1,0,11,0,0,22,0,16,21,3,0,0,0,0,0,0,0,11,0,-1,-1,-1,-1,-1,-1,0,10,0,-1,-1,-1
TGTTACTAGCGTTGTT-1,0,11,0,0,0,0,16,21,3,0,15,0,0,0,0,0,11,0,1,25,0,-1,-1,-1,6,10,0,-1,-1,-1
I6,0,11,0,0,9,0,0,0,0,4,0,0,0,0,0,3,11,0,-1,-1,-1,0,0,0,0,0,0,-1,-1,-1
I7,0,11,0,0,9,0,0,0,0,4,0,0,0,0,0,3,11,0,-1,-1,-1,-1,-1,-1,0,0,0,-1,-1,-1
I8,0,11,0,0,9,0,0,0,0,4,0,0,0,0,0,3,11,0,-1,-1,-1,-1,-1,-1,0,0,0,-1,-1,-1
TTCATTGCAATAACGA-1,0,11,0,0,9,0,0,41,0,4,0,0,0,2,0,3,11,0,-1,-1,-1,-1,-1,-1,0,0,0,-1,-1,-1
TTGTGTTCATGGCACC-1,0,11,0,0,9,0,33,15,0,4,13,0,1,5,0,3,11,0,-1,-1,-1,-1,-1,-1,0,0,0,-1,-1,-1
I9,0,11,0,0,9,0,0:0.05/-1:0.94/3:0.009/5:0.001/6:0.008/7:0.008/9:0.002/13:0.002/14:0.001/15:0.008/17:0.009/19:0.003/20:0.001/21:0.002/23:0.003/25:0.001/26:0.005/27:0.001/29:0.001/32:0.007,0:0.05/-1:0.94/1:0.001/2:0.004/3:0.003/4:0.008/5:0.008/6:0.001/7:0.002/10:0.004/11:0.009/12:0.009/13:0.002/14:0.004/15:0.009/19:0.002/23:0.001/24:0.003/27:0.002/33:0.001/34:0.001/36:0.001/37:0.006/38:0.003/39:0.005/41:0.005,0:0.05/-1:0.94/7:0.006,4,0,0,0,0,0,3,11,0,-1,-1,-1,-1,-1,-1,0,0,0,-1,-1,-1
AAGGAATTCTTACACT-1,0,11,0,0,9,0,-1,-1,-1,4,0,0,0,11,0,3,11,0,-1,-1,-1,-1,-1,-1,0,0,0,-1,-1,-1
TTTCATGTCAACCCGG-1,0,11,0,0,9,0,-1,-1,-1,4,13,0,8,40,0,3,11,0,-1,-1,-1,-1,-1,-1,7,11,0,-1,-1,-1
I10,0,11,0,0,9,0,0,0,0,4,0,0,0,0,0,3,11,0,-1,-1,-1,0,0,0,0,0,0,-1,-1,-1
CTCAGGGCACACCTGG-1,0,11,0,0,9,0,0,5,0,4,13,0,21,2,0,3,11,0,-1,-1,-1,24,33,0,0,0,0,-1,-1,-1
I11,0,11,0,0,9,0,0,0,0,4,0,0,0,0,0,3,11,0,-1,-1,-1,0,0,0,0,0,0,-1,-1,-1
TTCTGTAAGATGAATC-1,0,11,0,0,9,0,0,2,0,4,0,0,0,3,0,3,11,0,-1,-1,-1,31,12,0,0,0,0,-1,-1,-1
I12,0,11,0,0,9,0,0,0,0,4,0,0,0,0,0,3,11,0,-1,-1,-1,0,0,0,0,0,0,-1,-1,-1
GAGTTACTCGACCTAA-1,0,11,0,0,9,0,27,33,0,4,0,0,0,0,0,3,11,0,-1,-1,-1,2,3,0,0,0,0,-1,-1,-1
I13,0,11,0,0,9,0,0,0,0,4,0,0,0,0,0,3,11,0,-1,-1,-1,0,0,0,0,0,0,-1,-1,-1
TCTGTCGAGACGAAGA-1,0,11,0,0,9,0,0,0,0,4,0,0,0,0,0,3,11,0,-1,-1,-1,0,0,0,0,0,0,-1,-1,-1
TCCCAGTCACATATGC-1,0,11,0,0,9,0,0,11,0,4,0,0,9,17,0,3,11,0,-1,-1,-1,0,2,0,0,0,0,-1,-1,-1
I14,0,0,0,16,24,0,6,15,0,4,3,0,0,2,0,21,10,0,0,0:0.15/18:0.85,0,0,9,0,0,0,0,0:0.01/-1:0.99,0:0.01/-1:0.99,0:0.01/-1:0.99
I15,0,0,0,16,24,0,6,15,0,4,3,0,15,2,0,21,10,0,0,18,0,0,9,0,0,0,0,-1,-1,-1
ATGTCTTCAGCTAACT-1,0,0,0,16,24,0,6,15,0,4,3,0,15,2,0,21,10,0,0,18,0,0,9,0,0,17,0,-1,-1,-1
GAGATGGCAACGCATT-1,0,7,0,16,24,0,6,15,0,4,3,0,15,2,0,21,10,0,0,18,0,0,9,0,2,6,0,-1,-1,-1
TATATCCTCATAGCAC-1,0,2,0,16,24,0,6,15,0,4,3,0,0,2,0,21,10,0,-1,-1,-1,5,9,0,12,1,0,-1,-1,-1
