[&R] (((CACGTTCAGTAGTCAA-1:14.204,(((((GCACATATCAAGTAAG-1:2.003,(((GTTTACTTCACCTCTG-1:0,TCGTCCAGTGTTAACC-1:0)I17:0,AAAGAACGTGTATTGC-1:2)I16:0,ACGTCCTGTTCTTCAT-1:2)I15:0.003)I14:3.001,CAGATACAGAGGATGA-1:0.442)I13:5.168,(CTGAGCGGTATAATGG-1:2.716,AGCTCAAAGGTGAGCT-1:4.09)I12:7.394)I11:2.435,(((TTTGTTGGTTTCTTAC-1:0.033,TCTGCCAAGGTAAGAG-1:3.033)I10:2.999,CTATCCGTCTCGTTTA-1:2.501)I9:3.054,AGCTCAACAATGTTGC-1:13.054)I8:5.49)I7:0.991,TCCTTTCAGCTCAGAG-1:16.036)I6:1.169)I5:2.813,((ATTACCTCAGTATTCG-1:5.013,(ATACCTTAGTAGCATA-1:1.007,TGTTCATCAGAAATTG-1:3.007)I4:0.007)I3:9.113,CATGGATAGTGCACTT-1:6.737)I2:9.253)I1:0.01)I0;
I0,0,0,0,0,0,0,0,0,0,0,0,0,0,0,0,0,0,0,0,0,0,0,0,0,0,0,0,0,0,0
I1,0,0,0,0,0,0,0,0,0,0,0,0,0,0,0,0,0,0,0,0,0,0,0,0,0,0,0,0,0:0.99/3:0.01,0
I2,9,13,0,0,0,0,0,0:0.03/15:0.97,0,9,14,0,0,0:0.03/2:0.97,0,0,0:0.03/10:0.97,0,0,0:0.54/18:0.46,0,0,0:0.02/9:0.98,0,0,0:0.54/1:0.46,0,0,0:0.53/3:0.47,0
CATGGATAGTGCACTT-1,9,13,0,0,2,0,17,15,0,9,14,0,4,2,0,12,10,0,0,18,0,20,9,0,0,1,0,0,3,0
I3,9,13,0,0,0,0,0,15,0,9,14,0,0,2,0,0,10,0,-1,-1,-1,0,9,0,-1,-1,-1,-1,-1,-1
I4,9,13,0,0,0,0,0,15,0,9,14,0,0,2,0,0,10,0,-1,-1,-1,0,9,0,-1,-1,-1,-1,-1,-1
TGTTCATCAGAAATTG-1,9,13,0,0,0,0,17,15,0,9,14,0,4,2,0,12,10,0,-1,-1,-1,0,9,0,-1,-1,-1,-1,-1,-1
ATACCTTAGTAGCATA-1,9,13,0,0,0,0,15,15,0,9,14,0,0,2,0,0,10,0,-1,-1,-1,0,9,0,-1,-1,-1,-1,-1,-1
ATTACCTCAGTATTCG-1,9,13,0,0,6,0,0,15,0,9,14,0,9,2,0,0,10,0,-1,-1,-1,-1,-1,-1,-1,-1,-1,-1,-1,-1
I5,0,0,0,0,0,0,0,0,0,0,0,0,0,0,0,0,0,0,0,0,0,0,0,0,0,0,0,0:0.06/-1:0.93/1:0.008,0:0.06/-1:0.93/3:0.01,0:0.06/-1:0.93/1:0.01
I6,0,0,0,0,0,0,0,1,0,0,0,0,0,0,0,0,0,0,0,0,0,0,0,0,0,0,0,0:0.01/-1:0.99,0:0.01/-1:0.99,0:0.01/-1:0.99
TCCTTTCAGCTCAGAG-1,0,10,0,24,36,0,6,1,0,0,40,0,-1,-1,-1,10,8,0,-1,-1,-1,0,8,0,16,25,0,-1,-1,-1
I7,0,0,0,0,0,0,0,1,0,0,0:0.04/1:0.96,0,0,0,0,0,0,0,0,0,0,0,0,0,0,0,0,-1,-1,-1
I8,0,0:0.01/20:0.99,0,0,0,0,12,1,0,0,1,0,0,0:0.04/2:0.96,0,15,0:0.01/23:0.99,0,0,0:0.5/1:0.5,0,0,0,0,0,0,0,-1,-1,-1
AGCTCAACAATGTTGC-1,0,20,0,13,19,2,12,1,0,4,1,0,4,2,0,15,23,0,-1,-1,-1,16,23,3,10,15,0,-1,-1,-1
I9,0,20,0,0,0,0,12,1,0,0:0.01/3:0.99,1,0,0,2,0,15,23,0,0,1,0,0,0:0.01/2:0.99,0,0,0:0.47/1:0.53,0,-1,-1,-1
CTATCCGTCTCGTTTA-1,20,20,0,0,0,0,12,1,0,3,1,0,0,2,0,15,23,0,0,1,0,15,2,0,0,1,0,-1,-1,-1
I10,0,20,0,0,0,0,12,1,0,3,1,0,0,2,0,15,23,0,0,1,0,0,2,0,0:0.01/-1:0.99,-1:0.99/1:0.01,0:0.01/-1:0.99,-1,-1,-1
TCTGCCAAGGTAAGAG-1,20,20,0,0,9,0,12,1,0,3,1,0,0,2,0,15,23,0,0,1,0,15,2,0,-1,-1,-1,-1,-1,-1
TTTGTTGGTTTCTTAC-1,0,20,0,0,0,0,12,1,0,3,1,0,0,2,0,15,23,0,0,1,0,0,2,0,-1,-1,-1,-1,-1,-1
I11,0,0,0,0,0:0.05/1:0.95,0,0,1,0,0,1,0,0,0,0,0,0:0.05/1:0.95,0,0,0,0,0,0,0,0:0.76/5:0.24,0:0.76/9:0.24,0,-1,-1,-1
I12,0,0:0.01/2:0.99,0,0,1,0,0,1,0,0,1,0,0,0,0,0,1,0,0:0.31/15:0.69,0:0.31/31:0.69,0,0:0.01/7:0.99,0:0.01/12:0.99,0,0:0.01/-1:0.98/5:0.01,0:0.01/-1:0.98/9:0.01,0:0.02/-1:0.98,-1,-1,-1
AGCTCAAAGGTGAGCT-1,0,2,0,0,1,0,0,1,0,3,1,0,0,0,0,0,1,0,-1,-1,-1,7,12,0,-1,-1,-1,-1,-1,-1
CTGAGCGGTATAATGG-1,0,2,0,0,1,0,0,1,0,0,1,0,22,30,0,0,1,0,15,31,0,7,12,0,-1,-1,-1,-1,-1,-1
I13,1,1,0,0,1,0,0,1,0,0,1,0,0,1,0,0,1,0,0,1,0,0,0,0,0:0.22/5:0.78,0:0.22/9:0.78,0,-1,-1,-1
CAGATACAGAGGATGA-1,1,1,0,0,1,0,0,1,0,0,1,0,0,1,0,0,1,0,0,1,0,0,0,0,5,9,0,-1,-1,-1
I14,1,1,0,0,1,0,0,1,0,0,1,0,0,1,0,0,1,0,0,1,0,0,0,0,-1,-1,-1,-1,-1,-1
I15,1,1,0,0,1,0,0,1,0,0,1,0,0,1,0,0,1,0,0,1,0,0,0,0,-1,-1,-1,-1,-1,-1
ACGTCCTGTTCTTCAT-1,1,1,0,0,1,0,0,1,0,0,1,0,0,1,0,0,1,0,0,1,0,5,17,0,-1,-1,-1,-1,-1,-1
I16,1,1,0,0,1,0,0,1,0,0,1,0,0,1,0,0,1,0,0,1,0,0,0,0,-1,-1,-1,-1,-1,-1
AAAGAACGTGTATTGC-1,1,1,0,0,1,0,0,1,0,0,1,0,0,1,0,0,1,0,0,1,0,1,1,0,-1,-1,-1,-1,-1,-1
I17,1,1,0,0,1,0,0,1,0,0,1,0,0,1,0,0,1,0,0,1,0,0,0,0,-1,-1,-1,-1,-1,-1
TCGTCCAGTGTTAACC-1,1,1,0,0,1,0,0,1,0,0,1,0,0,1,0,0,1,0,0,1,0,0,0,0,-1,-1,-1,-1,-1,-1
GTTTACTTCACCTCTG-1,1,1,0,0,1,0,0,1,0,0,1,0,0,1,0,0,1,0,0,1,0,0,0,0,-1,-1,-1,-1,-1,-1
GCACATATCAAGTAAG-1,1,1,0,0,1,0,0,1,0,0,1,0,0,1,0,0,1,0,0,1,0,23,12,0,-1,-1,-1,-1,-1,-1
CACGTTCAGTAGTCAA-1,17,7,0,0,25,0,6,12,0,0,3,0,0,25,0,0,30,0,-1,-1,-1,0,12,0,1,2,0,-1,-1,-1
