[&R] (((((((AACCCAAAGAGATTCA-1:3,GTGAGGACAATGCTCA-1:1.956)I27:0.044,GGGTTATGTCCTGGTG-1:2)I26:0.006,GGTGTTACATCTCGTC-1:3.007)I25:3.139,TTTACTGTCTAGGCCG-1:3.155)I24:3.877,(ACCGTTCGTAAGCAAT-1:2.115,CATTGCCCACGTCTCT-1:8.094)I23:0.011)I22:12.86,((((((ACGATCACAAGCCCAC-1:0.042,TGCATGAAGATGACCG-1:6.042)I21:1.152,GATCGTAAGAATAACC-1:8.193)I20:3.071,GGAGGATAGCGTTACT-1:5.818)I19:3.303,TGTTTGTAGGAGATAG-1:7.842)I18:2.2,(((((GTGTTAGTCGCTGTTC-1:2,((CCCATTGCATCGGCCA-1:1,(ACACCAATCCATTTAC-1:0,TAACCAGAGTCGTTAC-1:0)I17:0)I16:0,CCTTGTGCAGTTAGGG-1:1)I15:0)I14:0,TCAGTTTAGTTGCTCA-1:2)I13:0,CTCTGGTGTACCAATC-1:2)I12:0.003,((ATCACTTCATTGTGCA-1:0,TTCGATTGTTAGGCCC-1:0)I11:0.001,GAAACCTCAACGATTC-1:0.001)I10:3.002)I9:2.998,((ACTGCAAGTGCATTTG-1:2.37,CCACACTGTGTGACCC-1:4.031)I8:1.63,((CAAGAGGCAGGACATG-1:3.011,CTCAAGAGTATGTGTC-1:1.011)I7:0.989,TATTCCACAGCAAGAC-1:4)I6:0)I5:0)I4:3.041)I3:4.467,TCATGCCTCCTGGGTG-1:12.507)I2:3.541)I1:0.014)I0;
I0,0,0,0,0,0,0,0,0,0,0,0,0,0,0,0,0,0,0,0,0,0,0,0,0,0,0,0,0,0,0
I1,0,0,0,0,0,0,0,0,0,0,0,0,0,0,0,0,0,0,0,0,0,0,0,0,0,0,0,0,0:0.99/1:0.01,0
I2,0,0,0,0,0:0.04/6:0.96,0,0,0,0,0,0,0,0,0,0,0,0,0,0,0,0,0,0,0,0,0,0,0:0.14/-1:0.84/1:0.016,0:0.14/-1:0.84/1:0.02,0:0.14/-1:0.84/1:0.02
TCATGCCTCCTGGGTG-1,0,2,0,0,6,0,0,12,0,23,39,0,0,36,0,21,8,0,-1,-1,-1,0,43,0,0,1,0,-1,-1,-1
I3,0,0:0.01/6:0.99,0,0,6,0,0,0,0,0,0,0,0:0.01/8:0.99,0:0.01/2:0.99,0,0,0:0.01/1:0.99,0,0,0,0,0,0,0,0,0,0,-1,-1,-1
I4,0,6,0,0,6,0,0,12,0,0,11,0,8,2,0,0,1,0,0,0,0,0,0,0,0,1,0,-1,-1,-1
I5,0,6,0,0,6,0,0,12,0,0,11,0,8,2,0,0,1,0,0,0,0,0,0,0,0,1,0,-1,-1,-1
I6,0,6,0,0,6,0,0,12,0,0,11,0,8,2,0,0,1,0,0,0,0,0,0,0,0,1,0,-1,-1,-1
TATTCCACAGCAAGAC-1,0,6,0,0,6,0,0,12,0,0,11,0,8,2,0,0,1,0,9,43,0,6,42,0,0,1,0,-1,-1,-1
I7,0,6,0,0,6,0,0,12,0,0,11,0,8,2,0,0,1,0,0,0,0,0,0:0.01/12:0.99,0,0,1,0,-1,-1,-1
CTCAAGAGTATGTGTC-1,0,6,0,0,6,0,0,12,0,0,11,0,8,2,0,0,1,0,0,18,0,0,12,0,0,1,0,-1,-1,-1
CAAGAGGCAGGACATG-1,0,6,0,0,6,0,0,12,0,0,11,0,8,2,0,0,1,0,1,25,0,7,12,0,0,1,0,-1,-1,-1
I8,0,6,0,0,6,0,0,12,0,0,11,0,8,2,0,0,1,0,0:0.03/2:0.97,0,0,0:0.67/10:0.33,0:0.67/19:0.33,0,0,1,0,-1,-1,-1
CCACACTGTGTGACCC-1,0,6,0,0,6,0,0,12,0,0,11,0,8,2,0,0,1,0,2,7,0,-1,-1,-1,0,1,0,-1,-1,-1
ACTGCAAGTGCATTTG-1,0,6,0,0,6,0,0,12,0,0,11,0,8,2,0,0,1,0,2,19,0,10,19,0,0,1,0,-1,-1,-1
I9,0,6,0,0,6,0,0,12,0,0,11,0,8,2,0,0,1,0,-1,-1,-1,0,0,0,0,1,0,-1,-1,-1
I10,0,6,0,0,6,0,0,12,0,0,11,0,8,2,0,0,1,0,-1,-1,-1,-1,-1,-1,0,1,0,-1,-1,-1
GAAACCTCAACGATTC-1,0,6,0,0,6,0,0,12,0,0,11,0,8,2,0,0,1,0,-1,-1,-1,-1,-1,-1,0,1,0,-1,-1,-1
I11,0,6,0,0,6,0,0,12,0,0,11,0,8,2,0,0,1,0,-1,-1,-1,-1,-1,-1,0,1,0,-1,-1,-1
TTCGATTGTTAGGCCC-1,0,6,0,0,6,0,0,12,0,0,11,0,8,2,0,0,1,0,-1,-1,-1,-1,-1,-1,0,1,0,-1,-1,-1
ATCACTTCATTGTGCA-1,0,6,0,0,6,0,0,12,0,0,11,0,8,2,0,0,1,0,-1,-1,-1,-1,-1,-1,0,1,0,-1,-1,-1
I12,0,6,0,0,6,0,0,12,0,0,11,0,8,2,0,0,1,0,-1,-1,-1,0,0,0,0,1,0,-1,-1,-1
CTCTGGTGTACCAATC-1,0,6,0,0,6,0,0,12,0,0,11,0,8,2,0,0,1,0,-1,-1,-1,11,12,0,0,1,0,-1,-1,-1
I13,0,6,0,0,6,0,0,12,0,0,11,0,8,2,0,0,1,0,-1,-1,-1,0,0,0,0,1,0,-1,-1,-1
TCAGTTTAGTTGCTCA-1,0,6,0,0,6,0,0,12,0,0,11,0,8,2,0,0,1,0,-1,-1,-1,18,26,0,0,1,0,-1,-1,-1
I14,0,6,0,0,6,0,0,12,0,0,11,0,8,2,0,0,1,0,-1,-1,-1,0,0,0,0,1,0,-1,-1,-1
I15,0,6,0,0,6,0,0,12,0,0,11,0,8,2,0,0,1,0,-1,-1,-1,0,0,0,0,1,0,-1,-1,-1
CCTTGTGCAGTTAGGG-1,0,6,0,0,6,0,0,12,0,0,11,0,8,2,0,0,1,0,-1,-1,-1,22,0,0,0,1,0,-1,-1,-1
I16,0,6,0,0,6,0,0,12,0,0,11,0,8,2,0,0,1,0,-1,-1,-1,0,0,0,0,1,0,-1,-1,-1
I17,0,6,0,0,6,0,0,12,0,0,11,0,8,2,0,0,1,0,-1,-1,-1,0,0,0,0,1,0,-1,-1,-1
TAACCAGAGTCGTTAC-1,0,6,0,0,6,0,0,12,0,0,11,0,8,2,0,0,1,0,-1,-1,-1,0,0,0,0,1,0,-1,-1,-1
ACACCAATCCATTTAC-1,0,6,0,0,6,0,0,12,0,0,11,0,8,2,0,0,1,0,-1,-1,-1,0,0,0,0,1,0,-1,-1,-1
CCCATTGCATCGGCCA-1,0,6,0,0,6,0,0,12,0,0,11,0,8,2,0,0,1,0,-1,-1,-1,0,14,0,0,1,0,-1,-1,-1
GTGTTAGTCGCTGTTC-1,0,6,0,0,6,0,0,12,0,0,11,0,8,2,0,0,1,0,-1,-1,-1,28,2,0,0,1,0,-1,-1,-1
I18,0,6,0,0:0.05/9:0.95,6,0,0,0,0,0,0,0,8,2,0,0:0.05/6:0.95,1,0,0:0.87/2:0.13,0:0.87/19:0.13,0,0,0,0,0,0,0,-1,-1,-1
TGTTTGTAGGAGATAG-1,25,6,0,9,6,0,0,0,0,3,34,0,8,2,0,6,1,0,2,19,0,0,29,0,5,9,0,-1,-1,-1
I19,0,6,0,9,6,0,0,0,0,0,0,0,8,2,0,6,1,0,0:0.07/-1:0.92/2:0.01,0:0.07/-1:0.92/19:0.01,0:0.08/-1:0.92,0,0,0,0:0.78/3:0.22,0:0.78/20:0.22,0,-1,-1,-1
GGAGGATAGCGTTACT-1,0,6,0,9,6,0,3,11,0,19,34,0,8,2,0,6,1,0,-1,-1,-1,0,0,0,3,20,0,-1,-1,-1
I20,0,6,0,9,6,0,0,0,0,0,0,0,8,2,0,6,1,0,-1,-1,-1,0,0,0,0:0.04/-1:0.94/3:0.02,0:0.04/-1:0.94/20:0.02,0:0.06/-1:0.94,-1,-1,-1
GATCGTAAGAATAACC-1,21,6,0,9,6,0,-1,-1,-1,17,31,0,8,2,0,6,1,0,-1,-1,-1,2,3,0,-1,-1,-1,-1,-1,-1
I21,0:0.02/12:0.98,6,0,9,6,0,0,0,0,0,0,0,8,2,0,6,1,0,-1,-1,-1,0,0,0,0:0.01/-1:0.99,0:0.01/-1:0.99,0:0.01/-1:0.99,-1,-1,-1
TGCATGAAGATGACCG-1,12,6,0,9,6,0,-1,-1,-1,0,5,0,8,2,0,6,1,0,-1,-1,-1,30,44,0,-1,-1,-1,-1,-1,-1
ACGATCACAAGCCCAC-1,12,6,0,9,6,0,0,0,0,0,0,0,8,2,0,6,1,0,-1,-1,-1,0,0,0,-1,-1,-1,-1,-1,-1
I22,0,0:0.01/7:0.99,0,3,7,0,0,6,0,2,6,0,3,7,0,0,0,0,0,5,0,3,7,0,0,0:0.02/1:0.98,0,0,0:0.1/1:0.9,0
I23,0,0:0.01/7:0.99,0,3,7,0,0,6,0,2,6,0,3,7,0,0,0,0,0,5,0,3,7,0,0,0:0.01/1:0.99,0,0,0:0.09/1:0.91,0
CATTGCCCACGTCTCT-1,-1,-1,-1,3,7,0,0,6,0,2,6,0,3,7,0,24,31,0,0,5,0,3,7,0,-1,-1,-1,0,1,0
ACCGTTCGTAAGCAAT-1,0,7,0,3,7,0,0,6,0,2,6,0,3,7,0,10,15,0,0,5,0,3,7,0,0,1,0,0,1,0
I24,0,7,0,3,7,0,0,6,0,2,6,0,3,7,0,0,0,0,0:0.02/2:0.98,5,0,3,7,0,0,0:0.01/1:0.99,0,0:0.04/-1:0.96,-1:0.96/1:0.04,0:0.04/-1:0.96
TTTACTGTCTAGGCCG-1,0,7,0,3,7,0,7,6,0,2,6,0,3,7,0,30,42,0,2,5,0,3,7,0,0,1,0,-1,-1,-1
I25,0,7,0,3,7,0,0,6,0,2,6,0,3,7,0,0,0,0,2,5,0,3,7,0,-1,-1,-1,-1,-1,-1
GGTGTTACATCTCGTC-1,23,7,0,3,7,0,0,6,7,2,6,0,3,7,0,0,16,0,2,5,0,3,7,0,-1,-1,-1,-1,-1,-1
I26,0,7,0,3,7,0,0,6,0,2,6,0,3,7,0,0,0,0,2,5,0,3,7,0,-1,-1,-1,-1,-1,-1
GGGTTATGTCCTGGTG-1,20,7,0,3,7,0,30,6,0,2,6,0,3,7,0,0,0,0,2,5,0,3,7,0,-1,-1,-1,-1,-1,-1
I27,0,7,0,3,7,0,0,6,0,2,6,0,3,7,0,0,0:0.96/8:0.04,0,2,5,0,3,7,0,-1,-1,-1,-1,-1,-1
GTGAGGACAATGCTCA-1,0,7,0,3,7,0,32,6,0,2,6,0,3,7,0,0,8,0,2,5,0,3,7,0,-1,-1,-1,-1,-1,-1
AACCCAAAGAGATTCA-1,0,7,0,3,7,0,0,6,0,2,6,0,3,7,0,-1,-1,-1,2,5,0,3,7,0,-1,-1,-1,-1,-1,-1
