(((CATCGGGAGAGAGTGA-1:5.055,TCACACCAGACTCTTG-1:1.055)I7:10.207,(((((GGAACCCTCGTCCATC-1:3.039,TGTAACGTCCACGTAA-1:3.007)I6:3.138,CTACATTAGGCCTAGA-1:10.484)I5:2.891,(GCACATATCGTAGTCA-1:5.002,GTGGAAGCAACCGTGC-1:10.002)I4:0)I3:2.014,ACCAAACTCACTTGTT-1:8.015)I2:2.04,CTGTGAAGTGTCACAT-1:9.055)I1:2.194)13:2.784)I0;
I0,0,0,0,0,0,0,0,0,0,0,0,0,0,0,0,0,0,0,0,0,0,0,0,0,0,0,0,0,0,0
13,0,0,0,0,0,0,0,0,0,0,0,0,0,0,0,0,0,0,0,0,0,0,0,0,0,0,0,0:0.07/-1:0.92/1:0.008,0:0.07/-1:0.92/1:0.005/2:0.001/3:0.001/4:0.001,0:0.07/-1:0.92/1:0.01
I1,0,0:0.01/15:0.99,0,0,0,0,0,0,0,0,0,0,0,0,0,0,0,0,0,0,0,0,0:0.02/14:0.98,0,0,0,0,0:0.01/-1:0.99,0:0.01/-1:0.99,0:0.01/-1:0.99
CTGTGAAGTGTCACAT-1,0,15,0,0,32,0,24,31,0,0,28,0,0,31,0,0,11,0,0,32,0,0,14,0,10,17,0,-1,-1,-1
I2,0,15,0,0,0,0,0,0,0,0,0,0,0:0.01/10:0.99,0:0.01/13:0.99,0,0,0,0,0,0,0,0,14,0,0,0,0,-1,-1,-1
ACCAAACTCACTTGTT-1,0,15,0,3,11,0,0,13,0,0,5,0,10,13,0,9,8,0,0,14,0,0,14,0,0,5,0,-1,-1,-1
I3,0,15,0,0,0,0,0,0,0,4,27,0,10,13,0,0,0,0,0,0,0,0,14,0,0,0,0,-1,-1,-1
I4,0,15,0,0,0,0,0,0,0,4,27,0,10,13,0,0,0,0,0,0,0,0,14,0,0,0,0,-1,-1,-1
GTGGAAGCAACCGTGC-1,0,15,0,19,28,0,3,9,0,4,27,0,10,13,0,5,8,0,0,7,0,23,14,0,15,24,0,-1,-1,-1
GCACATATCGTAGTCA-1,0,15,0,3,11,0,0,0,0,4,27,0,10,13,0,0,11,0,0,34,0,0,14,0,0,22,0,-1,-1,-1
I5,0,15,0,0,0:0.66/21:0.34,0,0,0,0,4,27,0,10,13,0,0,0,0,0,0,0,0,14,0,0:0.15/-1:0.84/1:0.001/2:0.001/3:0.008/5:0.008/6:0.009/7:0.003/8:0.001/11:0.002/12:0.006/13:0.005/15:0.008/16:0.006,0:0.15/-1:0.84/1:0.009/2:0.001/3:0.006/4:0.002/5:0.009/6:0.001/7:0.004/9:0.001/10:0.001/11:0.003/12:0.001/14:0.009/15:0.004/16:0.008/17:0.005/18:0.005/19:0.002/20:0.003/22:0.001/23:0.001/24:0.003/25:0.006/26:0.005/27:0.003,0:0.15/-1:0.84/2:0.001/3:0.006,-1,-1,-1
CTACATTAGGCCTAGA-1,19,15,0,-1,-1,-1,15,29,5,4,27,0,10,13,0,0,6,0,0,7,0,23,14,0,-1,-1,-1,-1,-1,-1
I6,0,15,0,0,0:0.01/21:0.99,0,0,0,0,4,27,0,10,13,0,0:0.48/3:0.52,0:0.48/39:0.52,0,0,0:0.01/2:0.99,0,0,14,0,0:0.01/-1:0.99,0:0.01/-1:0.99,0:0.01/-1:0.99,-1,-1,-1
TGTAACGTCCACGTAA-1,7,15,0,0,21,0,0,2,0,4,27,0,10,13,0,3,39,0,0,2,0,0,14,0,-1,-1,-1,-1,-1,-1
GGAACCCTCGTCCATC-1,0,15,0,0,21,0,0,0,0,4,27,0,10,13,0,-1,-1,-1,0,2,0,0,14,0,-1,-1,-1,-1,-1,-1
I7,0,0,0,18,27,0,0,24,0,0,15,0,0,26,0,0,8,0,0,7,0,0,0,0,0:0.01/-1:0.99,0:0.01/-1:0.99,0:0.01/-1:0.99,-1,-1,-1
TCACACCAGACTCTTG-1,0,0,0,18,27,0,0,24,0,0,15,0,0,26,0,0,8,0,0,7,0,0,10,0,-1,-1,-1,-1,-1,-1
CATCGGGAGAGAGTGA-1,18,10,0,18,27,0,0,24,0,0,15,0,0,26,0,22,8,0,0,7,0,3,7,0,-1,-1,-1,-1,-1,-1
(((((CTGCAGGGTTCGGCTG-1:4.025,ACGGGTCTCTACTATC-1:2.724)I9:3.284,(ACCAACATCATTCACT-1:1.008,(CTTGATTAGGAATCGC-1:3,((((TGAGACTCATCGAACT-1:1.005,TCATGGACACCATTCC-1:1.005)I8:0.995,CAATTTCTCTAGAACC-1:1)I7:0,AGATGAATCTAAGGAA-1:3)I6:0,TCACGGGTCACCTTAT-1:3)I5:0)I4:3.008)I3:0)I2:3.133,CCATAAGAGATTGATG-1:8.083)I1:2.21,GCACTAATCCAAGCCG-1:12.152)14:12.734)I0;
I0,0,0,0,0,0,0,0,0,0,0,0,0,0,0,0,0,0,0,0,0,0,0,0,0,0,0,0,0,0,0
14,10,16,0,7,12,0,0:0.57/6:0.43,0:0.57/11:0.43,0,0:0.01/7:0.99,12,0,11,14,0,0,0,0,0,0,0,0,0:0.01/2:0.99,0,0,0,0,0:0.03/-1:0.96/1:0.008,0:0.03/-1:0.96/1:0.005/2:0.001/3:0.001/4:0.001,0:0.03/-1:0.96/1:0.01
GCACTAATCCAAGCCG-1,10,16,0,7,12,0,-1,-1,-1,7,12,0,11,14,0,25,34,0,18,35,5,7,2,0,-1,-1,-1,-1,-1,-1
I1,10,16,0,7,12,0,0:0.47/6:0.53,0:0.47/11:0.53,0,7,12,0,11,14,0,0,0,0,0,15,0:0.12/2:0.88,0,2,0,0,0,0,0:0.01/-1:0.99,0:0.01/-1:0.99,0:0.01/-1:0.99
CCATAAGAGATTGATG-1,10,16,0,7,12,0,6,11,0,7,12,0,11,14,0,-1,-1,-1,1,15,2,0,2,0,-1,-1,-1,-1,-1,-1
I2,10,16,0,7,12,0,-1,-1,-1,7,12,0,11,14,0,0,0,0,0,15,2,0,2,0,0,0,0,-1,-1,-1
I3,10,16,0,7,12,0,-1,-1,-1,7,12,0,11,14,0,0,0,0,0,15,2,0,2,0,0,0,0,-1,-1,-1
I4,10,16,0,7,12,0,-1,-1,-1,7,12,0,11,14,0,0,0,0,0,15,2,0,2,0,-1,-1,-1,-1,-1,-1
I5,10,16,0,7,12,0,-1,-1,-1,7,12,0,11,14,0,0,0,0,0,15,2,0,2,0,-1,-1,-1,-1,-1,-1
TCACGGGTCACCTTAT-1,10,16,0,7,12,0,-1,-1,-1,7,12,0,11,14,0,6,37,0,2,15,2,0,2,0,-1,-1,-1,-1,-1,-1
I6,10,16,0,7,12,0,-1,-1,-1,7,12,0,11,14,0,0,0,0,0,15,2,0,2,0,-1,-1,-1,-1,-1,-1
AGATGAATCTAAGGAA-1,10,16,0,7,12,0,-1,-1,-1,7,12,0,11,14,0,14,19,0,0,15,2,7,2,0,-1,-1,-1,-1,-1,-1
I7,10,16,0,7,12,0,-1,-1,-1,7,12,0,11,14,0,0,0,0,0,15,2,0,2,0,-1,-1,-1,-1,-1,-1
CAATTTCTCTAGAACC-1,10,16,0,7,12,0,-1,-1,-1,7,12,0,11,14,0,0,24,0,0,15,2,0,2,0,-1,-1,-1,-1,-1,-1
I8,10,16,0,7,12,0,-1,-1,-1,7,12,0,11,14,0,0,0:0.01/1:0.99,0,0,15,2,0,2,0,-1,-1,-1,-1,-1,-1
TCATGGACACCATTCC-1,10,16,0,7,12,0,-1,-1,-1,7,12,0,11,14,0,0,1,3,0,15,2,0,2,0,-1,-1,-1,-1,-1,-1
TGAGACTCATCGAACT-1,10,16,0,7,12,0,-1,-1,-1,7,12,0,11,14,0,10,1,0,0,15,2,0,2,0,-1,-1,-1,-1,-1,-1
CTTGATTAGGAATCGC-1,10,16,0,7,12,0,-1,-1,-1,7,12,0,11,14,0,-1,-1,-1,0,15,2,0,2,0,-1,-1,-1,-1,-1,-1
ACCAACATCATTCACT-1,10,16,0,7,12,0,-1,-1,-1,7,12,0,11,14,0,0,0,0,0,15,2,5,2,0,0,0,0,-1,-1,-1
I9,10,16,0,7,12,0,-1,-1,-1,7,12,0,11,14,0,0,0:0.02/8:0.98,0,0,15,2,0:0.01/8:0.99,2,0,0:0.57/4:0.43,0:0.57/8:0.43,0:0.57/1:0.43,-1,-1,-1
ACGGGTCTCTACTATC-1,10,16,0,7,12,0,-1,-1,-1,7,12,0,11,14,0,12,8,0,0,15,2,8,2,0,4,8,1,-1,-1,-1
CTGCAGGGTTCGGCTG-1,10,16,0,7,12,0,-1,-1,-1,7,12,0,11,14,0,2,8,0,0,15,2,8,2,0,-1,-1,-1,-1,-1,-1
(((TCGCTCATCTTCGGAA-1:1.309,(GACCCAGGTGGTATGG-1:2.011,(CCTCCTCAGATACTGA-1:3.01,GAAACCTGTCATCGGC-1:5.01)I40:0)I39:3.009)I38:11.692,(((((AACACACAGTTGTACC-1:0,(GGAACCCGTGATGGCA-1:0,TGCTCCACAACACACT-1:0)I37:0)I36:3,(TTAATCCGTCGTACAT-1:3,(GGTGAAGGTCTTTCTA-1:1.195,(TGAGGAGCAGGAATCG-1:0,(((AACCTTTAGACGGATC-1:0,AGGTAGGGTATCATGC-1:0)I35:0,ACCATTTTCCTATTTG-1:0)I34:0,TTCCTCTGTAGGCAGT-1:0)I33:0)I32:3.017)I31:1.805)I30:0)I29:15,(TGATTCTCAACATACC-1:6.504,(GTTACCCCAGGGATAC-1:0.002,(GTCACTCCATCGGTTA-1:2.001,AACTTCTGTGGCTTAT-1:4.002)I28:0.001)I27:9.41)I26:9.565)I25:0,((TGAGGTTAGATCCTAC-1:8.111,((TTTACTGTCGATTGGT-1:2.738,ACCCTTGTCAGGGATG-1:4.198)I24:3.301,(GATTGGTAGGTCCGAA-1:4.126,TCAGTGAGTATTAAGG-1:6.126)I23:0.89)I22:2.095)I21:7.893,((GCATGATAGTTGTACC-1:10.978,(GCATCTCTCCACCCTA-1:5.032,TGAGGAGGTAGCCAGA-1:1.31)I20:8.382)I19:3.407,TTCACCGCAAGCCTGC-1:19.004)I18:0)I17:0.996)I16:0,(((ATATCCTTCACATTGG-1:5,(CTCAAGAGTGGTTTGT-1:2,(GCGGAAAAGAGGTCAC-1:4.001,(AGAGCCCCACTGCATA-1:2,GGATCTATCAGGCGAA-1:6.001)I15:0.001)I14:0.999)I13:0)I12:1.008,TGGTAGTTCGCTTGAA-1:8.008)I11:4.992,(((GACATCAAGAGTCAGC-1:0.675,CGCATGGAGAAGTATC-1:5.007)I10:4.328,(((TACACCCCATGTGACT-1:1.003,GGGTATTGTCTGCAAT-1:0.003)I9:7.001,(AACAAGAAGTCGGGAT-1:1.333,AAAGTGATCACCGCTT-1:5.005)I8:6.67)I7:0,CCGGACAGTGGACTGA-1:9.003)I6:0)I5:2.998,ACGGAAGGTCGCGGTT-1:15)I4:0)I3:0)I2:0)I1:3)I0;
I0,0,0,0,0,0,0,0,0,0,0,0,0,0,0,0,0,0,0,0,0,0,0,0,0,0,0,0,0,0,0
I1,0,0,0,0,0,0,0,0,0,0,0,0,0,0,0,0,0,0,0,0,0,0,0,0,0,0,0,-1,-1,-1
I2,0,0,0,0,0,0,0,0,0,0,0,0,0,0,0,0,0,0,0,0,0,0,0,0,0,0,0,-1,-1,-1
I3,0,0,0,0,0,0,0,0,0,0,0,0,0,0,0,0,0,0,0,0,0,0,0,0,0,0,0,-1,-1,-1
I4,0,0,0,0,0,0,0,0,0,0,0,0,0,0,0,0,0,0,0,0,0,0,0,0,0,0,0,-1,-1,-1
ACGGAAGGTCGCGGTT-1,0,17,0,0,15,0,9,14,0,0,3,0,8,2,0,11,16,0,1,18,0,7,16,0,3,7,0,-1,-1,-1
I5,0,0,0,0,0,0,0,0,0,0,0,0,0,0,0,0,0,0,0,0,0,0,0,0,-1,-1,-1,-1,-1,-1
I6,0,0,0,0,0,0,0,0,0,0,0,0,0,0,0,0,0,0,0,0,0,0,0,0,-1,-1,-1,-1,-1,-1
CCGGACAGTGGACTGA-1,0,5,0,0,0,0,0,2,0,0,23,0,0,0,0,-1,-1,-1,0,28,0,5,28,0,-1,-1,-1,-1,-1,-1
I7,0,0,0,0,0,0,0,0,0,0,0,0,0,0,0,0,0,0,0,0,0,0,0,0,-1,-1,-1,-1,-1,-1
I8,0,3,0,0,3,0,0,2,0,0,2,0,0,3,0,0,3,0,0,0:0.33/3:0.67,0,0,0,0,-1,-1,-1,-1,-1,-1
AAAGTGATCACCGCTT-1,0,3,0,0,3,0,0,2,0,0,2,0,0,3,0,0,3,0,-1,-1,-1,2,3,0,-1,-1,-1,-1,-1,-1
AACAAGAAGTCGGGAT-1,0,3,0,0,3,0,0,2,0,0,2,0,0,3,0,0,3,0,0,3,0,0,2,0,-1,-1,-1,-1,-1,-1
I9,0,0,0,0,0,0,0,0,0,0,0,0,0,0,0,0,36,0,-1,-1,-1,-1,-1,-1,-1,-1,-1,-1,-1,-1
GGGTATTGTCTGCAAT-1,0,0,0,0,0,0,0,0,0,0,0,0,0,0,0,0,36,0,-1,-1,-1,-1,-1,-1,-1,-1,-1,-1,-1,-1
TACACCCCATGTGACT-1,0,0,0,0,0,0,0,0,0,0,18,0,0,0,0,0,36,0,-1,-1,-1,-1,-1,-1,-1,-1,-1,-1,-1,-1
I10,0,24,0,0,0,0,21,27,0,0,0,0,0,0,0,0:0.33/14:0.67,0:0.33/19:0.67,0,0,0,0,0,0,0,-1,-1,-1,-1,-1,-1
CGCATGGAGAAGTATC-1,0,24,0,0,0,0,21,27,0,0,0,0,0,10,0,-1,-1,-1,0,0,0,0,2,0,-1,-1,-1,-1,-1,-1
GACATCAAGAGTCAGC-1,0,24,0,0,0,0,21,27,0,0,0,0,0,0,0,14,19,0,0,0,0,0,0,0,-1,-1,-1,-1,-1,-1
I11,0,18,0,0,0,0,0,0:0.01/11:0.99,0,10,16,0,0,0,0,0,18,0,0,0,0,0,0,0,0,0,0,-1,-1,-1
TGGTAGTTCGCTTGAA-1,0,18,0,0,0,0,0,11,0,10,16,0,0,17,0,0,18,0,16,33,0,2,3,0,-1,-1,-1,-1,-1,-1
I12,0,18,0,0,0,0,0,11,0,10,16,0,0,0,0,0,18,0,0,12,0,0,0,0,0,0,0,-1,-1,-1
I13,0,18,0,0,0,0,0,11,0,10,16,0,0,0,0,0,18,0,0,12,0,0,0,0,0,0,0,-1,-1,-1
I14,0,18,0,0,0,0,0,11,0,10,16,0,0,17,0,0,18,0,0,12,0,0,0,0,0,0,0,-1,-1,-1
I15,0,18,0,0,0,0,0,11,0,10,16,0,0,17,0,0,18,0,0,12,0,0,0,0,0,0,0,-1,-1,-1
GGATCTATCAGGCGAA-1,0,18,0,0,0,0,0,11,0,10,16,0,0,17,0,0,18,0,0,12,0,-1,-1,-1,-1,-1,-1,-1,-1,-1
AGAGCCCCACTGCATA-1,0,18,0,0,0,0,0,11,0,10,16,0,0,17,0,0,18,0,0,12,0,0,0,0,9,13,0,-1,-1,-1
GCGGAAAAGAGGTCAC-1,0,18,0,0,0,0,0,11,0,10,16,0,0,17,0,0,18,0,-1,-1,-1,0,0,0,0,3,0,-1,-1,-1
CTCAAGAGTGGTTTGT-1,0,18,0,0,0,0,0,11,0,10,16,0,0,0,0,0,18,0,0,12,0,0,0,0,2,6,0,-1,-1,-1
ATATCCTTCACATTGG-1,0,18,0,0,0,0,0,11,0,10,16,0,0,10,0,0,18,0,0,12,0,0,13,0,-1,-1,-1,-1,-1,-1
I16,0,0,0,0,0,0,0,0,0,0,0,0,0,0,0,0,0,0,0,0,0,0,0,0,0,0,0,-1,-1,-1
I17,0,0,0,0,0,0,0,0,0,0,0,0,0,0,0,0,0,0,0,0,0,0,2,0,0,0,0,-1,-1,-1
I18,0,0,0,0,0,0,0,0,0,0,0,0,0,0,0,0,0,0,0,0,0,0,2,0,0,0,0,-1,-1,-1
TTCACCGCAAGCCTGC-1,20,5,0,9,38,0,-1,-1,-1,1,4,0,21,38,0,29,40,0,-1,-1,-1,23,2,0,7,11,0,-1,-1,-1
I19,0,0,0,0,0,0,0,0,0,0:0.1/6:0.9,0,0,0,0,0,0,0,0,0,0:0.71/36:0.29,0,0,2,0,0:0.26/-1:0.71/7:0.03,0:0.26/-1:0.71/11:0.03,0:0.26/-1:0.71/1:0.001/2:0.003/3:0.017,-1,-1,-1
I20,0,0:0.01/10:0.99,0,21,32,0,28,35,0,6,32,0,0,0,0,0,0:0.28/33:0.72,0,0,36,0,0,2,0,-1:0.99/7:0.01,-1:0.99/11:0.01,-1:0.99/2:0.001/3:0.006,-1,-1,-1
TGAGGAGGTAGCCAGA-1,0,10,0,21,32,0,28,35,0,6,32,0,0,37,0,0,33,0,0,36,0,0,2,0,-1,-1,-1,-1,-1,-1
GCATCTCTCCACCCTA-1,0,10,0,21,32,0,28,35,0,6,32,0,24,11,0,-1,-1,-1,0,36,0,0,2,0,-1,-1,-1,-1,-1,-1
GCATGATAGTTGTACC-1,0,27,0,3,1,5,0,0,0,6,15,0,0,32,0,0,35,0,-1,-1,-1,0,2,0,-1,-1,-1,-1,-1,-1
I21,0:0.01/11:0.99,0:0.01/7:0.99,0:0.07/3:0.93,0,14,0,0,0:0.01/5:0.99,0,8,13,0,0,0,0,0,0,0,0,17,0,0,2,0,0,0,0,-1,-1,-1
I22,11,7,0:0.01/3:0.99,0:0.01/4:0.99,14,0,8,5,0,8,13,0,0,0,0,0,0,0,0,17,0,0,2,0,0,0,0,-1,-1,-1
I23,11,7,3,4,14,0,8,5,0,8,13,0,0,0:0.12/2:0.88,0,0,0,0,0,17,0,0,2,0,0,0,0,-1,-1,-1
TCAGTGAGTATTAAGG-1,11,7,3,4,14,0,8,5,0,8,13,0,8,2,0,10,8,0,0,17,0,0,2,0,5,14,3,-1,-1,-1
GATTGGTAGGTCCGAA-1,11,7,3,4,14,0,8,5,0,8,13,0,0,2,0,6,33,0,0,17,0,0,2,0,6,20,0,-1,-1,-1
I24,11,7,3,4,14,0,8,5,0,8,13,0,0,0,0,0,0:0.54/41:0.46,0,0,17,0,0,2,0,0:0.06/-1:0.93/1:0.001/2:0.001/3:0.008/5:0.008/6:0.009/7:0.003/8:0.001/11:0.002/12:0.006/13:0.005/15:0.008/16:0.006,0:0.06/-1:0.93/1:0.009/2:0.001/3:0.006/4:0.002/5:0.009/6:0.001/7:0.004/9:0.001/10:0.001/11:0.003/12:0.001/14:0.009/15:0.004/16:0.008/17:0.005/18:0.005/19:0.002/20:0.003/22:0.001/23:0.001/24:0.003/25:0.006/26:0.005/27:0.003,0:0.06/-1:0.93/2:0.001/3:0.006,-1,-1,-1
ACCCTTGTCAGGGATG-1,11,7,3,4,14,0,8,5,0,8,13,0,0,15,0,-1,-1,-1,0,17,0,0,2,0,-1,-1,-1,-1,-1,-1
TTTACTGTCGATTGGT-1,11,7,3,4,14,0,8,5,0,8,13,0,31,39,0,0,41,0,0,17,0,0,2,0,-1,-1,-1,-1,-1,-1
TGAGGTTAGATCCTAC-1,11,7,3,0,14,0,0,5,0,8,13,0,-1,-1,-1,3,8,0,0,17,0,0,2,0,-1,-1,-1,-1,-1,-1
I25,0,0,0,0,0,0,0,0,0,0,0,0,0,0,0,0,0,0,0,0,0,0,0,0,0,0,0,-1,-1,-1
I26,0,0,0,0:0.09/-1:0.89/2:0.02,0:0.09/-1:0.89/5:0.02,0:0.09/-1:0.89/3:0.001/7:0.001,0,9,0,0,8,0,0,0,0,0,0:0.03/9:0.97,0,0:0.02/4:0.98,0:0.02/8:0.98,0,0,0:0.01/10:0.99,0,0:0.55/5:0.45,0:0.55/9:0.45,0,-1,-1,-1
I27,5,2,0,-1,-1,-1,3,9,0,3,8,0,0,0,0,6,9,0,4,8,0,5,10,0,-1,-1,-1,-1,-1,-1
I28,5,2,0,-1,-1,-1,3,9,0,3,8,0,0,0,0,6,9,0,4,8,0,5,10,0,-1,-1,-1,-1,-1,-1
AACTTCTGTGGCTTAT-1,5,2,0,-1,-1,-1,3,9,0,3,8,1,-1,-1,-1,6,9,0,4,8,0,5,10,0,-1,-1,-1,-1,-1,-1
GTCACTCCATCGGTTA-1,5,2,0,-1,-1,-1,3,9,0,3,8,0,25,33,0,6,9,0,4,8,0,5,10,0,-1,-1,-1,-1,-1,-1
GTTACCCCAGGGATAC-1,5,2,0,-1,-1,-1,3,9,0,3,8,0,0,0,0,6,9,0,4,8,0,5,10,0,-1,-1,-1,-1,-1,-1
TGATTCTCAACATACC-1,24,31,0,-1,-1,-1,0,9,0,0,8,0,4,17,0,23,9,0,4,8,0,0,10,0,5,9,0,-1,-1,-1
I29,0,5,0,2,5,0,2,4,0,1,4,0,1,5,0,1,5,0,0,0,0,0,5,2,1,2,0,-1,-1,-1
I30,0,5,0,2,5,0,2,4,0,1,4,0,1,5,0,1,5,0,0,0,0,0,5,2,1,2,0,-1,-1,-1
I31,0:0.02/3:0.98,5,0,2,5,0,2,4,0,1,4,0,1,5,0,1,5,0,0,0:0.59/15:0.41,0:0.59/2:0.41,0,5,2,1,2,0,-1,-1,-1
I32,3,5,0,2,5,0,2,4,0,1,4,0,1,5,0,1,5,0,-1,-1,-1,0,5,2,1,2,0,-1,-1,-1
I33,3,5,0,2,5,0,2,4,0,1,4,0,1,5,0,1,5,0,-1,-1,-1,0,5,2,1,2,0,-1,-1,-1
TTCCTCTGTAGGCAGT-1,3,5,0,2,5,0,2,4,0,1,4,0,1,5,0,1,5,0,-1,-1,-1,0,5,2,1,2,0,-1,-1,-1
I34,3,5,0,2,5,0,2,4,0,1,4,0,1,5,0,1,5,0,-1,-1,-1,0,5,2,1,2,0,-1,-1,-1
ACCATTTTCCTATTTG-1,3,5,0,2,5,0,2,4,0,1,4,0,1,5,0,1,5,0,-1,-1,-1,0,5,2,1,2,0,-1,-1,-1
I35,3,5,0,2,5,0,2,4,0,1,4,0,1,5,0,1,5,0,-1,-1,-1,0,5,2,1,2,0,-1,-1,-1
AGGTAGGGTATCATGC-1,3,5,0,2,5,0,2,4,0,1,4,0,1,5,0,1,5,0,-1,-1,-1,0,5,2,1,2,0,-1,-1,-1
AACCTTTAGACGGATC-1,3,5,0,2,5,0,2,4,0,1,4,0,1,5,0,1,5,0,-1,-1,-1,0,5,2,1,2,0,-1,-1,-1
TGAGGAGCAGGAATCG-1,3,5,0,2,5,0,2,4,0,1,4,0,1,5,0,1,5,0,-1,-1,-1,0,5,2,1,2,0,-1,-1,-1
GGTGAAGGTCTTTCTA-1,3,5,0,2,5,0,2,4,0,1,4,0,1,5,0,1,5,0,0,15,2,0,5,2,1,2,0,-1,-1,-1
TTAATCCGTCGTACAT-1,0,5,5,2,5,0,2,4,0,1,4,0,1,5,0,1,5,0,0,29,4,0,5,2,1,2,0,-1,-1,-1
I36,0,5,0,2,5,0,2,4,0,1,4,0,1,5,0,1,5,0,-1,-1,-1,0,5,2,1,2,0,-1,-1,-1
I37,0,5,0,2,5,0,2,4,0,1,4,0,1,5,0,1,5,0,-1,-1,-1,0,5,2,1,2,0,-1,-1,-1
TGCTCCACAACACACT-1,0,5,0,2,5,0,2,4,0,1,4,0,1,5,0,1,5,0,-1,-1,-1,0,5,2,1,2,0,-1,-1,-1
GGAACCCGTGATGGCA-1,0,5,0,2,5,0,2,4,0,1,4,0,1,5,0,1,5,0,-1,-1,-1,0,5,2,1,2,0,-1,-1,-1
AACACACAGTTGTACC-1,0,5,0,2,5,0,2,4,0,1,4,0,1,5,0,1,5,0,-1,-1,-1,0,5,2,1,2,0,-1,-1,-1
I38,0,0,0,0,1,0,20,11,0,2,24,0,18,28,0,12,32,0,0,0,0,15,29,0,0,0:0.29/1:0.71,0,-1,-1,-1
I39,0,0,0,0,1,0,20,11,0,2,24,0,18,28,0,12,32,0,0,0,0,15,29,0,-1,-1,-1,-1,-1,-1
I40,0,0,0,0,1,0,20,11,0,2,24,0,18,28,0,12,32,0,0,0,0,15,29,0,-1,-1,-1,-1,-1,-1
GAAACCTGTCATCGGC-1,17,15,0,0,1,0,20,11,0,2,24,0,18,28,0,12,32,0,-1,-1,-1,15,29,0,-1,-1,-1,-1,-1,-1
CCTCCTCAGATACTGA-1,0,6,0,20,1,0,20,11,0,2,24,0,18,28,0,12,32,0,0,17,0,15,29,0,-1,-1,-1,-1,-1,-1
GACCCAGGTGGTATGG-1,0,27,0,0,1,0,20,11,0,2,24,0,18,28,0,12,32,0,0,18,0,15,29,0,-1,-1,-1,-1,-1,-1
TCGCTCATCTTCGGAA-1,0,0,0,0,1,0,20,11,0,2,24,0,18,28,0,12,32,0,0,18,0,15,29,0,0,1,0,-1,-1,-1
(((CATGGATAGTGCACTT-1:6.717,((TGTTCATCAGAAATTG-1:3.009,ATACCTTAGTAGCATA-1:1.009)I17:0.008,ATTACCTCAGTATTCG-1:5.016)I16:9.104)I15:9.274,((TCCTTTCAGCTCAGAG-1:16.045,((AGCTCAACAATGTTGC-1:13.052,(CTATCCGTCTCGTTTA-1:2.498,(TCTGCCAAGGTAAGAG-1:3.036,TTTGTTGGTTTCTTAC-1:0.036)I14:2.994)I13:3.053)I12:5.494,((AGCTCAAAGGTGAGCT-1:4.097,CTGAGCGGTATAATGG-1:2.725)I11:7.381,(CAGATACAGAGGATGA-1:0.442,((ACGTCCTGTTCTTCAT-1:2,(AAAGAACGTGTATTGC-1:2,(TCGTCCAGTGTTAACC-1:0,GTTTACTTCACCTCTG-1:0)I10:0)I9:0)I8:0.004,GCACATATCAAGTAAG-1:2.004)I7:3)I6:5.159)I5:2.445)I4:0.999)I3:1.192,CACGTTCAGTAGTCAA-1:14.235)I2:2.784)I1:0.01)I0;
I0,0,0,0,0,0,0,0,0,0,0,0,0,0,0,0,0,0,0,0,0,0,0,0,0,0,0,0,0,0,0
I1,0,0,0,0,0,0,0,0,0,0,0,0,0,0,0,0,0,0,0,0,0,0,0,0,0,0,0,0,0:0.99/3:0.01,0
I2,0,0,0,0,0,0,0,0,0,0,0,0,0,0,0,0,0,0,0,0,0,0,0,0,0,0,0,0:0.07/-1:0.92/1:0.008,0:0.07/-1:0.92/3:0.01,0:0.07/-1:0.92/1:0.01
CACGTTCAGTAGTCAA-1,17,7,0,0,25,0,6,12,0,0,3,0,0,25,0,0,30,0,-1,-1,-1,0,12,0,1,2,0,-1,-1,-1
I3,0,0,0,0,0,0,0,1,0,0,0,0,0,0,0,0,0,0,0,0,0,0,0,0,0,0,0,0:0.01/-1:0.99,0:0.01/-1:0.99,0:0.01/-1:0.99
I4,0,0,0,0,0,0,0,1,0,0,0:0.04/1:0.96,0,0,0,0,0,0,0,0,0,0,0,0,0,0,0,0,-1,-1,-1
I5,0,0,0,0,0:0.04/1:0.96,0,0,1,0,0,1,0,0,0,0,0,0:0.04/1:0.96,0,0,0,0,0,0,0,0:0.76/5:0.24,0:0.76/9:0.24,0,-1,-1,-1
I6,1,1,0,0,1,0,0,1,0,0,1,0,0,1,0,0,1,0,0,1,0,0,0,0,0:0.22/5:0.78,0:0.22/9:0.78,0,-1,-1,-1
I7,1,1,0,0,1,0,0,1,0,0,1,0,0,1,0,0,1,0,0,1,0,0,0,0,-1,-1,-1,-1,-1,-1
GCACATATCAAGTAAG-1,1,1,0,0,1,0,0,1,0,0,1,0,0,1,0,0,1,0,0,1,0,23,12,0,-1,-1,-1,-1,-1,-1
I8,1,1,0,0,1,0,0,1,0,0,1,0,0,1,0,0,1,0,0,1,0,0,0,0,-1,-1,-1,-1,-1,-1
I9,1,1,0,0,1,0,0,1,0,0,1,0,0,1,0,0,1,0,0,1,0,0,0,0,-1,-1,-1,-1,-1,-1
I10,1,1,0,0,1,0,0,1,0,0,1,0,0,1,0,0,1,0,0,1,0,0,0,0,-1,-1,-1,-1,-1,-1
GTTTACTTCACCTCTG-1,1,1,0,0,1,0,0,1,0,0,1,0,0,1,0,0,1,0,0,1,0,0,0,0,-1,-1,-1,-1,-1,-1
TCGTCCAGTGTTAACC-1,1,1,0,0,1,0,0,1,0,0,1,0,0,1,0,0,1,0,0,1,0,0,0,0,-1,-1,-1,-1,-1,-1
AAAGAACGTGTATTGC-1,1,1,0,0,1,0,0,1,0,0,1,0,0,1,0,0,1,0,0,1,0,1,1,0,-1,-1,-1,-1,-1,-1
ACGTCCTGTTCTTCAT-1,1,1,0,0,1,0,0,1,0,0,1,0,0,1,0,0,1,0,0,1,0,5,17,0,-1,-1,-1,-1,-1,-1
CAGATACAGAGGATGA-1,1,1,0,0,1,0,0,1,0,0,1,0,0,1,0,0,1,0,0,1,0,0,0,0,5,9,0,-1,-1,-1
I11,0,0:0.01/2:0.99,0,0,1,0,0,1,0,0,1,0,0,0,0,0,1,0,0:0.31/15:0.69,0:0.31/31:0.69,0,0:0.01/7:0.99,0:0.01/12:0.99,0,0:0.01/-1:0.97/5:0.02,0:0.01/-1:0.97/9:0.02,0:0.02/-1:0.97/2:0.001/3:0.006,-1,-1,-1
CTGAGCGGTATAATGG-1,0,2,0,0,1,0,0,1,0,0,1,0,22,30,0,0,1,0,15,31,0,7,12,0,-1,-1,-1,-1,-1,-1
AGCTCAAAGGTGAGCT-1,0,2,0,0,1,0,0,1,0,3,1,0,0,0,0,0,1,0,-1,-1,-1,7,12,0,-1,-1,-1,-1,-1,-1
I12,0,0:0.01/20:0.99,0,0,0,0,12,1,0,0,1,0,0,0:0.03/2:0.97,0,15,0:0.01/23:0.99,0,0,0:0.5/1:0.5,0,0,0,0,0,0,0,-1,-1,-1
I13,0,20,0,0,0,0,12,1,0,0:0.01/3:0.99,1,0,0,2,0,15,23,0,0,1,0,0,0:0.01/2:0.99,0,0,0:0.47/1:0.53,0,-1,-1,-1
I14,0,20,0,0,0,0,12,1,0,3,1,0,0,2,0,15,23,0,0,1,0,0,2,0,0:0.01/-1:0.99,0:0.01/-1:0.99,0:0.01/-1:0.99,-1,-1,-1
TTTGTTGGTTTCTTAC-1,0,20,0,0,0,0,12,1,0,3,1,0,0,2,0,15,23,0,0,1,0,0,2,0,-1,-1,-1,-1,-1,-1
TCTGCCAAGGTAAGAG-1,20,20,0,0,9,0,12,1,0,3,1,0,0,2,0,15,23,0,0,1,0,15,2,0,-1,-1,-1,-1,-1,-1
CTATCCGTCTCGTTTA-1,20,20,0,0,0,0,12,1,0,3,1,0,0,2,0,15,23,0,0,1,0,15,2,0,0,1,0,-1,-1,-1
AGCTCAACAATGTTGC-1,0,20,0,13,19,2,12,1,0,4,1,0,4,2,0,15,23,0,-1,-1,-1,16,23,3,10,15,0,-1,-1,-1
TCCTTTCAGCTCAGAG-1,0,10,0,24,36,0,6,1,0,0,40,0,-1,-1,-1,10,8,0,-1,-1,-1,0,8,0,16,25,0,-1,-1,-1
I15,9,13,0,0,0,0,0,0:0.03/15:0.97,0,9,14,0,0,0:0.03/2:0.97,0,0,0:0.03/10:0.97,0,0,0:0.53/18:0.47,0,0,0:0.02/9:0.98,0,0,0:0.53/1:0.47,0,0,0:0.53/3:0.47,0
I16,9,13,0,0,0,0,0,15,0,9,14,0,0,2,0,0,10,0,-1,-1,-1,0,9,0,-1,-1,-1,-1,-1,-1
ATTACCTCAGTATTCG-1,9,13,0,0,6,0,0,15,0,9,14,0,9,2,0,0,10,0,-1,-1,-1,-1,-1,-1,-1,-1,-1,-1,-1,-1
I17,9,13,0,0,0,0,0,15,0,9,14,0,0,2,0,0,10,0,-1,-1,-1,0,9,0,-1,-1,-1,-1,-1,-1
ATACCTTAGTAGCATA-1,9,13,0,0,0,0,15,15,0,9,14,0,0,2,0,0,10,0,-1,-1,-1,0,9,0,-1,-1,-1,-1,-1,-1
TGTTCATCAGAAATTG-1,9,13,0,0,0,0,17,15,0,9,14,0,4,2,0,12,10,0,-1,-1,-1,0,9,0,-1,-1,-1,-1,-1,-1
CATGGATAGTGCACTT-1,9,13,0,0,2,0,17,15,0,9,14,0,4,2,0,12,10,0,0,18,0,20,9,0,0,1,0,0,3,0
(((TCATGCCTCCTGGGTG-1:12.547,((((TATTCCACAGCAAGAC-1:4,(CTCAAGAGTATGTGTC-1:1.011,CAAGAGGCAGGACATG-1:3.011)I27:0.989)I26:0,(CCACACTGTGTGACCC-1:4.03,ACTGCAAGTGCATTTG-1:2.366)I25:1.634)I24:0,((GAAACCTCAACGATTC-1:0.001,(TTCGATTGTTAGGCCC-1:0,ATCACTTCATTGTGCA-1:0)I23:0.001)I22:3.003,(CTCTGGTGTACCAATC-1:2,(TCAGTTTAGTTGCTCA-1:2,((CCTTGTGCAGTTAGGG-1:1,((TAACCAGAGTCGTTAC-1:0,ACACCAATCCATTTAC-1:0)I21:0,CCCATTGCATCGGCCA-1:1)I20:0)I19:0,GTGTTAGTCGCTGTTC-1:2)I18:0)I17:0)I16:0.003)I15:2.997)I14:3.042,(TGTTTGTAGGAGATAG-1:7.831,(GGAGGATAGCGTTACT-1:5.843,(GATCGTAAGAATAACC-1:8.218,(TGCATGAAGATGACCG-1:6.046,ACGATCACAAGCCCAC-1:0.046)I13:1.173)I12:3.074)I11:3.275)I10:2.211)I9:4.506)I8:3.508,((CATTGCCCACGTCTCT-1:8.087,ACCGTTCGTAAGCAAT-1:2.107)I7:0.01,(TTTACTGTCTAGGCCG-1:3.165,(GGTGTTACATCTCGTC-1:3.007,(GGGTTATGTCCTGGTG-1:2,(GTGAGGACAATGCTCA-1:1.954,AACCCAAAGAGATTCA-1:3)I6:0.046)I5:0.007)I4:3.149)I3:3.866)I2:12.869)I1:0.014)I0;
I0,0,0,0,0,0,0,0,0,0,0,0,0,0,0,0,0,0,0,0,0,0,0,0,0,0,0,0,0,0,0
I1,0,0,0,0,0,0,0,0,0,0,0,0,0,0,0,0,0,0,0,0,0,0,0,0,0,0,0,0,0:0.99/1:0.01,0
I2,0,0:0.01/7:0.99,0,3,7,0,0,6,0,2,6,0,3,7,0,0,0,0,0,5,0,3,7,0,0,0:0.01/1:0.99,0,0,0:0.1/1:0.9,0
I3,0,7,0,3,7,0,0,6,0,2,6,0,3,7,0,0,0,0,0:0.02/2:0.98,5,0,3,7,0,0,0:0.01/1:0.99,0,0:0.04/-1:0.95/1:0.008,-1:0.95/1:0.05,0:0.04/-1:0.95/1:0.01
I4,0,7,0,3,7,0,0,6,0,2,6,0,3,7,0,0,0,0,2,5,0,3,7,0,-1,-1,-1,-1,-1,-1
I5,0,7,0,3,7,0,0,6,0,2,6,0,3,7,0,0,0,0,2,5,0,3,7,0,-1,-1,-1,-1,-1,-1
I6,0,7,0,3,7,0,0,6,0,2,6,0,3,7,0,0,0:0.95/8:0.05,0,2,5,0,3,7,0,-1,-1,-1,-1,-1,-1
AACCCAAAGAGATTCA-1,0,7,0,3,7,0,0,6,0,2,6,0,3,7,0,-1,-1,-1,2,5,0,3,7,0,-1,-1,-1,-1,-1,-1
GTGAGGACAATGCTCA-1,0,7,0,3,7,0,32,6,0,2,6,0,3,7,0,0,8,0,2,5,0,3,7,0,-1,-1,-1,-1,-1,-1
GGGTTATGTCCTGGTG-1,20,7,0,3,7,0,30,6,0,2,6,0,3,7,0,0,0,0,2,5,0,3,7,0,-1,-1,-1,-1,-1,-1
GGTGTTACATCTCGTC-1,23,7,0,3,7,0,0,6,7,2,6,0,3,7,0,0,16,0,2,5,0,3,7,0,-1,-1,-1,-1,-1,-1
TTTACTGTCTAGGCCG-1,0,7,0,3,7,0,7,6,0,2,6,0,3,7,0,30,42,0,2,5,0,3,7,0,0,1,0,-1,-1,-1
I7,0,0:0.01/7:0.99,0,3,7,0,0,6,0,2,6,0,3,7,0,0,0,0,0,5,0,3,7,0,0,0:0.01/1:0.99,0,0,0:0.09/1:0.91,0
ACCGTTCGTAAGCAAT-1,0,7,0,3,7,0,0,6,0,2,6,0,3,7,0,10,15,0,0,5,0,3,7,0,0,1,0,0,1,0
CATTGCCCACGTCTCT-1,-1,-1,-1,3,7,0,0,6,0,2,6,0,3,7,0,24,31,0,0,5,0,3,7,0,-1,-1,-1,0,1,0
I8,0,0,0,0,0:0.04/6:0.96,0,0,0,0,0,0,0,0,0,0,0,0,0,0,0,0,0,0,0,0,0,0,0:0.15/-1:0.83/1:0.016,0:0.15/-1:0.83/1:0.02,0:0.15/-1:0.83/1:0.02
I9,0,0:0.01/6:0.99,0,0,6,0,0,0,0,0,0,0,0:0.01/8:0.99,0:0.01/2:0.99,0,0,0:0.01/1:0.99,0,0,0,0,0,0,0,0,0,0,-1,-1,-1
I10,0,6,0,0:0.05/9:0.95,6,0,0,0,0,0,0,0,8,2,0,0:0.05/6:0.95,1,0,0:0.87/2:0.13,0:0.87/19:0.13,0,0,0,0,0,0,0,-1,-1,-1
I11,0,6,0,9,6,0,0,0,0,0,0,0,8,2,0,6,1,0,0:0.07/-1:0.91/2:0.02,0:0.07/-1:0.91/19:0.02,0:0.09/-1:0.91,0,0,0,0:0.78/3:0.22,0:0.78/20:0.22,0,-1,-1,-1
I12,0,6,0,9,6,0,0,0,0,0,0,0,8,2,0,6,1,0,-1:0.99/2:0.01,-1:0.99/19:0.01,0:0.01/-1:0.99,0,0,0,0:0.05/-1:0.93/3:0.02,0:0.05/-1:0.93/20:0.02,0:0.06/-1:0.93/2:0.001/3:0.006,-1,-1,-1
I13,0:0.02/12:0.98,6,0,9,6,0,0,0,0,0,0,0,8,2,0,6,1,0,-1,-1,-1,0,0,0,0:0.01/-1:0.99,0:0.01/-1:0.99,0:0.01/-1:0.99,-1,-1,-1
ACGATCACAAGCCCAC-1,12,6,0,9,6,0,0,0,0,0,0,0,8,2,0,6,1,0,-1,-1,-1,0,0,0,-1,-1,-1,-1,-1,-1
TGCATGAAGATGACCG-1,12,6,0,9,6,0,-1,-1,-1,0,5,0,8,2,0,6,1,0,-1,-1,-1,30,44,0,-1,-1,-1,-1,-1,-1
GATCGTAAGAATAACC-1,21,6,0,9,6,0,-1,-1,-1,17,31,0,8,2,0,6,1,0,-1,-1,-1,2,3,0,-1,-1,-1,-1,-1,-1
GGAGGATAGCGTTACT-1,0,6,0,9,6,0,3,11,0,19,34,0,8,2,0,6,1,0,-1,-1,-1,0,0,0,3,20,0,-1,-1,-1
TGTTTGTAGGAGATAG-1,25,6,0,9,6,0,0,0,0,3,34,0,8,2,0,6,1,0,2,19,0,0,29,0,5,9,0,-1,-1,-1
I14,0,6,0,0,6,0,0,12,0,0,11,0,8,2,0,0,1,0,0,0,0,0,0,0,0,1,0,-1,-1,-1
I15,0,6,0,0,6,0,0,12,0,0,11,0,8,2,0,0,1,0,-1,-1,-1,0,0,0,0,1,0,-1,-1,-1
I16,0,6,0,0,6,0,0,12,0,0,11,0,8,2,0,0,1,0,-1,-1,-1,0,0,0,0,1,0,-1,-1,-1
I17,0,6,0,0,6,0,0,12,0,0,11,0,8,2,0,0,1,0,-1,-1,-1,0,0,0,0,1,0,-1,-1,-1
I18,0,6,0,0,6,0,0,12,0,0,11,0,8,2,0,0,1,0,-1,-1,-1,0,0,0,0,1,0,-1,-1,-1
GTGTTAGTCGCTGTTC-1,0,6,0,0,6,0,0,12,0,0,11,0,8,2,0,0,1,0,-1,-1,-1,28,2,0,0,1,0,-1,-1,-1
I19,0,6,0,0,6,0,0,12,0,0,11,0,8,2,0,0,1,0,-1,-1,-1,0,0,0,0,1,0,-1,-1,-1
I20,0,6,0,0,6,0,0,12,0,0,11,0,8,2,0,0,1,0,-1,-1,-1,0,0,0,0,1,0,-1,-1,-1
CCCATTGCATCGGCCA-1,0,6,0,0,6,0,0,12,0,0,11,0,8,2,0,0,1,0,-1,-1,-1,0,14,0,0,1,0,-1,-1,-1
I21,0,6,0,0,6,0,0,12,0,0,11,0,8,2,0,0,1,0,-1,-1,-1,0,0,0,0,1,0,-1,-1,-1
ACACCAATCCATTTAC-1,0,6,0,0,6,0,0,12,0,0,11,0,8,2,0,0,1,0,-1,-1,-1,0,0,0,0,1,0,-1,-1,-1
TAACCAGAGTCGTTAC-1,0,6,0,0,6,0,0,12,0,0,11,0,8,2,0,0,1,0,-1,-1,-1,0,0,0,0,1,0,-1,-1,-1
CCTTGTGCAGTTAGGG-1,0,6,0,0,6,0,0,12,0,0,11,0,8,2,0,0,1,0,-1,-1,-1,22,0,0,0,1,0,-1,-1,-1
TCAGTTTAGTTGCTCA-1,0,6,0,0,6,0,0,12,0,0,11,0,8,2,0,0,1,0,-1,-1,-1,18,26,0,0,1,0,-1,-1,-1
CTCTGGTGTACCAATC-1,0,6,0,0,6,0,0,12,0,0,11,0,8,2,0,0,1,0,-1,-1,-1,11,12,0,0,1,0,-1,-1,-1
I22,0,6,0,0,6,0,0,12,0,0,11,0,8,2,0,0,1,0,-1,-1,-1,-1,-1,-1,0,1,0,-1,-1,-1
I23,0,6,0,0,6,0,0,12,0,0,11,0,8,2,0,0,1,0,-1,-1,-1,-1,-1,-1,0,1,0,-1,-1,-1
ATCACTTCATTGTGCA-1,0,6,0,0,6,0,0,12,0,0,11,0,8,2,0,0,1,0,-1,-1,-1,-1,-1,-1,0,1,0,-1,-1,-1
TTCGATTGTTAGGCCC-1,0,6,0,0,6,0,0,12,0,0,11,0,8,2,0,0,1,0,-1,-1,-1,-1,-1,-1,0,1,0,-1,-1,-1
GAAACCTCAACGATTC-1,0,6,0,0,6,0,0,12,0,0,11,0,8,2,0,0,1,0,-1,-1,-1,-1,-1,-1,0,1,0,-1,-1,-1
I24,0,6,0,0,6,0,0,12,0,0,11,0,8,2,0,0,1,0,0,0,0,0,0,0,0,1,0,-1,-1,-1
I25,0,6,0,0,6,0,0,12,0,0,11,0,8,2,0,0,1,0,0:0.03/2:0.97,0,0,0:0.67/10:0.33,0:0.67/19:0.33,0,0,1,0,-1,-1,-1
ACTGCAAGTGCATTTG-1,0,6,0,0,6,0,0,12,0,0,11,0,8,2,0,0,1,0,2,19,0,10,19,0,0,1,0,-1,-1,-1
CCACACTGTGTGACCC-1,0,6,0,0,6,0,0,12,0,0,11,0,8,2,0,0,1,0,2,7,0,-1,-1,-1,0,1,0,-1,-1,-1
I26,0,6,0,0,6,0,0,12,0,0,11,0,8,2,0,0,1,0,0,0,0,0,0,0,0,1,0,-1,-1,-1
I27,0,6,0,0,6,0,0,12,0,0,11,0,8,2,0,0,1,0,0,0,0,0,0:0.01/12:0.99,0,0,1,0,-1,-1,-1
CAAGAGGCAGGACATG-1,0,6,0,0,6,0,0,12,0,0,11,0,8,2,0,0,1,0,1,25,0,7,12,0,0,1,0,-1,-1,-1
CTCAAGAGTATGTGTC-1,0,6,0,0,6,0,0,12,0,0,11,0,8,2,0,0,1,0,0,18,0,0,12,0,0,1,0,-1,-1,-1
TATTCCACAGCAAGAC-1,0,6,0,0,6,0,0,12,0,0,11,0,8,2,0,0,1,0,9,43,0,6,42,0,0,1,0,-1,-1,-1
TCATGCCTCCTGGGTG-1,0,2,0,0,6,0,0,12,0,23,39,0,0,36,0,21,8,0,-1,-1,-1,0,43,0,0,1,0,-1,-1,-1
(((((TAGTGCATCCGCATAA-1:6.673,GTGTCCTTCCGCACGA-1:5.464)I15:4.831,(ATCAGGTTCCTCACCA-1:4.141,TGTTACTAGCGTTGTT-1:2.479)I14:6.697)I13:4.873,(((TTCATTGCAATAACGA-1:2.01,TTGTGTTCATGGCACC-1:5.01)I12:0.005,(AAGGAATTCTTACACT-1:1.176,TTTCATGTCAACCCGG-1:5.176)I11:2.851)I10:2.989,(CTCAGGGCACACCTGG-1:6.002,(TTCTGTAAGATGAATC-1:4,(GAGTTACTCGACCTAA-1:4,(TCTGTCGAGACGAAGA-1:0,TCCCAGTCACATATGC-1:4)I9:0)I8:0)I7:0.002)I6:0.002)I5:9.052)I4:2.411,((ATGTCTTCAGCTAACT-1:1.007,GAGATGGCAACGCATT-1:3.007)I3:1.202,TATATCCTCATAGCAC-1:7.07)I2:13.806)I1:0.01)I0;
I0,0,0,0,0,0,0,0,0,0,0,0,0,0,0,0,0,0,0,0,0,0,0,0,0,0,0,0,0,0,0
I1,0,0,0,0,0,0,0,0,0,0,0,0,0,0,0,0,0,0,0,0,0,0,0,0,0,0,0,0,0:0.99/4:0.01,0
I2,0,0,0,16,24,0,6,15,0,4,3,0,0,2,0,21,10,0,0,0:0.14/18:0.86,0,0,9,0,0,0,0,0:0.01/-1:0.99,0:0.01/-1:0.99,0:0.01/-1:0.99
TATATCCTCATAGCAC-1,0,2,0,16,24,0,6,15,0,4,3,0,0,2,0,21,10,0,-1,-1,-1,5,9,0,12,1,0,-1,-1,-1
I3,0,0,0,16,24,0,6,15,0,4,3,0,15,2,0,21,10,0,0,18,0,0,9,0,0,0,0,-1,-1,-1
GAGATGGCAACGCATT-1,0,7,0,16,24,0,6,15,0,4,3,0,15,2,0,21,10,0,0,18,0,0,9,0,2,6,0,-1,-1,-1
ATGTCTTCAGCTAACT-1,0,0,0,16,24,0,6,15,0,4,3,0,15,2,0,21,10,0,0,18,0,0,9,0,0,17,0,-1,-1,-1
I4,0,0:0.03/11:0.97,0,0,0,0,0,0,0,0,0,0,0,0,0,0,0:0.03/11:0.97,0,0:0.84/1:0.16,0:0.84/25:0.16,0,0,0,0,0,0,0,0,0:0.84/4:0.16,0
I5,0,11,0,0,9,0,0,0,0,4,0,0,0,0,0,3,11,0,-1,-1,-1,0,0,0,0,0,0,-1,-1,-1
I6,0,11,0,0,9,0,0,0,0,4,0,0,0,0,0,3,11,0,-1,-1,-1,0,0,0,0,0,0,-1,-1,-1
I7,0,11,0,0,9,0,0,0,0,4,0,0,0,0,0,3,11,0,-1,-1,-1,0,0,0,0,0,0,-1,-1,-1
I8,0,11,0,0,9,0,0,0,0,4,0,0,0,0,0,3,11,0,-1,-1,-1,0,0,0,0,0,0,-1,-1,-1
I9,0,11,0,0,9,0,0,0,0,4,0,0,0,0,0,3,11,0,-1,-1,-1,0,0,0,0,0,0,-1,-1,-1
TCCCAGTCACATATGC-1,0,11,0,0,9,0,0,11,0,4,0,0,9,17,0,3,11,0,-1,-1,-1,0,2,0,0,0,0,-1,-1,-1
TCTGTCGAGACGAAGA-1,0,11,0,0,9,0,0,0,0,4,0,0,0,0,0,3,11,0,-1,-1,-1,0,0,0,0,0,0,-1,-1,-1
GAGTTACTCGACCTAA-1,0,11,0,0,9,0,27,33,0,4,0,0,0,0,0,3,11,0,-1,-1,-1,2,3,0,0,0,0,-1,-1,-1
TTCTGTAAGATGAATC-1,0,11,0,0,9,0,0,2,0,4,0,0,0,3,0,3,11,0,-1,-1,-1,31,12,0,0,0,0,-1,-1,-1
CTCAGGGCACACCTGG-1,0,11,0,0,9,0,0,5,0,4,13,0,21,2,0,3,11,0,-1,-1,-1,24,33,0,0,0,0,-1,-1,-1
I10,0,11,0,0,9,0,0,0,0,4,0,0,0,0,0,3,11,0,-1,-1,-1,-1:0.99/2:0.006/4:0.006/5:0.009/6:0.008/7:0.008/8:0.003/9:0.001/10:0.001/13:0.001/14:0.002/15:0.009/17:0.003/18:0.001/19:0.001/21:0.001/23:0.008/24:0.001/25:0.003/29:0.001/31:0.007,-1:0.99/2:0.009/3:0.006/6:0.005/8:0.008/9:0.009/10:0.005/11:0.003/12:0.009/14:0.008/15:0.001/16:0.004/17:0.006/18:0.001/19:0.001/21:0.001/22:0.001/24:0.005/25:0.003/26:0.001/27:0.001/28:0.001/29:0.004/32:0.001/33:0.001/37:0.001/39:0.001/41:0.001/43:0.002/45:0.004,-1:0.99/4:0.006,0,0,0,-1,-1,-1
I11,0,11,0,0,9,0,0:0.05/-1:0.94/3:0.009/5:0.001/6:0.008/7:0.008/9:0.002/13:0.002/14:0.001/15:0.008/17:0.009/19:0.003/20:0.001/21:0.002/23:0.003/25:0.001/26:0.005/27:0.001/29:0.001/32:0.007,0:0.05/-1:0.94/1:0.001/2:0.004/3:0.003/4:0.008/5:0.008/6:0.001/7:0.002/10:0.004/11:0.009/12:0.009/13:0.002/14:0.004/15:0.009/19:0.002/23:0.001/24:0.003/27:0.002/33:0.001/34:0.001/36:0.001/37:0.006/38:0.003/39:0.005/41:0.005,0:0.05/-1:0.94/7:0.006,4,0,0,0,0,0,3,11,0,-1,-1,-1,-1,-1,-1,0,0,0,-1,-1,-1
TTTCATGTCAACCCGG-1,0,11,0,0,9,0,-1,-1,-1,4,13,0,8,40,0,3,11,0,-1,-1,-1,-1,-1,-1,7,11,0,-1,-1,-1
AAGGAATTCTTACACT-1,0,11,0,0,9,0,-1,-1,-1,4,0,0,0,11,0,3,11,0,-1,-1,-1,-1,-1,-1,0,0,0,-1,-1,-1
I12,0,11,0,0,9,0,0,0,0,4,0,0,0,0,0,3,11,0,-1,-1,-1,-1,-1,-1,0,0,0,-1,-1,-1
TTGTGTTCATGGCACC-1,0,11,0,0,9,0,33,15,0,4,13,0,1,5,0,3,11,0,-1,-1,-1,-1,-1,-1,0,0,0,-1,-1,-1
TTCATTGCAATAACGA-1,0,11,0,0,9,0,0,41,0,4,0,0,0,2,0,3,11,0,-1,-1,-1,-1,-1,-1,0,0,0,-1,-1,-1
I13,0,11,0,0,0,0,16,21,3,0,0,0,0,0,0,0,11,0,0:0.57/1:0.43,0:0.57/25:0.43,0,0,0,0,0,10,0,0,0:0.56/4:0.44,0
I14,0,11,0,0,0,0,16,21,3,0,0,0,0,0,0,0,11,0,0:0.17/1:0.83,0:0.17/25:0.83,0,0:0.02/-1:0.98,0:0.02/-1:0.98,0:0.02/-1:0.98,0,10,0,0:0.02/-1:0.98,0:0.01/-1:0.98/4:0.01,0:0.02/-1:0.98
TGTTACTAGCGTTGTT-1,0,11,0,0,0,0,16,21,3,0,15,0,0,0,0,0,11,0,1,25,0,-1,-1,-1,6,10,0,-1,-1,-1
ATCAGGTTCCTCACCA-1,0,11,0,0,22,0,16,21,3,0,0,0,0,0,0,0,11,0,-1,-1,-1,-1,-1,-1,0,10,0,-1,-1,-1
I15,0,11,0,0,0,0,16,21,3,0,0,0,0:0.55/29:0.45,0:0.55/35:0.45,0,0,11,0,0:0.05/-1:0.89/1:0.06,0:0.05/-1:0.89/25:0.06,0:0.09/-1:0.89/2:0.001/4:0.002,0,0,0,0:0.04/6:0.96,10,0,0,0:0.31/4:0.69,0
GTGTCCTTCCGCACGA-1,0,11,0,0,0,0,16,21,3,0,0,0,29,35,0,0,11,0,-1,-1,-1,0,39,0,6,10,0,-1,-1,-1
TAGTGCATCCGCATAA-1,0,11,0,0,0,0,16,21,3,4,37,0,-1,-1,-1,0,11,0,-1,-1,-1,0,21,0,6,10,0,0,4,0
((CCAATTTCAGACTGCC-1:2.494,(TTGTTTGAGCCTGAAG-1:1,((ATTCCATCAGACAATA-1:3,GTATTTCAGTGCGCTC-1:4)I3:0,AAGGAATTCGCTCTAC-1:1)I2:0)I1:3.052)9:16.519)I0;
I0,0,0,0,0,0,0,0,0,0,0,0,0,0,0,0,0,0,0,0,0,0,0,0,0,0,0,0,0,0,0
9,0,10,0,0,0,0,3,11,0,5,9,0,0,10,0,3,10,0,5,10,0,2,3,0,0:0.22/3:0.78,0:0.22/7:0.78,0,0:0.01/-1:0.99,0:0.01/-1:0.99,0:0.01/-1:0.99
I1,0,10,0,0,0,0,3,11,0,5,9,0,0,10,0,3,10,0,5,10,0,2,3,0,-1,-1,-1,-1,-1,-1
I2,0,10,0,0,0,0,3,11,0,5,9,0,0,10,0,3,10,0,5,10,0,2,3,0,-1,-1,-1,-1,-1,-1
AAGGAATTCGCTCTAC-1,7,10,0,0,0,0,3,11,0,5,9,0,0,10,0,3,10,0,5,10,0,2,3,0,-1,-1,-1,-1,-1,-1
I3,0,10,0,0,0,0,3,11,0,5,9,0,0,10,0,3,10,0,5,10,0,2,3,0,-1,-1,-1,-1,-1,-1
GTATTTCAGTGCGCTC-1,0,10,0,0,0,0,3,11,0,5,9,0,0,10,0,3,10,2,-1,-1,-1,2,3,0,-1,-1,-1,-1,-1,-1
ATTCCATCAGACAATA-1,0,10,0,-1,-1,-1,3,11,0,5,9,0,0,10,0,3,10,0,5,10,0,2,3,0,-1,-1,-1,-1,-1,-1
TTGTTTGAGCCTGAAG-1,0,10,0,0,0,0,3,11,0,5,9,0,30,10,0,3,10,0,5,10,0,2,3,0,-1,-1,-1,-1,-1,-1
CCAATTTCAGACTGCC-1,0,10,0,0,29,4,3,11,0,5,9,0,0,10,0,3,10,0,5,10,0,2,3,0,3,7,0,-1,-1,-1
(((TAAGCGTAGTTAGTGA-1:3.91,((CATGGATGTACACGTT-1:5.006,(CTCCTTTCAGGGAGAG-1:1,GTCATGAAGCGAATGC-1:0)I10:0.006)I9:1.051,CACTTCGGTACAGAGC-1:3.057)I8:2.993)I7:15.126,(ACCAAACAGTAAGAGG-1:6.443,(ATCCTATAGACCTTTG-1:2,((TTTCCTCCAATCAGCT-1:3,(AACTTCTCACTCTAGA-1:2.073,CATACCCGTTGCATTG-1:6.073)I6:1.927)I5:0,(TTTCAGTGTCTTTATC-1:0.023,TGCATCCAGATTCGCT-1:4.023)I4:0.977)I3:0)I2:3.076)I1:11.599)7:1.021)I0;
I0,0,0,0,0,0,0,0,0,0,0,0,0,0,0,0,0,0,0,0,0,0,0,0,0,0,0,0,0,0,0
7,0,0,0,0,0,0,0,0,0,0,0,0,0,0,0,0,0,0,0,0,0,0,0,0,0,0,0,0:0.66/-1:0.33/1:0.008,0:0.66/-1:0.33/1:0.005/2:0.001/3:0.001/4:0.001,0:0.66/-1:0.33/1:0.01
I1,0,0,0,0,0,0,4,7,0,0,0:0.01/1:0.99,0,5,9,1,0,0,0,0,6,1,0,0:0.01/9:0.99,0,0,0:0.37/1:0.63,0,0:0.01/-1:0.98/1:0.008,0:0.01/-1:0.98/1:0.005/2:0.001/3:0.001/4:0.001,0:0.01/-1:0.98/1:0.01
I2,0,0,0,0,0,0,4,7,0,0,1,0,5,9,1,0,0,0,0,6,1,0,9,0,-1,-1,-1,-1,-1,-1
I3,0,0,0,0,0,0,4,7,0,0,1,0,5,9,1,0,0,0,0,6,1,0,9,0,-1,-1,-1,-1,-1,-1
I4,0,0:0.02/5:0.98,0,0,0,0,4,7,0,0,1,0,5,9,1,0,0,0,0,6,1,0,9,0,-1,-1,-1,-1,-1,-1
TGCATCCAGATTCGCT-1,0,5,0,0,21,0,4,7,0,0,1,0,5,9,1,-1,-1,-1,0,6,1,0,9,0,-1,-1,-1,-1,-1,-1
TTTCAGTGTCTTTATC-1,0,5,0,0,0,0,4,7,0,0,1,0,5,9,1,0,0,0,0,6,1,0,9,0,-1,-1,-1,-1,-1,-1
I5,0,0,0,0,0,0,4,7,0,0,1,0,5,9,1,0,0,0,0,6,1,0,9,0,-1,-1,-1,-1,-1,-1
I6,0,0,0,0:0.04/4:0.96,0:0.03/7:0.97,0,4,7,0,0,1,0,5,9,1,0,0,0,0,6,1,0,9,0,-1,-1,-1,-1,-1,-1
CATACCCGTTGCATTG-1,5,10,0,4,7,0,4,7,0,3,1,0,5,9,1,20,27,0,0,6,1,19,9,0,-1,-1,-1,-1,-1,-1
AACTTCTCACTCTAGA-1,0,0,0,4,7,0,4,7,0,0,1,0,5,9,1,4,8,0,0,6,1,0,9,0,-1,-1,-1,-1,-1,-1
TTTCCTCCAATCAGCT-1,0,33,0,26,39,0,4,7,0,0,1,0,5,9,1,0,0,0,0,6,1,0,9,0,-1,-1,-1,-1,-1,-1
ATCCTATAGACCTTTG-1,0,0,0,0,23,0,4,7,0,0,1,0,5,9,1,0,24,0,0,6,1,0,9,0,-1,-1,-1,-1,-1,-1
ACCAAACAGTAAGAGG-1,7,14,2,6,7,0,4,7,0,0,1,0,5,9,1,0,14,0,0,6,1,0,9,0,0,1,0,-1,-1,-1
I7,0,0,0,5,10,0,6,11,0,0,0,0,7,12,0,3,12,0,0,11,0,2,3,0,0:0.29/11:0.71,0:0.29/19:0.71,0:0.29/2:0.71,0:0.01/-1:0.99,0:0.01/-1:0.99,0:0.01/-1:0.99
I8,0,0,0,5,10,0,6,11,0,0,0,0,7,12,0,3,12,0,0,11,0,2,3,0,-1:0.98/11:0.02,-1:0.98/19:0.02,-1:0.98/2:0.02,-1,-1,-1
CACTTCGGTACAGAGC-1,0,0,0,5,10,0,6,11,0,13,22,3,7,12,0,3,12,0,0,11,0,2,3,0,-1,-1,-1,-1,-1,-1
I9,0,0,0,5,10,0,6,11,0,0,10,0,7,12,0,3,12,0,0,11,0,2,3,0,-1,-1,-1,-1,-1,-1
I10,0,0,0,5,10,0,6,11,0,0,10,0,7,12,0,3,12,0,0,11,0,2,3,0,-1,-1,-1,-1,-1,-1
GTCATGAAGCGAATGC-1,0,0,0,5,10,0,6,11,0,0,10,0,7,12,0,3,12,0,0,11,0,2,3,0,-1,-1,-1,-1,-1,-1
CTCCTTTCAGGGAGAG-1,0,25,0,5,10,0,6,11,0,0,10,0,7,12,0,3,12,0,0,11,0,2,3,0,-1,-1,-1,-1,-1,-1
CATGGATGTACACGTT-1,3,15,0,5,10,0,6,11,0,14,10,0,7,12,2,3,12,0,1,11,0,2,3,0,-1,-1,-1,-1,-1,-1
TAAGCGTAGTTAGTGA-1,9,13,0,5,10,0,6,11,0,0,10,0,7,12,0,3,12,0,0,11,0,2,3,0,11,19,2,-1,-1,-1
((((TTAATCCGTACCGCGT-1:8.676,(GGGAGATCATCGGAGA-1:2.048,(ATCACTTGTTCCTTGC-1:1.004,(AGCCACGCAGCGGTTC-1:1.283,AACCTTTCAACCTAAC-1:3.015)I7:1.721)I6:1.044)I5:3.322)I4:4.406,CATTGAGAGCGGCTCT-1:10.806)I3:2.267,(CATTCCGGTGAATGAT-1:8.072,(TAAGCACGTCCCACGA-1:11.044,AACTTCTGTACGCTAT-1:5.287)I2:2.241)I1:4.545)6:8.937)I0;
I0,0,0,0,0,0,0,0,0,0,0,0,0,0,0,0,0,0,0,0,0,0,0,0,0,0,0,0,0,0,0
6,0,8,0,0,0,0,0,0,0,0:0.01/3:0.99,7,0,4,8,0,0,0,0,0,0,0,0,8,0,0,0,0,0:0.02/-1:0.98,0:0.02/-1:0.98,0:0.02/-1:0.98
I1,4,8,0,0,0,0,0:0.01/5:0.99,8,0,3,7,0,4,8,0,0,0,0,0:0.73/3:0.27,0:0.73/7:0.27,0,0,8,0,0,0:0.06/3:0.94,0,-1,-1,-1
I2,4,8,0,0,8,0:0.04/1:0.96,0:0.01/5:0.99,8,0,3,7,0,4,8,0,0,0,0,0:0.6/3:0.4,0:0.6/7:0.4,0,0,8,0,0,0:0.05/3:0.95,0,-1,-1,-1
AACTTCTGTACGCTAT-1,4,8,0,3,8,1,5,8,0,3,7,0,4,8,0,5,8,0,3,7,0,4,8,0,0,3,0,-1,-1,-1
TAAGCACGTCCCACGA-1,4,8,0,0,8,1,-1,-1,-1,3,7,0,4,8,0,9,0,0,-1,-1,-1,15,8,0,-1,-1,-1,-1,-1,-1
CATTCCGGTGAATGAT-1,4,8,0,19,28,0,5,8,0,3,7,0,4,8,0,23,8,0,-1,-1,-1,4,8,0,0,3,0,-1,-1,-1
I3,0,8,0,0,8,0:0.05/1:0.95,0,0,0,3,7,0,4,8,0,0,0,0,0:0.87/13:0.13,0:0.87/2:0.13,0,0,8,0,0,0,0,-1:0.99/1:0.008,-1:0.99/1:0.005/2:0.001/3:0.001/4:0.001,-1:0.99/1:0.01
CATTGAGAGCGGCTCT-1,11,8,0,6,8,1,-1,-1,-1,3,7,0,4,8,0,21,7,0,13,2,0,0,8,0,11,19,0,-1,-1,-1
I4,4,8,0,0,8,0:0.03/1:0.97,0,0,0,3,7,0,4,8,0,0,0,0,0:0.08/-1:0.89/13:0.03,0:0.08/-1:0.89/2:0.03,0:0.1/-1:0.89/4:0.001,0,8,0,0:0.67/17:0.33,0:0.67/14:0.33,0,-1,-1,-1
I5,4,8,0,0,8,1,0,0,0,3,7,0,4,8,0,0,0,0,-1,-1,-1,0,8,0,0:0.01/-1:0.99,0:0.01/-1:0.99,0:0.01/-1:0.99,-1,-1,-1
I6,4,8,0,0,8,1,0,0,0,3,7,0,4,8,0,0,7,0,-1,-1,-1,0,8,0,-1,-1,-1,-1,-1,-1
I7,4,8,0,0,8,1,0:0.63/11:0.37,0:0.63/17:0.37,0,3,7,0,4,8,0,0:0.01/3:0.99,7,0,-1,-1,-1,0,8,0,-1,-1,-1,-1,-1,-1
AACCTTTCAACCTAAC-1,4,8,0,0,8,1,-1,-1,-1,3,7,0,4,8,0,3,7,0,-1,-1,-1,0,8,0,-1,-1,-1,-1,-1,-1
AGCCACGCAGCGGTTC-1,4,8,0,0,8,1,11,17,0,3,7,0,4,8,0,3,7,0,-1,-1,-1,0,8,0,-1,-1,-1,-1,-1,-1
ATCACTTGTTCCTTGC-1,4,8,0,15,8,1,0,0,0,3,7,0,4,8,0,0,7,0,-1,-1,-1,0,8,0,-1,-1,-1,-1,-1,-1
GGGAGATCATCGGAGA-1,4,8,0,9,8,1,0,10,0,3,7,0,4,8,0,0,0,0,-1,-1,-1,0,8,0,-1,-1,-1,-1,-1,-1
TTAATCCGTACCGCGT-1,4,8,0,-1,-1,-1,7,40,0,3,7,0,4,8,0,3,7,0,-1,-1,-1,0,8,0,17,14,0,-1,-1,-1
(((GCTTGGGCAGAGTGAC-1:9.43,(CTGCCATGTTGTGCAT-1:1.028,TCTACATTCGAACGGA-1:6.028)I14:4.405)I13:2.666,((AACCACACATTCCTCG-1:5.025,(AGCCAGCAGCGTGTTT-1:2.008,(((GCCGATGTCTCCATAT-1:0.015,(CTACCTGCATTAGGAA-1:0,TGTTACTAGGTGATAT-1:0)I12:3.014)I11:1.009,(GCCCGAAAGGGCAGTT-1:0,TTACTGTAGGCCTGAA-1:0)I10:1.023)I9:2.996,GGGTAGACAACGGCTC-1:1.018)I8:0.99)I7:2.017)I6:10.001,(AAGGAATGTAACAGGC-1:11.043,(AGTGTTGTCATTGAGC-1:10.07,(ATACCTTGTTGACGGA-1:10.186,(ACAACCACAGACCGCT-1:4.873,ACCCTTGAGGCACTAG-1:5.855)I5:2.704)I4:2.064)I3:2.173)I2:5.467)I1:0)5:2.977)I0;
I0,0,0,0,0,0,0,0,0,0,0,0,0,0,0,0,0,0,0,0,0,0,0,0,0,0,0,0,0,0,0
5,0,0,0,0,0,0,0,0,0,0,0,0,0,0,0,0,0,0,0,0,0,0,0,0,0,0,0,0:0.01/-1:0.99,0:0.01/-1:0.99,0:0.01/-1:0.99
I1,0,0,0,0,0,0,0,0,0,0,0,0,0,0,0,0,0,0,0,0,0,0,0,0,0,0,0,0:0.01/-1:0.99,0:0.01/-1:0.99,0:0.01/-1:0.99
I2,6,9,0,0,0,0,0,0,0,0,0,0,6,0:0.02/10:0.98,0,0,0,0,0,0,0,0,0:0.01/12:0.99,0,0:0.76/2:0.24,0:0.76/6:0.24,0,-1,-1,-1
I3,6,9,0,0,0,0,0,0,0,0,0:0.02/5:0.98,0,6,10,0,0,0,0,0,0:0.05/12:0.95,0,0,12,0,0:0.66/2:0.34,0:0.66/6:0.34,0,-1,-1,-1
I4,6,9,0,0,0,0,0,0:0.13/11:0.87,0,0,5,0,6,10,0,0,0:0.05/8:0.95,0,0,0:0.03/12:0.97,0,0,12,0,0:0.55/2:0.45,0:0.55/6:0.45,0,-1,-1,-1
I5,6,9,0,0,0,0,0:0.67/7:0.33,0:0.09/11:0.91,0,0:0.06/3:0.94,5,0,6,10,0,0,8,0,0,12,0,0:0.05/5:0.95,12,0,0:0.37/2:0.63,0:0.37/6:0.63,0,-1,-1,-1
ACCCTTGAGGCACTAG-1,6,9,0,8,13,0,-1,-1,-1,3,5,0,6,10,0,0,8,0,0,12,0,5,12,0,2,6,0,-1,-1,-1
ACAACCACAGACCGCT-1,6,9,0,0,0,0,7,11,0,3,5,0,6,10,0,7,8,0,0,12,0,5,12,0,-1,-1,-1,-1,-1,-1
ATACCTTGTTGACGGA-1,6,9,0,0,21,0,0,11,0,11,5,0,6,10,0,19,8,0,-1,-1,-1,15,12,0,-1,-1,-1,-1,-1,-1
AGTGTTGTCATTGAGC-1,6,9,0,-1,-1,-1,0,10,0,0,5,0,6,10,0,18,26,0,0,12,0,7,12,0,-1,-1,-1,-1,-1,-1
AAGGAATGTAACAGGC-1,6,9,0,0,6,0,0,0,0,4,0,2,6,10,0,-1,-1,-1,0,9,0,7,12,0,-1,-1,-1,-1,-1,-1
I6,0,6,0,0,6,0,0:0.01/3:0.99,5,0,0,0,0,2,6,0,2,6,0,0,4,0,0,6,0,0,0,0,-1,-1,-1
I7,0,6,0,0:0.01/6:0.99,6,0,3,5,0,0,0,0,2,6,0,2,6,0,0,4,0,14,6,0,0,0,0,-1,-1,-1
I8,0,6,0,6,6,0,3,5,0,0,0:0.02/5:0.98,0,2,6,0,2,6,0,0,4,0,14,6,0,0,0,0,-1,-1,-1
GGGTAGACAACGGCTC-1,0,6,0,6,6,0,3,5,0,3,5,0,2,6,0,2,6,0,0,4,0,14,6,0,0,0,0,-1,-1,-1
I9,0,6,0,6,6,0,3,5,0,0,5,0,2,6,0,2,6,0,0,4,0,14,6,0,0:0.01/-1:0.99,0:0.01/-1:0.99,0:0.01/-1:0.99,-1,-1,-1
I10,0,6,0,6,6,0,3,5,0,18,5,0,2,6,0,2,6,0,0,4,0,14,6,0,-1,-1,-1,-1,-1,-1
TTACTGTAGGCCTGAA-1,0,6,0,6,6,0,3,5,0,18,5,0,2,6,0,2,6,0,0,4,0,14,6,0,-1,-1,-1,-1,-1,-1
GCCCGAAAGGGCAGTT-1,0,6,0,6,6,0,3,5,0,18,5,0,2,6,0,2,6,0,0,4,0,14,6,0,-1,-1,-1,-1,-1,-1
I11,0,6,0,6,6,0,3,5,0,0:0.01/3:0.99,5,0,2,6,0,2,6,0,0,4,0,14,6,0,-1,-1,-1,-1,-1,-1
I12,0,6,0,6,6,0,3,5,0,3,5,0,2,6,0,2,6,0,-1,-1,-1,14,6,0,-1,-1,-1,-1,-1,-1
TGTTACTAGGTGATAT-1,0,6,0,6,6,0,3,5,0,3,5,0,2,6,0,2,6,0,-1,-1,-1,14,6,0,-1,-1,-1,-1,-1,-1
CTACCTGCATTAGGAA-1,0,6,0,6,6,0,3,5,0,3,5,0,2,6,0,2,6,0,-1,-1,-1,14,6,0,-1,-1,-1,-1,-1,-1
GCCGATGTCTCCATAT-1,0,6,0,6,6,0,3,5,0,3,5,0,2,6,0,2,6,0,0,4,0,14,6,0,-1,-1,-1,-1,-1,-1
AGCCAGCAGCGTGTTT-1,3,6,0,6,6,0,3,5,0,0,0,0,2,6,0,2,6,0,0,4,0,14,6,0,0,14,0,-1,-1,-1
AACCACACATTCCTCG-1,0,6,0,0,6,0,3,5,0,0,5,0,2,6,0,2,6,0,1,4,0,0,6,0,-1,-1,-1,-1,-1,-1
I13,0,0,0,0,0,0,0,0,0,0,0,0,0,0,0,0,0,0,0,0,0,0,0,0,0:0.12/-1:0.86/1:0.001/2:0.001/3:0.017/5:0.016/6:0.018/7:0.005/8:0.002/9:0.001/10:0.001/11:0.004/12:0.012/13:0.009/15:0.016/16:0.012/17:0.001,0:0.12/-1:0.86/1:0.018/2:0.001/3:0.012/4:0.005/5:0.018/6:0.001/7:0.008/8:0.001/9:0.003/10:0.001/11:0.005/12:0.002/14:0.018/15:0.008/16:0.017/17:0.011/18:0.01/19:0.004/20:0.007/21:0.001/22:0.001/23:0.002/24:0.007/25:0.012/26:0.01/27:0.006,0:0.12/-1:0.86/1:0.001/2:0.002/3:0.011,-1,-1,-1
I14,0,26,0,0,31,0,0,30,0,0,0,0,0,0,0,0,0,0,0,0,0,0,0:0.01/2:0.99,0,-1:0.99/1:0.001/2:0.001/3:0.008/5:0.008/6:0.009/7:0.003/8:0.001/11:0.002/12:0.006/13:0.005/15:0.008/16:0.006,-1:0.99/1:0.009/2:0.001/3:0.006/4:0.002/5:0.009/6:0.001/7:0.004/9:0.001/10:0.001/11:0.003/12:0.001/14:0.009/15:0.004/16:0.008/17:0.005/18:0.005/19:0.002/20:0.003/22:0.001/23:0.001/24:0.003/25:0.006/26:0.005/27:0.003,-1:0.99/2:0.001/3:0.006,-1,-1,-1
TCTACATTCGAACGGA-1,0,26,0,25,31,0,0,30,0,0,41,0,0,0,0,0,38,0,-1,-1,-1,0,2,0,-1,-1,-1,-1,-1,-1
CTGCCATGTTGTGCAT-1,0,26,0,0,31,0,0,30,6,0,0,0,0,0,0,0,0,0,0,0,0,0,2,0,-1,-1,-1,-1,-1,-1
GCTTGGGCAGAGTGAC-1,0,0,0,3,33,0,10,16,0,0,33,0,0,18,0,0,22,0,0,0,0,14,6,0,-1,-1,-1,-1,-1,-1
(((CACAGATGTCAAAGTA-1:18.163,((TCCTTTCAGGCGCTTC-1:0.53,((GCTTCACCACCGAATT-1:0,ATGATCGCAACAAGTA-1:0)I26:1.004,(CCGGACAGTGAGCCAA-1:0,(((TGCATCCCAAGAGTTA-1:0,GTGGTTAAGCTGTACT-1:0)I25:0,TCCGGGACAGGATGAC-1:0)I24:0,TGGTAGTGTTGATGTC-1:0)I23:0)I22:0.004)I21:4.084)I20:3.482,(((((ATTCCTACATTCTTCA-1:2,(CCGATCTGTCACCCTT-1:0,(TCGGGTGGTACCGGCT-1:1.001,TTTCGATAGAAGAACG-1:0.001)I19:0.999)I18:0)I17:0.001,(AACAACCGTCCCGGTA-1:4.001,(GTTGCTCGTCTGTCCT-1:1.232,CGGAGAATCTGTGCTC-1:3.012)I16:1.768)I15:0.001)I14:3,((GGTCTGGCACCGTCGA-1:2.006,GTTGCTCCAAGGAGTC-1:1.006)I13:0.994,AGAAGCGAGCTCAGAG-1:6)I12:0)I11:1,(CACGTTCCACTTCATT-1:2.616,(CCACTTGAGTCTCTGA-1:0.004,TCACTATTCGTGTGGC-1:1.004)I10:3.118)I9:3.399)I8:0,ATCTTCATCACTGCTC-1:5)I7:0)I6:7.163)I5:2.046,((GTCATTTAGTGTTGAA-1:9.116,(CACTAAGCAATTGGTC-1:7.049,(GTCTCACCAGAGTCAG-1:7.025,TGGGAGAAGAGCAAGA-1:5.025)I4:1.025)I3:1.067)I2:3.958,ATCATTCGTACCGTGC-1:11.533)I1:4.674)3:2.809)I0;
I0,0,0,0,0,0,0,0,0,0,0,0,0,0,0,0,0,0,0,0,0,0,0,0,0,0,0,0,0,0,0
3,0,0,0,0,0,0,0,0,0,0,0,0,0,0,0,0,0,0,0,0,0,0,0,0,0,0,0,0:0.06/-1:0.93/1:0.008,0:0.06/-1:0.93/1:0.005/2:0.001/3:0.001/4:0.001,0:0.06/-1:0.93/1:0.01
I1,0:0.01/15:0.99,0:0.01/21:0.99,0,0,0,0,0,22,0,0,0,0,0,0,0,0,0,0,0,0,0,0,0:0.02/24:0.98,0,0:0.74/6:0.26,0:0.74/10:0.26,0,0:0.01/-1:0.99,0:0.01/-1:0.99,0:0.01/-1:0.99
ATCATTCGTACCGTGC-1,15,21,0,0,17,0,0,22,0,0,15,0,4,10,0,6,28,0,-1,-1,-1,15,24,0,6,10,0,-1,-1,-1
I2,15,21,0,0,0,0,0,22,0,0,0,0,0,0,0,0,15,0,0,0,0,0,24,0,0:0.02/-1:0.96/6:0.02,0:0.02/-1:0.96/10:0.02,0:0.03/-1:0.96/2:0.001/3:0.006,-1,-1,-1
I3,15,21,0,0,0,0,0,22,0,0,0,0,0,0:0.03/10:0.97,0,0,15,0,0,0,0,0,24,0,-1,-1,-1,-1,-1,-1
I4,15,21,0,0,0,0,0,22,0,0,0,0,0,10,0,0,15,0,0,0:0.01/39:0.99,0,0,24,0,-1,-1,-1,-1,-1,-1
TGGGAGAAGAGCAAGA-1,15,21,0,8,13,0,0,22,0,0,1,0,4,10,0,12,15,0,0,39,0,0,24,0,-1,-1,-1,-1,-1,-1
GTCTCACCAGAGTCAG-1,15,21,0,20,35,0,3,22,0,21,15,0,28,10,0,0,15,0,0,39,0,6,24,0,-1,-1,-1,-1,-1,-1
CACTAAGCAATTGGTC-1,15,21,0,17,7,0,15,22,0,0,0,0,17,10,0,0,15,0,0,27,3,7,24,0,-1,-1,-1,-1,-1,-1
GTCATTTAGTGTTGAA-1,15,21,0,20,1,0,26,22,0,20,35,0,26,34,0,0,15,0,19,38,0,0,24,0,-1,-1,-1,-1,-1,-1
I5,0,0,0,0:0.04/1:0.96,0:0.03/4:0.97,0,0,0,0,0,0,0,0,0,0,0,0,0,0,0,0,0,0,0,0,0,0,0:0.03/-1:0.97,0:0.03/-1:0.97,0:0.03/-1:0.97
I6,2,4,0,1,4,0,0,3,0,0,0,0,0,4,0,0,4,0,0,0,0,0,4,1,0,0,0,-1,-1,-1
I7,2,4,0,1,4,0,0,3,0,0,0,0,0,4,0,0,4,0,0,0,0,0,4,1,0,0,0,-1,-1,-1
ATCTTCATCACTGCTC-1,2,4,0,1,4,0,0,3,0,0,19,0,0,4,0,0,4,0,0,18,0,0,4,1,-1,-1,-1,-1,-1,-1
I8,2,4,0,1,4,0,0,3,0,0,0,0,0,4,0,0,4,0,0,0,0,0,4,1,0,0,0,-1,-1,-1
I9,2,4,0,1,4,0,0,3,0,0,0,0,0,4,0,0,4,0,0:0.04/-1:0.96,0:0.04/-1:0.96,0:0.04/-1:0.96,0,4,1,0,0:0.49/18:0.51,0,-1,-1,-1
I10,2,4,0,1,4,0,0,3,0,0,0,0,0,4,0,0,4,0,-1,-1,-1,0,4,1,-1,-1,-1,-1,-1,-1
TCACTATTCGTGTGGC-1,2,4,0,1,4,0,0,3,0,0,0,0,0,4,0,28,4,0,-1,-1,-1,0,4,1,-1,-1,-1,-1,-1,-1
CCACTTGAGTCTCTGA-1,2,4,0,1,4,0,0,3,0,0,0,0,0,4,0,0,4,0,-1,-1,-1,0,4,1,-1,-1,-1,-1,-1,-1
CACGTTCCACTTCATT-1,2,4,0,1,4,0,0,3,0,12,21,0,0,4,0,0,4,0,-1,-1,-1,0,4,1,0,18,0,-1,-1,-1
I11,2,4,0,1,4,0,0,3,0,0,3,0,0,4,0,0,4,0,0,0,0,0,4,1,0,0,0,-1,-1,-1
I12,2,4,0,1,4,0,0,3,0,0,3,0,0,4,0,0,4,0,0,0,0,0,4,1,0,0,0,-1,-1,-1
AGAAGCGAGCTCAGAG-1,2,4,0,1,4,0,0,3,0,3,3,0,0,4,0,0,4,0,-1,-1,-1,0,4,1,8,12,0,-1,-1,-1
I13,2,4,0,1,4,0,0,3,0,0,3,0,0,4,0,0,4,0,0,0,0,0,4,1,0,0:0.01/1:0.99,0,-1,-1,-1
GTTGCTCCAAGGAGTC-1,2,4,0,1,4,0,0,3,0,0,3,0,0,4,0,0,4,0,0,42,0,0,4,1,0,1,0,-1,-1,-1
GGTCTGGCACCGTCGA-1,2,4,0,1,4,0,0,3,0,0,3,0,0,4,0,0,4,0,7,18,0,0,4,1,0,1,0,-1,-1,-1
I14,2,4,0,1,4,0,0,3,0,0,3,0,0,4,0,0,4,0,0,0,0,0,4,1,-1,-1,-1,-1,-1,-1
I15,2,4,0,1,4,0,0,3,0,0,3,0,0,4,0,0,4,0,0,0,0,0,4,1,-1,-1,-1,-1,-1,-1
I16,2,4,0,1,4,0,0,3,0,0,3,0,0:0.01/12:0.99,4,0,0,4,0,0:0.61/4:0.39,0:0.61/8:0.39,0,0,4,1,-1,-1,-1,-1,-1,-1
CGGAGAATCTGTGCTC-1,2,4,0,1,4,0,0,3,0,0,3,0,12,4,0,0,4,0,-1,-1,-1,0,4,1,-1,-1,-1,-1,-1,-1
GTTGCTCGTCTGTCCT-1,2,4,0,1,4,0,0,3,0,0,3,0,12,4,0,0,4,0,4,8,0,0,4,1,-1,-1,-1,-1,-1,-1
AACAACCGTCCCGGTA-1,2,4,0,1,4,0,1,3,0,0,3,0,0,4,0,0,4,0,-1,-1,-1,0,4,1,-1,-1,-1,-1,-1,-1
I17,2,4,0,1,4,0,0,3,0,0,3,0,0,4,0,0,4,0,0,0,0,0,4,1,-1,-1,-1,-1,-1,-1
I18,2,4,0,1,4,0,0,3,0,0,3,0,0,4,0,0,4,0,0,0,0,0,4,1,-1,-1,-1,-1,-1,-1
I19,2,4,0,1,4,0,0,3,0,0,3,0,0,4,0,0,4,0,0,7,0,0,4,1,-1,-1,-1,-1,-1,-1
TTTCGATAGAAGAACG-1,2,4,0,1,4,0,0,3,0,0,3,0,0,4,0,0,4,0,0,7,0,0,4,1,-1,-1,-1,-1,-1,-1
TCGGGTGGTACCGGCT-1,2,4,0,1,4,0,0,3,0,0,3,0,0,4,0,0,4,0,2,7,0,0,4,1,-1,-1,-1,-1,-1,-1
CCGATCTGTCACCCTT-1,2,4,0,1,4,0,0,3,0,0,3,0,0,4,0,0,4,0,0,0,0,0,4,1,-1,-1,-1,-1,-1,-1
ATTCCTACATTCTTCA-1,2,4,0,1,4,0,0,3,0,0,3,0,0,4,0,0,4,0,11,24,0,0,4,1,-1,-1,-1,-1,-1,-1
I20,2,4,0,1,4,0,0,3,0,0,0,0,0,4,0,0,4,0,0:0.03/-1:0.97,0:0.03/-1:0.97,0:0.03/-1:0.97,0,4,1,0,0:0.44/1:0.56,0,-1,-1,-1
I21,2,4,0,1,4,0,0,3,0,0,3,0,0,4,0,0,4,0,-1,-1,-1,0,4,1,-1,-1,-1,-1,-1,-1
I22,2,4,0,1,4,0,0,3,0,0,3,0,0,4,0,0,4,0,-1,-1,-1,0,4,1,-1,-1,-1,-1,-1,-1
I23,2,4,0,1,4,0,0,3,0,0,3,0,0,4,0,0,4,0,-1,-1,-1,0,4,1,-1,-1,-1,-1,-1,-1
TGGTAGTGTTGATGTC-1,2,4,0,1,4,0,0,3,0,0,3,0,0,4,0,0,4,0,-1,-1,-1,0,4,1,-1,-1,-1,-1,-1,-1
I24,2,4,0,1,4,0,0,3,0,0,3,0,0,4,0,0,4,0,-1,-1,-1,0,4,1,-1,-1,-1,-1,-1,-1
TCCGGGACAGGATGAC-1,2,4,0,1,4,0,0,3,0,0,3,0,0,4,0,0,4,0,-1,-1,-1,0,4,1,-1,-1,-1,-1,-1,-1
I25,2,4,0,1,4,0,0,3,0,0,3,0,0,4,0,0,4,0,-1,-1,-1,0,4,1,-1,-1,-1,-1,-1,-1
GTGGTTAAGCTGTACT-1,2,4,0,1,4,0,0,3,0,0,3,0,0,4,0,0,4,0,-1,-1,-1,0,4,1,-1,-1,-1,-1,-1,-1
TGCATCCCAAGAGTTA-1,2,4,0,1,4,0,0,3,0,0,3,0,0,4,0,0,4,0,-1,-1,-1,0,4,1,-1,-1,-1,-1,-1,-1
CCGGACAGTGAGCCAA-1,2,4,0,1,4,0,0,3,0,0,3,0,0,4,0,0,4,0,-1,-1,-1,0,4,1,-1,-1,-1,-1,-1,-1
I26,2,4,0,1,4,0,0,3,0,0,3,0,4,4,0,0,4,0,-1,-1,-1,0,4,1,-1,-1,-1,-1,-1,-1
ATGATCGCAACAAGTA-1,2,4,0,1,4,0,0,3,0,0,3,0,4,4,0,0,4,0,-1,-1,-1,0,4,1,-1,-1,-1,-1,-1,-1
GCTTCACCACCGAATT-1,2,4,0,1,4,0,0,3,0,0,3,0,4,4,0,0,4,0,-1,-1,-1,0,4,1,-1,-1,-1,-1,-1,-1
TCCTTTCAGGCGCTTC-1,2,4,0,1,4,0,0,3,0,0,0,0,0,4,0,0,4,0,-1,-1,-1,0,4,1,0,1,0,-1,-1,-1
CACAGATGTCAAAGTA-1,16,22,0,1,4,0,3,10,0,-1,-1,-1,16,24,0,18,26,0,12,26,0,18,26,0,-1,-1,-1,-1,-1,-1
(((CCGGTGACACTATGTG-1:7.477,(ATACCGACAAACTCTG-1:2.046,(GCCAGCAAGGGCAATC-1:4.001,(GCTGGGTGTGCAATAA-1:0.001,TATCTTGAGCTAAATG-1:6.001)I6:0)I5:1.044)I4:3.221)I3:5.653,(TTCATGTGTTATGACC-1:7.058,(CAGATCAGTGGAAGTC-1:8.62,CCCTCTCCACCGTCTT-1:4.174)I2:2.724)I1:2.257)27:7.919)I0;
I0,0,0,0,0,0,0,0,0,0,0,0,0,0,0,0,0,0,0,0,0,0,0,0,0,0,0,0,0,0,0
27,0,0:0.01/10:0.99,0,0,0,0,0,0,0,0:0.01/3:0.99,0:0.01/1:0.99,0,0,0,0,20,27,0,0,0,0,0,0,0,0,0,0,0:0.02/-1:0.97/1:0.008,0:0.02/-1:0.97/1:0.005/2:0.001/3:0.001/4:0.001,0:0.02/-1:0.97/1:0.01
I1,0,10,0,0:0.04/3:0.96,26,0,0,0,0,3,1,0,0,0,0,20,27,0,0,0:0.78/14:0.22,0,0,0,0,0,0,0,-1,-1,-1
I2,0,10,0,3,26,0,0,0,0,3,1,0,0,0,0,20,27,0,0,0:0.55/14:0.45,0,0,0,0,0:0.19/-1:0.8/1:0.001/2:0.001/3:0.008/5:0.008/6:0.009/7:0.003/8:0.001/11:0.002/12:0.006/13:0.005/15:0.008/16:0.006,0:0.19/-1:0.8/1:0.009/2:0.001/3:0.006/4:0.002/5:0.009/6:0.001/7:0.004/9:0.001/10:0.001/11:0.003/12:0.001/14:0.009/15:0.004/16:0.008/17:0.005/18:0.005/19:0.002/20:0.003/22:0.001/23:0.001/24:0.003/25:0.006/26:0.005/27:0.003,0:0.19/-1:0.8/2:0.001/3:0.006,-1,-1,-1
CCCTCTCCACCGTCTT-1,11,10,0,3,26,0,0,0,0,3,1,0,0,0,0,20,27,0,0,14,0,21,9,0,-1,-1,-1,-1,-1,-1
CAGATCAGTGGAAGTC-1,0,10,0,3,26,3,0,3,0,3,1,0,0,4,0,20,27,0,-1,-1,-1,7,12,0,-1,-1,-1,-1,-1,-1
TTCATGTGTTATGACC-1,18,10,0,3,26,0,0,5,0,3,1,0,0,2,0,20,27,0,-1,-1,-1,0,45,0,0,0,0,-1,-1,-1
I3,0,10,0,0:0.02/6:0.98,0:0.02/7:0.98,0,0,0,0,3,1,0,0,0,0,20,27,0,0,0:0.61/29:0.39,0:0.61/4:0.39,0,0,0,0:0.06/-1:0.93/1:0.001/2:0.001/3:0.008/5:0.008/6:0.009/7:0.003/8:0.001/11:0.002/12:0.006/13:0.005/15:0.008/16:0.006,0:0.06/-1:0.93/1:0.009/2:0.001/3:0.006/4:0.002/5:0.009/6:0.001/7:0.004/9:0.001/10:0.001/11:0.003/12:0.001/14:0.009/15:0.004/16:0.008/17:0.005/18:0.005/19:0.002/20:0.003/22:0.001/23:0.001/24:0.003/25:0.006/26:0.005/27:0.003,0:0.06/-1:0.93/2:0.001/3:0.006,-1,-1,-1
I4,0,10,0,6,7,0,0,0,0,3,1,0,0,0,0,20,27,0,0:0.01/-1:0.99,0:0.01/-1:0.99,0:0.01/-1:0.99,0,0,0,-1,-1,-1,-1,-1,-1
I5,18,10,0,6,7,0,0,0,0,3,1,0,0,0,0,20,27,0,-1,-1,-1,0,0,0,-1,-1,-1,-1,-1,-1
I6,18,10,0,6,7,0,0,0,0,3,1,0,0,0,0,20,27,0,-1,-1,-1,0,0,0,-1,-1,-1,-1,-1,-1
TATCTTGAGCTAAATG-1,18,10,0,6,7,0,0,39,0,3,1,0,-1,-1,-1,20,27,0,-1,-1,-1,29,41,0,-1,-1,-1,-1,-1,-1
GCTGGGTGTGCAATAA-1,18,10,0,6,7,0,0,0,0,3,1,0,0,0,0,20,27,0,-1,-1,-1,0,0,0,-1,-1,-1,-1,-1,-1
GCCAGCAAGGGCAATC-1,18,10,0,6,7,0,29,36,0,3,1,0,0,0,0,20,27,0,-1,-1,-1,26,35,0,-1,-1,-1,-1,-1,-1
ATACCGACAAACTCTG-1,0,10,0,6,7,0,0,0,2,3,1,0,0,10,0,20,27,0,-1,-1,-1,0,0,0,-1,-1,-1,-1,-1,-1
CCGGTGACACTATGTG-1,18,10,0,6,7,0,19,26,0,3,1,0,0,0,0,20,27,0,0,29,4,-1,-1,-1,-1,-1,-1,-1,-1,-1
(((((TCAATTCCAGAGTAAT-1:1,(GCCGATGCATCATTGG-1:0,TATCAGGTCTGGGTCG-1:2)I18:0)I17:1.037,TTTGGAGGTTATTCTC-1:2.037)I16:2.966,(AAGTTCGTCCTAGCTC-1:2,TTCTAGTCATGCCGAC-1:1)I15:0)I14:14.194,(GGTCACGAGGTAAGTT-1:13.195,(((GTCCACTCACAAGCTT-1:5.555,(GTCTGTCCACCCTATC-1:0.488,TTACCGCGTATGTCAC-1:3.055)I13:8.7)I12:2.419,((TCCCACAAGTTTGTCG-1:1,(TCAGCCTAGTCACACT-1:1,TTTATGCAGAAATTCG-1:1)I11:0)I10:0,(AGTTCGACACTGCGTG-1:3,TTGACCCTCATGGTAC-1:3)I9:0)I8:7.026)I7:2.174,(TTTGGTTAGTGACCTT-1:4.703,(TGAGGGAAGGTACTGG-1:1.421,(CTACCTGCAGCTTTGA-1:1.002,(AGGCATTAGCTGGCCT-1:2.002,TTACCATAGTGTTCAC-1:2.002)I6:0)I5:3.121)I4:3.228)I3:5.911)I2:7.047)I1:0.001)26:2.816)I0;
I0,0,0,0,0,0,0,0,0,0,0,0,0,0,0,0,0,0,0,0,0,0,0,0,0,0,0,0,0,0,0
26,0,0,0,0,0,0,0,0,0,0,0,0,0,0,0,0,0,0,0,0,0,0,0,0,0,0,0,0:0.06/-1:0.94,0:0.06/-1:0.94,0:0.06/-1:0.94
I1,0,0,0,0,0,0,0,0,0,0,0,0,0,0,0,0,0,0,0,0,0,0,0,0,0,0,0,0:0.06/-1:0.94,0:0.06/-1:0.94,0:0.06/-1:0.94
I2,0,0:0.01/7:0.99,0,0:0.01/6:0.99,0:0.01/7:0.99,0,13,19,0,0,0,0,0,0,0,0,0:0.01/8:0.99,0,0,0,0,0,0,0,0:0.11/3:0.89,0,0,-1,-1,-1
I3,0,7,0:0.1/3:0.9,6,7,0,13,19,0,0,0,0,13,20,0,16,8,0,0,0:0.53/7:0.47,0,0,0:0.01/12:0.99,0,0:0.06/3:0.94,0:0.53/1:0.47,0,-1,-1,-1
I4,0,7,0:0.01/3:0.99,6,7,0,13,19,0,0,0,0,13,20,0,16,8,0,0,0:0.3/7:0.7,0,0,12,0,-1:0.96/3:0.04,0:0.02/-1:0.96/1:0.02,0:0.03/-1:0.96/2:0.001/3:0.006,-1,-1,-1
I5,0,7,3,6,7,0,13,19,0,0,0,0,13,20,0,16,8,0,-1,-1,-1,0,12,0,-1,-1,-1,-1,-1,-1
I6,0,7,3,6,7,0,13,19,0,0,0,0,13,20,0,16,8,0,-1,-1,-1,0,12,0,-1,-1,-1,-1,-1,-1
TTACCATAGTGTTCAC-1,0,7,3,6,7,0,13,19,0,24,43,0,13,20,0,16,8,0,-1,-1,-1,0,12,0,-1,-1,-1,-1,-1,-1
AGGCATTAGCTGGCCT-1,13,7,3,6,7,0,13,19,0,0,12,0,13,20,0,16,8,0,-1,-1,-1,0,12,0,-1,-1,-1,-1,-1,-1
CTACCTGCAGCTTTGA-1,0,7,3,6,7,0,13,19,0,0,3,0,13,20,0,16,8,0,-1,-1,-1,0,12,0,-1,-1,-1,-1,-1,-1
TGAGGGAAGGTACTGG-1,0,7,3,6,7,0,13,19,0,7,0,0,13,20,0,16,8,0,0,7,0,0,12,0,-1,-1,-1,-1,-1,-1
TTTGGTTAGTGACCTT-1,0,7,3,6,7,0,13,19,0,0,0,0,13,20,0,16,8,4,-1,-1,-1,0,12,0,3,1,0,-1,-1,-1
I7,0,7,0,6,7,0,13,19,0,0,0,0,0,0:0.02/22:0.98,0,0,8,0,0,0,0,0,0:0.01/11:0.99,0,0:0.1/3:0.9,0:0.85/5:0.15,0,-1,-1,-1
I8,14,7,0,6,7,0,13,19,0,0,0,0,8,22,0,19,8,0,0,1,0,0,11,0,-1,-1,-1,-1,-1,-1
I9,14,7,0,6,7,0,13,19,0,0,0,0,8,22,0,19,8,0,0,1,0,0,11,0,-1,-1,-1,-1,-1,-1
TTGACCCTCATGGTAC-1,14,7,0,6,7,0,13,19,0,25,44,0,8,22,0,19,8,0,0,1,0,15,11,0,-1,-1,-1,-1,-1,-1
AGTTCGACACTGCGTG-1,14,7,4,6,7,0,13,19,0,9,14,0,8,22,0,19,8,0,0,1,0,0,11,0,-1,-1,-1,-1,-1,-1
I10,14,7,0,6,7,0,13,19,0,0,0,0,8,22,0,19,8,0,0,1,0,0,11,0,-1,-1,-1,-1,-1,-1
I11,14,7,0,6,7,0,13,19,0,0,0,0,8,22,0,19,8,0,0,1,0,0,11,0,-1,-1,-1,-1,-1,-1
TTTATGCAGAAATTCG-1,14,7,0,6,7,0,13,19,0,0,24,0,8,22,0,19,8,0,0,1,0,0,11,0,-1,-1,-1,-1,-1,-1
TCAGCCTAGTCACACT-1,14,7,0,6,7,0,13,19,0,0,0,0,8,22,0,19,8,0,0,1,0,7,11,0,-1,-1,-1,-1,-1,-1
TCCCACAAGTTTGTCG-1,14,7,0,6,7,0,13,19,0,0,1,0,8,22,0,19,8,0,0,1,0,0,11,0,-1,-1,-1,-1,-1,-1
I12,0,7,0,6,7,0,13,19,0,0,0:0.81/36:0.19,0:0.81/4:0.19,0,22,0,0:0.09/3:0.91,8,0,0,0,0,0:0.09/6:0.91,11,0,0:0.08/3:0.92,0:0.69/5:0.31,0,-1,-1,-1
I13,0,7,0,6,7,0,13,19,0,0:0.01/-1:0.99,0:0.01/-1:0.99,0:0.01/-1:0.99,9,22,0,3,8,0,0:0.22/21:0.78,0:0.22/40:0.78,0,6,11,0,-1:0.99/3:0.01,-1:0.99/5:0.01,0:0.01/-1:0.99,-1,-1,-1
TTACCGCGTATGTCAC-1,0,7,0,6,7,0,13,19,0,-1,-1,-1,9,22,0,3,8,0,-1,-1,-1,6,11,0,-1,-1,-1,-1,-1,-1
GTCTGTCCACCCTATC-1,0,7,0,6,7,0,13,19,0,-1,-1,-1,9,22,0,3,8,0,21,40,0,6,11,0,-1,-1,-1,-1,-1,-1
GTCCACTCACAAGCTT-1,0,7,0,6,7,0,13,19,0,0,36,4,27,22,0,3,8,0,20,1,0,6,11,0,3,5,0,-1,-1,-1
GGTCACGAGGTAAGTT-1,0,0,0,0,0,0,10,16,0,0,18,0,0,18,0,0,22,0,-1,-1,-1,6,11,0,-1,-1,-1,-1,-1,-1
I14,0,12,1,5,10,0,6,11,0,0,10,0,7,12,0,3,12,0,0,11,0,2,3,0,0,0,0,-1,-1,-1
I15,0,12,1,5,10,0,6,11,0,0,10,0,7,12,0,3,12,0,0,11,0,2,3,0,0,0,0,-1,-1,-1
TTCTAGTCATGCCGAC-1,0,12,1,5,10,0,6,11,0,0,10,0,7,12,0,3,12,0,0,11,0,2,3,0,0,26,0,-1,-1,-1
AAGTTCGTCCTAGCTC-1,8,12,1,5,10,0,6,11,0,0,10,0,7,12,0,3,12,0,0,11,0,2,3,0,0,1,0,-1,-1,-1
I16,0,12,1,5,10,0,6,11,0,0,10,0,7,12,0,3,12,0,0,11,0,2,3,0,0:0.01/-1:0.99,0:0.01/-1:0.99,0:0.01/-1:0.99,-1,-1,-1
TTTGGAGGTTATTCTC-1,11,12,1,5,10,0,6,11,0,2,10,0,7,12,0,3,12,0,0,11,0,2,3,0,-1,-1,-1,-1,-1,-1
I17,22,12,1,5,10,0,6,11,0,0,10,0,7,12,0,3,12,0,0,11,0,2,3,0,-1,-1,-1,-1,-1,-1
I18,22,12,1,5,10,0,6,11,0,0,10,0,7,12,0,3,12,0,0,11,0,2,3,0,-1,-1,-1,-1,-1,-1
TATCAGGTCTGGGTCG-1,22,12,1,5,10,6,6,11,0,3,10,0,7,12,0,3,12,0,0,11,0,2,3,0,-1,-1,-1,-1,-1,-1
GCCGATGCATCATTGG-1,22,12,1,5,10,0,6,11,0,0,10,0,7,12,0,3,12,0,0,11,0,2,3,0,-1,-1,-1,-1,-1,-1
TCAATTCCAGAGTAAT-1,22,12,1,5,10,0,6,11,0,0,10,0,7,12,4,3,12,0,0,11,0,2,3,0,-1,-1,-1,-1,-1,-1
((CTTGATTCACGTGTGC-1:19.673,(TCATACTAGGCACCAA-1:2.028,(ATTCATCAGTCATAGA-1:10.028,(AGCCACGTCCCATGGG-1:10.422,((TTCCACGGTATGCTTG-1:0.006,GGCTGTGAGGGTTAGC-1:3.006)I7:4.009,(TACTGCCCACATAACC-1:4.003,(CTTCTCTCAGGTGAGT-1:2.007,CCACACTTCATACGGT-1:2.007)I6:0.996)I5:2.013)I4:3.408)I3:3.635)I2:0)I1:3.933)25:2.395)I0;
I0,0,0,0,0,0,0,0,0,0,0,0,0,0,0,0,0,0,0,0,0,0,0,0,0,0,0,0,0,0,0
25,0,0,0,0,0,0,0,0,0,0,0,0,0,0,0,0,0,0,0,0,0,0,0,0,0:0.86/14:0.14,0:0.86/16:0.14,0,0:0.3/-1:0.68/1:0.016,0:0.3/-1:0.68/1:0.011/2:0.001/3:0.001/4:0.002,0:0.3/-1:0.68/1:0.02
I1,0,0,0,0,0,0,0,0,0,0,0,0,0,0,0,0,0,0,0,0,0,0,0,0,0:0.01/-1:0.99,0:0.01/-1:0.99,0:0.01/-1:0.99,-1,-1,-1
I2,0,0,0,0,0,0,0,0,0,0,0,0,0,0,0,0,0,0,0,0,0,0,0,0,-1:0.99/14:0.01,-1:0.99/16:0.01,0:0.01/-1:0.99,-1,-1,-1
I3,0,0,0,0,0:0.03/6:0.97,0,0,0,0,0,0,0,0,0,0,0,0,0,0:0.12/-1:0.87/10:0.01,0:0.12/-1:0.87/23:0.01,0:0.12/-1:0.87/4:0.001,0,0,0,-1,-1,-1,-1,-1,-1
I4,0,0,0,0,6,0,0,0,0,12,21,0,0,27,0,0,0,0,-1,-1,-1,0,0,0,-1,-1,-1,-1,-1,-1
I5,0,23,0,0,6,0,0,0,0,12,21,0,0,27,0,0,0,0,-1,-1,-1,0,27,0,-1,-1,-1,-1,-1,-1
I6,0,23,0,0,6,0,0,0,0,12,21,0,0,27,0,0,0:0.01/24:0.99,0,-1,-1,-1,0,27,0,-1,-1,-1,-1,-1,-1
CCACACTTCATACGGT-1,0,23,0,0,6,0,18,25,0,12,21,0,0,27,0,0,24,0,-1,-1,-1,0,27,0,-1,-1,-1,-1,-1,-1
CTTCTCTCAGGTGAGT-1,0,23,0,0,6,0,0,12,0,12,21,0,0,27,0,2,24,0,-1,-1,-1,0,27,0,-1,-1,-1,-1,-1,-1
TACTGCCCACATAACC-1,0,23,0,0,6,0,3,38,0,12,21,0,0,27,0,27,1,0,-1,-1,-1,0,27,0,-1,-1,-1,-1,-1,-1
I7,0,27,0,0,6,0,0,37,0,12,21,0,0,27,0,0,9,0,-1,-1,-1,0,36,0,-1,-1,-1,-1,-1,-1
GGCTGTGAGGGTTAGC-1,0,27,0,0,6,0,17,37,0,12,21,0,0,27,0,26,9,0,-1,-1,-1,27,36,0,-1,-1,-1,-1,-1,-1
TTCCACGGTATGCTTG-1,0,27,0,0,6,0,0,37,0,12,21,0,0,27,0,0,9,0,-1,-1,-1,0,36,0,-1,-1,-1,-1,-1,-1
AGCCACGTCCCATGGG-1,0,19,0,12,6,0,-1,-1,-1,0,17,0,0,19,0,0,21,0,-1,-1,-1,10,19,0,-1,-1,-1,-1,-1,-1
ATTCATCAGTCATAGA-1,0,0,0,4,1,0,17,23,0,0,20,0,0,11,0,0,29,0,10,23,0,0,8,0,-1,-1,-1,-1,-1,-1
TCATACTAGGCACCAA-1,0,0,0,0,0,0,0,0,0,0,0,0,0,0,0,0,0,0,23,7,0,0,0,0,-1,-1,-1,-1,-1,-1
CTTGATTCACGTGTGC-1,-1,-1,-1,9,7,0,25,32,0,16,29,0,23,2,0,10,24,0,16,33,0,0,5,2,14,16,0,-1,-1,-1
((GTTCTATAGTTGCGAG-1:8.002,(TCCTCCCTCGAGATGG-1:4.176,(((GTACAACTCAAACCCA-1:1,AGCGCCATCTCAAAGC-1:2)I11:0,((CACGTTCAGTGTGTTC-1:2.061,(GCACGTGCATAACGGG-1:0.788,CACCGTTGTCACGACC-1:3.04)I10:4.277)I9:0.939,TCAGGGCCACTACAGT-1:9)I8:0)I7:1.025,((AGATGCTTCCATTGCC-1:2,(GGCTTGGCAGTTTGGT-1:0,TCGAAGTCATCGCCTT-1:0)I6:0)I5:0.005,(TAGATCGTCGTTCGCT-1:3.551,CTGGACGCAGGTGAGT-1:6.07)I4:2.453)I3:2.02)I2:3.153)I1:2.848)22:2.998)I0;
I0,0,0,0,0,0,0,0,0,0,0,0,0,0,0,0,0,0,0,0,0,0,0,0,0,0,0,0,0,0,0
22,0,0,0,0,0,0,10,16,0,0,0,0,0,18,0,0,0,0,0,0,0,0,0,0,0,0,0,0,0,0
I1,0,0,0,0,0,0,10,16,0,0,0,0,0,18,0,0,0,0,0,0,0,0,0,0,0:0.05/-1:0.94/1:0.001/2:0.001/3:0.008/5:0.008/6:0.009/7:0.003/8:0.001/11:0.002/12:0.006/13:0.005/15:0.008/16:0.006,0:0.05/-1:0.94/1:0.009/2:0.001/3:0.006/4:0.002/5:0.009/6:0.001/7:0.004/9:0.001/10:0.001/11:0.003/12:0.001/14:0.009/15:0.004/16:0.008/17:0.005/18:0.005/19:0.002/20:0.003/22:0.001/23:0.001/24:0.003/25:0.006/26:0.005/27:0.003,0:0.05/-1:0.94/2:0.001/3:0.006,0,0,0
I2,0,0,0,0,0,0,10,16,0,0,0,0,0,18,0,0,0,0,0,0,0,0,0,0,-1,-1,-1,0:0.01/-1:0.99,0:0.01/-1:0.99,0:0.01/-1:0.99
I3,0,0,0,0,18,0,10,16,0,0,0,0,0,18,0,0,20,0,0,0,0,0,0,0,-1,-1,-1,-1,-1,-1
I4,0,0:0.04/7:0.96,0,0,18,0,10,16,0,0,0:0.03/15:0.97,0,0,18,0,0,20,0,0,0,0,0:0.74/6:0.26,0:0.74/2:0.26,0,-1,-1,-1,-1,-1,-1
CTGGACGCAGGTGAGT-1,0,7,0,0,18,0,10,16,0,0,15,0,0,18,0,0,20,0,-1,-1,-1,-1,-1,-1,-1,-1,-1,-1,-1,-1
TAGATCGTCGTTCGCT-1,0,7,0,23,18,0,10,16,0,0,15,0,0,18,0,19,20,0,0,0,0,6,2,0,-1,-1,-1,-1,-1,-1
I5,0,0,0,0,18,0,10,16,0,0,0,0,0,18,0,0,20,0,0,0,0,0,0,0,-1,-1,-1,-1,-1,-1
I6,0,0,0,0,18,0,10,16,0,0,0,0,0,18,0,0,20,0,0,0,0,0,0,0,-1,-1,-1,-1,-1,-1
TCGAAGTCATCGCCTT-1,0,0,0,0,18,0,10,16,0,0,0,0,0,18,0,0,20,0,0,0,0,0,0,0,-1,-1,-1,-1,-1,-1
GGCTTGGCAGTTTGGT-1,0,0,0,0,18,0,10,16,0,0,0,0,0,18,0,0,20,0,0,0,0,0,0,0,-1,-1,-1,-1,-1,-1
AGATGCTTCCATTGCC-1,0,0,0,0,18,0,10,16,0,0,0,0,0,18,0,0,20,0,0,0,0,13,9,0,-1,-1,-1,-1,-1,-1
I7,0,0,0,0,0,0,10,16,0,0,0,0,0,18,0,0,22,0,0,0,0,0,0,0,-1,-1,-1,-1,-1,-1
I8,0,0,0,0,0,0,10,16,0,0,0,0,0,18,0,0,22,0,0,0,0,0,0,0,-1,-1,-1,-1,-1,-1
TCAGGGCCACTACAGT-1,0,0,0,0,33,0,10,16,0,22,38,0,0,18,0,26,22,0,-1,-1,-1,2,3,0,-1,-1,-1,-1,-1,-1
I9,0,0,0,0:0.06/3:0.94,0,0,10,16,0,0,0,0,0,18,0,0,22,0,0,0,0,0,0,0,-1,-1,-1,-1,-1,-1
I10,0,0,0,3,0,0,10,16,0,0,0,0,0,18,0,0,22,0,0:0.01/-1:0.99,0:0.01/-1:0.99,0:0.01/-1:0.99,0:0.37/25:0.63,0:0.37/8:0.63,0,-1,-1,-1,-1,-1,-1
CACCGTTGTCACGACC-1,0,0,0,3,0,0,10,16,0,0,0,0,0,18,0,0,22,0,-1,-1,-1,-1,-1,-1,-1,-1,-1,-1,-1,-1
GCACGTGCATAACGGG-1,0,0,0,3,0,0,10,16,0,0,0,0,0,18,0,0,22,0,-1,-1,-1,25,8,0,-1,-1,-1,-1,-1,-1
CACGTTCAGTGTGTTC-1,0,0,0,3,0,0,10,16,0,0,0,0,0,18,0,0,22,0,0,0,0,7,16,0,-1,-1,-1,-1,-1,-1
I11,0,0,0,0,0,0,10,16,0,0,0,0,0,18,0,0,22,0,0,0,0,0,0,0,-1,-1,-1,-1,-1,-1
AGCGCCATCTCAAAGC-1,0,0,0,0,0,0,10,16,0,0,0,0,0,18,0,0,22,0,0,0,0,15,22,0,-1,-1,-1,-1,-1,-1
GTACAACTCAAACCCA-1,0,0,0,0,0,0,10,16,0,0,0,0,0,18,0,0,22,0,0,0,0,0,38,0,-1,-1,-1,-1,-1,-1
TCCTCCCTCGAGATGG-1,0,30,0,0,0,0,10,16,0,0,0,0,0,18,0,0,22,0,0,0,0,0,5,2,-1,-1,-1,0,0,0
GTTCTATAGTTGCGAG-1,0,0,0,0,1,0,10,16,0,0,0,0,0,18,0,3,22,0,22,41,0,0,0,0,0,0,0,-1,-1,-1
(((((GATGGAGGTAGTACGG-1:9.012,((CATCGTCAGTGGCAGT-1:2.294,ACACGCGCACAGTACT-1:6.294)I70:2.774,TTCTAACTCCGATGCG-1:3.528)I69:2.128)I68:5.286,(AAGACTCGTCGCCTAG-1:3.002,(ACTGATGGTACAGAGC-1:2.002,(GTTAGACAGGTAAACT-1:0.014,AGATCCAAGCTAAACA-1:2.014)I67:2.987)I66:0)I65:8.124)I64:1.059,((((GTAATCGGTTGCTTGA-1:1.116,CCTTGTGAGAACTCCT-1:5.116)I63:2.898,((((((GGGTTATCAGCGTTTA-1:6.78,(TACGCTCCACCGTCGA-1:4.095,TTTGATCCAGTAACGG-1:2.004)I62:4.038)I61:1.22,(GTGCACGAGCCACTCG-1:1,((CAGATACGTCCGGCAT-1:3,((GATAGAATCCACGAAT-1:0.001,CCTCCAAAGGGACAGG-1:1.001)I60:0.999,(((AGTAGCTGTACATACC-1:2,GTCGCGACACCTGCTT-1:3)I59:0,ATGAGGGAGGAACTCG-1:2)I58:0,TCCACGTCAACCACGC-1:1)I57:0)I56:1)I55:0,GTAACACCATATGAAG-1:2)I54:0)I53:6)I52:0,(AAAGTGACAGCGGTCT-1:5.249,TGAATCGTCCTATTTG-1:3.249)I51:2.774)I50:0,(((GTTGTCCCAAAGACGC-1:1.003,(ACCAAACTCACTACTT-1:0,(CGACAGCTCATCCTAT-1:0,CGTGCTTTCAGTCACA-1:0)I49:0)I48:0.003)I47:3.001,(ACCCAAAGTGGCCCAT-1:3.003,TCTCAGCCACAGTACT-1:2.003)I46:0)I45:2.997,(AGAACCTAGAGTGACC-1:5,AAGCATCCACTACACA-1:7)I44:0.001)I43:1)I42:0,((TAAGTCGAGGATCATA-1:2,CCTTTGGAGCATGTTC-1:1)I41:0.013,TCACGGGTCGGAATTC-1:7.013)I40:1.987)I39:0,ACTTCCGGTCGTGTTA-1:6)I38:0)I37:2.006,((((TCTGTCGTCTCGTGAA-1:2.037,((GGGTATTAGTTGCCCG-1:1.002,(GGGTAGATCCTCTTTC-1:0,GTGGAAGGTTCTAACG-1:0)I36:0.002)I35:3.038,ATCTCTAGTACCTAAC-1:0.449)I34:3.587)I33:0.967,ACTTTCAAGGGTTTCT-1:4.004)I32:0.662,(GACAGCCTCATTCACT-1:0.076,(TCCTCCCAGTTACGGG-1:2.133,GATTGGTAGATGGCGT-1:4.133)I31:2.95)I30:2.93)I29:0.334,((CTCATTACACGGTAGA-1:3.008,(CCTCTCCCACAGGATG-1:3.008,CGATCGGGTTTCGTAG-1:5.008)I28:0)I27:2.993,(GGGCTACCAGCCTTCT-1:2.009,TGTGTGAAGTCGTTAC-1:6.132)I26:6.006)I25:0)I24:2.006)I23:1.994,(AAAGAACTCTTGCAGA-1:2,((TTCTCTCAGCTCACTA-1:0.29,(((ATCGTGATCACTGCTC-1:2.034,(CTCATGCGTATATGGA-1:5.034,GCTACCTTCGCGTGAC-1:10.034)I22:0)I21:2.998,(GAAATGAGTGGACCAA-1:4.223,GGCGTCACAAGAATGT-1:6.747)I20:3.356)I19:3.025,(ACGTTCCCACACCGAC-1:4.102,(GTTTGGAAGCAGCCCT-1:1.003,TGGGATTAGGTAAGTT-1:0.003)I18:3.096)I17:6.911)I16:2.02)I15:1.432,((ACACGCGTCGGCTGGT-1:1.379,TACCCACAGAGCTGCA-1:9.379)I14:2.658,((CCATCACCAGACTGCC-1:3.001,(AGTCTCCTCCTGCCAT-1:0,(AGCTCAACATGTCTAG-1:0,GTACAGTGTGCCGTTG-1:0)I13:0)I12:0.001)I11:2.001,(TTCTAACGTGCCGTTG-1:7.264,(CTATCCGGTACCTGTA-1:5.03,TGCGGGTTCTTCCACG-1:2.03)I10:9.233)I9:0.738)I8:0)I7:2.998)I6:0.277)I5:0)I4:0.001)I3:0.028,(AGTCATGAGTCTTCGA-1:13.136,(CGTCAAAGTTAAGACA-1:9.427,GGCTTTCGTCTGTGTA-1:3.913)I2:9.418)I1:2.955)1:2.975)I0;
I0,0,0,0,0,0,0,0,0,0,0,0,0,0,0,0,0,0,0,0,0,0,0,0,0,0,0,0,0,0,0
1,0,0,0,0,0,0,0,0,0,0,0,0,0,0,0,0,0,0,0,0,0,0,0,0,0,0,0,0:0.01/-1:0.99,0:0.01/-1:0.99,0:0.01/-1:0.99
I1,0,0,0,0,0,0,0,0,0,0,0,0,0,0,0,0,0,0,0:0.36/-1:0.62/1:0.018/2:0.017/3:0.009/4:0.012/5:0.004/6:0.017/7:0.002/8:0.004/9:0.006/10:0.001/11:0.004/13:0.014/14:0.001/15:0.004/16:0.002/19:0.004/21:0.001/23:0.016/24:0.001,0:0.36/-1:0.62/1:0.017/2:0.018/3:0.001/4:0.002/5:0.002/7:0.018/8:0.012/10:0.004/12:0.01/13:0.003/14:0.006/15:0.001/16:0.015/17:0.007/18:0.018/19:0.012/20:0.001/22:0.004/23:0.001/24:0.004/25:0.011/27:0.003/28:0.003/29:0.002/30:0.001/31:0.004/32:0.008/33:0.002/34:0.001/36:0.003/37:0.002/38:0.004/39:0.002/40:0.001/42:0.002/43:0.002/44:0.01,0:0.36/-1:0.62/2:0.001/4:0.002,0,0:0.1/14:0.9,0,0,0:0.87/16:0.13,0,-1,-1,-1
I2,0,0:0.49/28:0.51,0,0,0,0,0,0,0,0,25,0,0,29,0,0:0.02/6:0.98,0:0.02/10:0.98,0,0:0.02/-1:0.97/1:0.009/2:0.009/3:0.005/4:0.006/5:0.002/6:0.008/7:0.001/8:0.002/9:0.003/11:0.002/13:0.007/15:0.002/16:0.001/19:0.002/23:0.008,0:0.02/-1:0.97/1:0.008/2:0.009/3:0.001/4:0.001/5:0.001/7:0.009/8:0.006/10:0.002/12:0.005/13:0.001/14:0.003/16:0.008/17:0.003/18:0.009/19:0.006/22:0.002/24:0.002/25:0.005/27:0.001/28:0.001/29:0.001/31:0.002/32:0.004/33:0.001/34:0.001/36:0.001/37:0.001/38:0.002/39:0.001/42:0.001/43:0.001/44:0.005,0:0.02/-1:0.97/4:0.001,0:0.02/6:0.98,14,0,0:0.07/-1:0.91/1:0.001/2:0.001/3:0.017/5:0.016/6:0.018/7:0.005/8:0.002/9:0.001/10:0.001/11:0.004/12:0.012/13:0.009/15:0.016/16:0.012/17:0.001,0:0.06/-1:0.91/16:0.03,0:0.07/-1:0.91/1:0.001/2:0.002/3:0.011,-1,-1,-1
GGCTTTCGTCTGTGTA-1,0,28,0,22,34,0,0,14,0,0,25,0,0,29,0,6,10,0,-1,-1,-1,6,14,0,-1,-1,-1,-1,-1,-1
CGTCAAAGTTAAGACA-1,-1,-1,-1,20,30,0,22,28,4,15,25,0,0,29,0,6,10,0,-1,-1,-1,6,14,0,-1,-1,-1,-1,-1,-1
AGTCATGAGTCTTCGA-1,0,10,0,14,20,0,14,20,1,0,18,0,14,21,0,17,25,0,-1,-1,-1,0,14,0,0,16,0,-1,-1,-1
I3,0,0,0,0,0,0,0,0,0,0,0,0,0,0,0,0,0,0,0,0,0,0,0,0,0,0,0,-1,-1,-1
I4,0,0,0,0,0,0,0,0,0,0,0,0,0,0,0,0,0,0,0,0,0,0,0,0,0,0,0,-1,-1,-1
I5,0,0,0,0,0,0,0,0,0,0,0,0,0,0,0,0,0,0,0,0,0,0,0,0,0,0,0,-1,-1,-1
I6,0,0,0,0,0,0,0,0,0,0,0,0,0,0,0,0,0,0,0,0,0,0,0,0,0:0.87/3:0.13,0:0.85/7:0.15,0,-1,-1,-1
I7,0,0,0,0,0,0,0,0,0,0,0,0,0,0,0,0,0,0,0,0,0,0,0,0,-1,-1,-1,-1,-1,-1
I8,0,0,0,0,0,0,0,0,0,0,0,0,0,0,0,0,0,0,0,0,0,0,0,0,-1,-1,-1,-1,-1,-1
I9,0,0,0,0,0,0,0,0,0,0,0,0,0,0:0.26/10:0.74,0,0,0,0,0,0,0,0,0,0,-1,-1,-1,-1,-1,-1
I10,0:0.01/5:0.99,0:0.01/6:0.99,0,0,0,0,0,0,0,0,0,0,20,10,0,0:0.01/6:0.99,33,0,14,30,0,0:0.01/5:0.99,32,0,-1,-1,-1,-1,-1,-1
TGCGGGTTCTTCCACG-1,5,6,0,0,0,0,6,11,0,0,0,0,20,10,0,6,33,0,14,30,0,5,32,0,-1,-1,-1,-1,-1,-1
CTATCCGGTACCTGTA-1,5,6,5,0,0,0,0,10,0,-1,-1,-1,20,10,0,6,33,0,14,30,0,5,32,0,-1,-1,-1,-1,-1,-1
TTCTAACGTGCCGTTG-1,0,32,0,0,7,0,0,11,0,0,0,0,0,10,0,19,10,0,0,29,4,0,0,0,-1,-1,-1,-1,-1,-1
I11,0,0,0,0,0,0,0,18,0,0,0,0,0,0,0,0,24,0,0,0,0,0,0,0,-1,-1,-1,-1,-1,-1
I12,0,0,0,0,0,0,0,18,0,0,0,0,0,0,0,0,24,0,0,0,0,0,0,0,-1,-1,-1,-1,-1,-1
I13,0,0,0,0,0,0,0,18,0,0,0,0,0,0,0,0,24,0,0,0,0,0,0,0,-1,-1,-1,-1,-1,-1
GTACAGTGTGCCGTTG-1,0,0,0,0,0,0,0,18,0,0,0,0,0,0,0,0,24,0,0,0,0,0,0,0,-1,-1,-1,-1,-1,-1
AGCTCAACATGTCTAG-1,0,0,0,0,0,0,0,18,0,0,0,0,0,0,0,0,24,0,0,0,0,0,0,0,-1,-1,-1,-1,-1,-1
AGTCTCCTCCTGCCAT-1,0,0,0,0,0,0,0,18,0,0,0,0,0,0,0,0,24,0,0,0,0,0,0,0,-1,-1,-1,-1,-1,-1
CCATCACCAGACTGCC-1,0,0,0,0,0,0,0,18,0,0,0,0,0,0,0,0,24,0,-1,-1,-1,0,0,0,-1,-1,-1,-1,-1,-1
I14,0,0,0,0,0,0,0,0,0,0,0,0,0,0,0,0,0,0,0:0.11/-1:0.87/1:0.018/2:0.017/3:0.009/4:0.012/5:0.004/6:0.017/7:0.002/8:0.004/9:0.006/10:0.001/11:0.004/13:0.014/14:0.001/15:0.004/16:0.002/19:0.004/21:0.001/23:0.016/24:0.001,0:0.11/-1:0.87/1:0.017/2:0.018/3:0.001/4:0.002/5:0.002/7:0.018/8:0.012/10:0.004/12:0.01/13:0.003/14:0.006/15:0.001/16:0.015/17:0.007/18:0.018/19:0.012/20:0.001/22:0.004/23:0.001/24:0.004/25:0.011/27:0.003/28:0.003/29:0.002/30:0.001/31:0.004/32:0.008/33:0.002/34:0.001/36:0.003/37:0.002/38:0.004/39:0.002/40:0.001/42:0.002/43:0.002/44:0.01,0:0.11/-1:0.87/2:0.001/4:0.002,0,0,0,-1,-1,-1,-1,-1,-1
TACCCACAGAGCTGCA-1,23,6,0,0,7,0,0,4,0,0,5,0,10,13,0,0,10,0,-1,-1,-1,0,40,0,-1,-1,-1,-1,-1,-1
ACACGCGTCGGCTGGT-1,0,0,0,0,0,0,0,13,0,0,0,0,0,0,0,0,0,0,-1,-1,-1,0,0,0,-1,-1,-1,-1,-1,-1
I15,0,0,0,0,0,0,0,0,0,0,0,0,0,0,0,0,0,0,0,0,0,0,0,0,0:0.22/3:0.78,0:0.07/7:0.93,0,-1,-1,-1
I16,0,0,0,0,0,0,0,0,0,0,0,0,0,0,0,0,0,0,0,0,0,9,18,0,0:0.2/3:0.8,0:0.07/7:0.93,0,-1,-1,-1
I17,0,0,0,0,2,0,0,2,0,0,0:0.01/1:0.99,0,0,0,0,0,0:0.01/10:0.99,0,0,0,0,9,18,0,-1:0.97/3:0.03,-1:0.97/7:0.03,0:0.02/-1:0.97/2:0.001/3:0.006,-1,-1,-1
I18,0,0,0,0,2,0,0,2,0,0,1,0,0,0,0,0,10,0,0,0,0,-1,-1,-1,-1,-1,-1,-1,-1,-1
TGGGATTAGGTAAGTT-1,0,0,0,0,2,0,0,2,0,0,1,0,0,0,0,0,10,0,0,0,0,-1,-1,-1,-1,-1,-1,-1,-1,-1
GTTTGGAAGCAGCCCT-1,0,0,0,0,2,0,0,2,0,2,1,0,0,0,0,0,10,0,0,0,0,-1,-1,-1,-1,-1,-1,-1,-1,-1
ACGTTCCCACACCGAC-1,0,0,0,0,2,0,0,2,0,2,1,0,0,0,0,0,10,0,-1,-1,-1,9,18,0,-1,-1,-1,-1,-1,-1
I19,0,0:0.01/10:0.99,0,0,0,0,0,0:0.01/11:0.99,0,0,0,0,0,0:0.01/23:0.99,0,0,0,0,0,0,0,9,18,0,0:0.16/3:0.84,0:0.05/7:0.95,0,-1,-1,-1
I20,0:0.04/5:0.96,10,0,0,0:0.67/6:0.33,0,0:0.02/26:0.98,11,0,0,0,0,0,23,0,0,0,0,0,0:0.02/25:0.98,0,9,18,0,0:0.11/3:0.89,0:0.04/7:0.96,0,-1,-1,-1
GGCGTCACAAGAATGT-1,5,10,0,0,6,0,26,11,0,4,0,0,0,23,0,3,11,0,0,25,0,9,18,0,-1,-1,-1,-1,-1,-1
GAAATGAGTGGACCAA-1,5,10,0,-1,-1,-1,26,11,0,0,30,0,0,23,0,0,0,0,0,25,0,9,18,0,3,7,0,-1,-1,-1
I21,0,10,0,0,0,0,0,11,0,0,0,0,0,23,0,0,0,0,0,0,0,9,18,0,-1:0.99/3:0.01,-1:0.99/7:0.01,0:0.01/-1:0.99,-1,-1,-1
I22,0,10,0,0,0,0,0,11,0,0,0,0,0,23,0,0,0,0,0,0,0,9,18,0,-1:0.99/3:0.01,-1:0.99/7:0.01,0:0.01/-1:0.99,-1,-1,-1
GCTACCTTCGCGTGAC-1,0,10,0,18,27,0,17,11,0,-1,-1,-1,0,23,0,10,8,0,1,37,0,9,18,0,-1,-1,-1,-1,-1,-1
CTCATGCGTATATGGA-1,0,10,0,0,7,0,23,11,0,0,1,0,0,23,0,0,2,0,0,25,0,9,18,0,-1,-1,-1,-1,-1,-1
ATCGTGATCACTGCTC-1,0,10,0,0,0,0,0,11,0,0,0,0,0,23,0,0,0,0,2,16,0,9,18,0,-1,-1,-1,-1,-1,-1
TTCTCTCAGCTCACTA-1,0,0,0,0,0,0,0,0,0,0,0,0,0,0,0,0,0,0,0,0,0,0,0,0,3,7,0,-1,-1,-1
AAAGAACTCTTGCAGA-1,0,0,0,0,0,0,0,0,0,0,0,0,0,0,0,0,0,0,0,2,0,0,0,0,0,1,0,-1,-1,-1
I23,0,0,0,0,2,0,0,0,0,0,0:0.01/1:0.99,0,0,0,0,0,0,0,0,0,0,0,0,0,0,0,0,-1,-1,-1
I24,0,0,0,0,2,0,0,2,0,0,1,0,0,0,0,0,10,0,0,0,0,0,0,0,0,0,0,-1,-1,-1
I25,0,0,0,0,2,0,0,2,0,0,1,0,0,0,0,0,10,0,0,0,0,0,0,0,0,0,0,-1,-1,-1
I26,0,0,0,0,2,0,0,2,0,0:0.01/2:0.99,1,0,0,0,0,0,10,0,0:0.47/2:0.53,0:0.47/5:0.53,0,0:0.47/3:0.53,0:0.47/7:0.53,0,0:0.04/-1:0.96,0:0.04/-1:0.96,0:0.04/-1:0.96,-1,-1,-1
TGTGTGAAGTCGTTAC-1,0,0,0,0,2,0,0,2,0,2,1,0,0,0,0,0,10,0,-1,-1,-1,-1,-1,-1,-1,-1,-1,-1,-1,-1
GGGCTACCAGCCTTCT-1,0,0,0,0,2,0,0,2,0,2,1,0,0,0,0,0,10,0,2,5,0,3,7,0,-1,-1,-1,-1,-1,-1
I27,0,0,0,0,2,0,0,2,0,0,1,0,0,0,0,0,10,0,-1,-1,-1,0,0,0,0,0,0,-1,-1,-1
I28,0,0,0,0,2,0,0,2,0,0,1,0,0,0,0,0,10,0,-1,-1,-1,0,0,0,0,0,0,-1,-1,-1
CGATCGGGTTTCGTAG-1,0,0,0,0,2,0,0,2,0,0,1,0,19,0,0,0,10,0,-1,-1,-1,23,31,0,6,20,0,-1,-1,-1
CCTCTCCCACAGGATG-1,0,0,0,0,2,0,0,2,0,0,1,0,0,0,0,0,10,0,-1,-1,-1,0,14,0,12,5,0,-1,-1,-1
CTCATTACACGGTAGA-1,0,0,0,0,2,0,0,2,0,0,1,0,0,0,0,0,10,0,-1,-1,-1,0,0,0,-1,-1,-1,-1,-1,-1
I29,0,0,0,0,2,0,0,2,0,0,1,0,0,0,0,0,10,0,0,0,0,0,0,0,0,0:0.67/10:0.33,0,-1,-1,-1
I30,0,0,0,0,2,0,0,2,0,0,1,0,0,0,0,0,10,0,0,0,0,0,0,0,0:0.02/-1:0.97/1:0.001/2:0.001/3:0.008/5:0.008/6:0.009/7:0.003/8:0.001/11:0.002/12:0.006/13:0.005/15:0.008/16:0.006,0:0.02/-1:0.97/10:0.01,0:0.02/-1:0.97/2:0.001/3:0.006,-1,-1,-1
I31,0,0,0,0,2,0,0,2,0,0,1,0,0,0,0,0,10,0,0:0.04/-1:0.96,0:0.04/-1:0.96,0:0.04/-1:0.96,0,0,0,-1,-1,-1,-1,-1,-1
GATTGGTAGATGGCGT-1,0,0,0,0,2,0,0,2,0,6,1,0,0,0,0,0,10,1,-1,-1,-1,5,34,0,-1,-1,-1,-1,-1,-1
TCCTCCCAGTTACGGG-1,0,0,0,0,2,0,0,2,0,0,1,0,0,0,0,0,10,0,-1,-1,-1,17,25,0,-1,-1,-1,-1,-1,-1
GACAGCCTCATTCACT-1,0,0,0,0,2,0,0,2,0,0,1,0,0,0,0,0,10,0,0,0,0,0,0,0,-1,-1,-1,-1,-1,-1
I32,0,0,0,0,2,0,0,2,0,0,1,0,0,0,0,0,10,0,0,0,0,0,0,0,0,10,0,-1,-1,-1
ACTTTCAAGGGTTTCT-1,0,0,0,0,2,0,0,2,0,0,1,0,0,0,0,0,10,0,0,20,0,12,20,0,6,10,0,-1,-1,-1
I33,0,0,0,0,2,0,0,2,0,0:0.03/2:0.97,1,0,0,0,0,0,10,0,0,0,0,0,0,0,0,10,0,-1,-1,-1
I34,0,0,0,0,2,0,0,2,0,2,1,0,0,0,0,0,10,0,0:0.41/9:0.59,0,0,0,0,0,0:0.01/-1:0.99,-1:0.99/10:0.01,0:0.01/-1:0.99,-1,-1,-1
ATCTCTAGTACCTAAC-1,0,0,0,0,2,0,0,2,0,2,1,0,0,0,0,0,10,0,9,0,0,0,0,0,-1,-1,-1,-1,-1,-1
I35,0,0,0,0,2,0,0,2,0,2,1,0,0,0,0,0,10,0,-1,-1,-1,0,0,0,-1,-1,-1,-1,-1,-1
I36,0,0,0,0,2,0,0,2,0,2,1,0,0,0,0,0,10,0,-1,-1,-1,0,0,0,-1,-1,-1,-1,-1,-1
GTGGAAGGTTCTAACG-1,0,0,0,0,2,0,0,2,0,2,1,0,0,0,0,0,10,0,-1,-1,-1,0,0,0,-1,-1,-1,-1,-1,-1
GGGTAGATCCTCTTTC-1,0,0,0,0,2,0,0,2,0,2,1,0,0,0,0,0,10,0,-1,-1,-1,0,0,0,-1,-1,-1,-1,-1,-1
GGGTATTAGTTGCCCG-1,0,0,0,0,2,0,0,2,0,2,1,0,0,0,0,0,10,0,-1,-1,-1,0,12,0,-1,-1,-1,-1,-1,-1
TCTGTCGTCTCGTGAA-1,0,0,0,0,2,0,0,2,0,2,1,0,0,0,0,0,10,0,0,0,0,2,3,0,0,10,0,-1,-1,-1
I37,0,0,0,0,2,0,0,0,0,0,1,0,0,2,0,0,2,0,0,0,0,0,0,0,0,0,0,-1,-1,-1
I38,0,0,0,0,2,0,0,0,0,0,1,0,0,2,0,0,2,0,0,0,0,0,0,0,0,0,0,-1,-1,-1
ACTTCCGGTCGTGTTA-1,0,0,0,0,2,0,0,0,0,0,1,0,0,2,0,6,2,0,0,17,0,11,12,0,5,9,0,-1,-1,-1
I39,0,0,0,0,2,0,0,0,0,0,1,0,0,2,0,0,2,0,0,0,0,0,0,0,0,0,0,-1,-1,-1
I40,0,0,0,0,2,0,0,0,0,0,1,0,0,2,0,0,2,0,0,0,0,0:0.01/2:0.99,0:0.01/3:0.99,0,0,0,0,-1,-1,-1
TCACGGGTCGGAATTC-1,0,0,0,0,2,0,0,0,0,19,1,0,0,2,0,0,2,0,-1,-1,-1,2,3,0,-1,-1,-1,-1,-1,-1
I41,0,0,0,0,2,0,0,0,0,0,1,0,0,2,0,0,2,0,0,0,0,2,3,0,0,0,0,-1,-1,-1
CCTTTGGAGCATGTTC-1,0,0,0,0,2,0,0,0,0,0,1,0,0,2,0,0,2,0,0,11,0,2,3,0,0,0,0,-1,-1,-1
TAAGTCGAGGATCATA-1,0,0,0,0,2,0,0,0,0,0,1,0,0,2,0,0,2,0,0,18,0,2,3,0,0,10,0,-1,-1,-1
I42,0,0,0,0,2,0,0,0,0,0,1,0,0,2,0,0,2,0,0,0,0,0,0,0,0,0,0,-1,-1,-1
I43,0,0,0,0,2,0,0,10,0,0,1,0,0,2,0,0,2,0,0,0,0,0,0,0,0,0,0,-1,-1,-1
I44,0,0,0,0,2,0,0,10,0,0,1,0,0,2,0,0,2,0,0,0,0,0,0,0,0,0,0,-1,-1,-1
AAGCATCCACTACACA-1,0,0,0,0,2,0,0,10,0,0,1,0,0,2,0,0,2,0,-1,-1,-1,-1,-1,-1,0,4,0,-1,-1,-1
AGAACCTAGAGTGACC-1,0,0,0,0,2,0,0,10,0,0,1,0,0,2,0,0,2,0,0,21,0,7,21,0,7,11,0,-1,-1,-1
I45,0,0,0,0,2,0,0,10,0,0,1,0,0,2,0,0,2,0,0,0,0,0,0,0,-1,-1,-1,-1,-1,-1
I46,0,0,0,0,2,0,0,10,0,0,1,0,0,2,0,0,2,0,0,0,0,0,0,0,-1,-1,-1,-1,-1,-1
TCTCAGCCACAGTACT-1,0,0,0,0,2,0,0,10,0,0,1,0,0,2,0,0,2,0,0,44,0,0,12,0,-1,-1,-1,-1,-1,-1
ACCCAAAGTGGCCCAT-1,0,0,0,0,2,0,0,10,0,0,1,0,0,2,0,0,2,0,7,16,0,0,15,0,-1,-1,-1,-1,-1,-1
I47,0,0,0,0,2,0,0,10,0,0,1,0,0,2,0,0,2,0,-1,-1,-1,0,0,0,-1,-1,-1,-1,-1,-1
I48,0,0,0,0,2,0,0,10,0,0,1,0,0,2,0,0,2,0,-1,-1,-1,0,0,0,-1,-1,-1,-1,-1,-1
I49,0,0,0,0,2,0,0,10,0,0,1,0,0,2,0,0,2,0,-1,-1,-1,0,0,0,-1,-1,-1,-1,-1,-1
CGTGCTTTCAGTCACA-1,0,0,0,0,2,0,0,10,0,0,1,0,0,2,0,0,2,0,-1,-1,-1,0,0,0,-1,-1,-1,-1,-1,-1
CGACAGCTCATCCTAT-1,0,0,0,0,2,0,0,10,0,0,1,0,0,2,0,0,2,0,-1,-1,-1,0,0,0,-1,-1,-1,-1,-1,-1
ACCAAACTCACTACTT-1,0,0,0,0,2,0,0,10,0,0,1,0,0,2,0,0,2,0,-1,-1,-1,0,0,0,-1,-1,-1,-1,-1,-1
GTTGTCCCAAAGACGC-1,0,29,0,0,2,0,0,10,0,0,1,0,0,2,0,0,2,0,-1,-1,-1,0,0,0,-1,-1,-1,-1,-1,-1
I50,0,0,0,0,2,0,0,0,0,0,1,0,0,2,0,0,2,0,0,0,0,0,0,0,0,0,0,-1,-1,-1
I51,0,0,0,0,2,0,0,0,0,0,1,0,0,2,0,0,2,0,0,0,0,0,0,0,0:0.08/-1:0.92,0:0.08/-1:0.92,0:0.08/-1:0.92,-1,-1,-1
TGAATCGTCCTATTTG-1,0,0,0,0,2,0,0,0,0,0,1,0,0,2,0,0,2,0,0,0,0,6,9,4,-1,-1,-1,-1,-1,-1
AAAGTGACAGCGGTCT-1,0,2,0,0,2,0,0,0,0,0,1,0,0,2,0,0,2,0,-1,-1,-1,0,2,0,-1,-1,-1,-1,-1,-1
I52,0,0,0,0,2,0,0,0,0,0,1,0,0,2,0,0,2,0,0,0,0,0,0,0,0,0,0,-1,-1,-1
I53,0,0,0,0,2,0,0,0,0,0,1,0,0,2,0,0,2,0,-1,-1,-1,0,0,0,-1,-1,-1,-1,-1,-1
I54,0,0,0,0,2,0,0,0,0,0,1,0,0,2,0,0,2,0,-1,-1,-1,0,0,0,-1,-1,-1,-1,-1,-1
GTAACACCATATGAAG-1,0,0,0,0,2,0,0,0,0,0,1,0,0,2,0,6,2,0,-1,-1,-1,0,37,0,-1,-1,-1,-1,-1,-1
I55,0,0,0,0,2,0,0,0,0,0,1,0,0,2,0,0,2,0,-1,-1,-1,0,0,0,-1,-1,-1,-1,-1,-1
I56,0,0,0,0,2,0,0,10,0,0,1,0,0,2,0,0,2,0,-1,-1,-1,0,0,0,-1,-1,-1,-1,-1,-1
I57,0,0,0,0,2,0,0,10,0,0,1,0,0,2,0,0,2,0,-1,-1,-1,0,0,0,-1,-1,-1,-1,-1,-1
TCCACGTCAACCACGC-1,0,0,0,0,2,0,0,10,0,0,1,0,0,2,0,0,2,0,-1,-1,-1,0,9,0,-1,-1,-1,-1,-1,-1
I58,0,0,0,0,2,0,0,10,0,0,1,0,0,2,0,0,2,0,-1,-1,-1,0,0,0,-1,-1,-1,-1,-1,-1
ATGAGGGAGGAACTCG-1,0,0,0,0,2,0,0,10,0,0,1,0,0,2,0,0,2,0,-1,-1,-1,17,25,0,-1,-1,-1,-1,-1,-1
I59,0,0,0,0,2,0,0,10,0,0,1,0,0,2,0,0,2,0,-1,-1,-1,0,0,0,-1,-1,-1,-1,-1,-1
GTCGCGACACCTGCTT-1,0,0,0,0,2,0,31,10,0,0,1,0,0,2,0,0,2,0,-1,-1,-1,15,2,0,-1,-1,-1,-1,-1,-1
AGTAGCTGTACATACC-1,0,0,0,0,2,0,0,10,0,0,1,0,0,2,0,0,2,0,-1,-1,-1,3,7,0,-1,-1,-1,-1,-1,-1
I60,0,0,0,0,2,0,0,10,0,0,1,0,0,2,0,0,2,0,-1,-1,-1,0,8,0,-1,-1,-1,-1,-1,-1
CCTCCAAAGGGACAGG-1,0,0,0,0,2,0,0,10,0,0,1,0,0,2,0,0,2,0,-1,-1,-1,15,8,0,-1,-1,-1,-1,-1,-1
GATAGAATCCACGAAT-1,0,0,0,0,2,0,0,10,0,0,1,0,0,2,0,0,2,0,-1,-1,-1,0,8,0,-1,-1,-1,-1,-1,-1
CAGATACGTCCGGCAT-1,0,0,0,0,2,0,0,0,0,0,1,0,0,2,0,0,2,0,-1,-1,-1,-1,-1,-1,-1,-1,-1,-1,-1,-1
GTGCACGAGCCACTCG-1,0,0,0,0,2,0,0,0,0,0,1,0,0,2,0,0,2,0,-1,-1,-1,0,9,0,-1,-1,-1,-1,-1,-1
I61,0,0,0,0,2,0,0,0:0.03/10:0.97,0,0,1,0,0,2,0,0,2,0,0,0,0,0:0.87/8:0.13,0:0.87/2:0.13,0,0,0,0,-1,-1,-1
I62,0,0,0,0,2,0,0,10,0,0,1,0,0,2,0,0,2,0,0:0.45/24:0.55,0:0.45/2:0.55,0,0:0.02/-1:0.97/8:0.01,0:0.02/-1:0.97/2:0.01,0:0.03/-1:0.97,0,0,0,-1,-1,-1
TTTGATCCAGTAACGG-1,0,0,0,0,2,0,0,10,0,0,1,0,0,2,0,0,2,0,24,2,0,-1,-1,-1,0,27,0,-1,-1,-1
TACGCTCCACCGTCGA-1,0,0,0,0,2,0,0,10,0,0,1,0,0,2,0,0,2,0,-1,-1,-1,-1,-1,-1,0,3,0,-1,-1,-1
GGGTTATCAGCGTTTA-1,0,0,0,0,2,0,0,10,0,0,1,0,0,2,0,0,2,0,0,15,2,8,2,0,-1,-1,-1,-1,-1,-1
I63,0,0,0,0,2,0,0,0,0,0,1,0,0,2,0,0,2,0,0:0.03/-1:0.96/1:0.009/2:0.009/3:0.005/4:0.006/5:0.002/6:0.008/7:0.001/8:0.002/9:0.003/11:0.002/13:0.007/15:0.002/16:0.001/19:0.002/23:0.008,0:0.03/-1:0.96/1:0.008/2:0.009/3:0.001/4:0.001/5:0.001/7:0.009/8:0.006/10:0.002/12:0.005/13:0.001/14:0.003/16:0.008/17:0.003/18:0.009/19:0.006/22:0.002/24:0.002/25:0.005/27:0.001/28:0.001/29:0.001/31:0.002/32:0.004/33:0.001/34:0.001/36:0.001/37:0.001/38:0.002/39:0.001/42:0.001/43:0.001/44:0.005,0:0.03/-1:0.96/4:0.001,0,0,0,0,0,0,-1,-1,-1
CCTTGTGAGAACTCCT-1,0,0,0,0,2,0,3,0,0,0,1,0,0,2,0,0,2,0,-1,-1,-1,6,30,0,13,16,0,-1,-1,-1
GTAATCGGTTGCTTGA-1,0,0,0,0,2,0,0,0,0,0,1,0,0,2,0,0,2,0,-1,-1,-1,0,0,0,0,23,0,-1,-1,-1
I64,0,0,0,0,0,0,0,0,0,0,0,0,0,0:0.13/2:0.87,0,0,0,0,0,0:0.82/13:0.18,0,0,0,0,0,0,0,-1,-1,-1
I65,0,0,0,0,2,0,0,0,0,0,1,0,0,2,0,0,2,0,-1,-1,-1,0,0,0,1,2,0,-1,-1,-1
I66,0,0,0,0,2,0,0,0,0,0,1,0,0,2,0,0,2,0,-1,-1,-1,0,0,0,1,2,0,-1,-1,-1
I67,0,0,0,0,2,0,0,0,0,0,1,0,0,2,0,0,2,0,-1,-1,-1,0,0,0,-1,-1,-1,-1,-1,-1
AGATCCAAGCTAAACA-1,0,0,0,11,2,0,0,0,0,0,1,0,0,2,0,6,2,0,-1,-1,-1,0,0,0,-1,-1,-1,-1,-1,-1
GTTAGACAGGTAAACT-1,0,0,0,0,2,0,0,0,0,0,1,0,0,2,0,0,2,0,-1,-1,-1,0,0,0,-1,-1,-1,-1,-1,-1
ACTGATGGTACAGAGC-1,0,0,0,0,2,0,0,0,0,0,1,0,0,2,2,0,2,0,-1,-1,-1,0,8,0,1,2,0,-1,-1,-1
AAGACTCGTCGCCTAG-1,0,0,0,0,2,0,0,10,0,0,1,0,0,2,0,0,2,0,-1,-1,-1,6,11,0,1,2,0,-1,-1,-1
I68,9,13,0,0,0,0,0,0,0,0,0,0,0,2,0,8,13,0,0,13,0,0,0,0,0,0:0.64/1:0.36,0,-1,-1,-1
I69,9,13,0,0,0,0,0,0,0,0,0,0,0:0.02/9:0.98,2,0,8,13,0,0:0.03/6:0.97,13,0,0,0,0,0,0:0.48/1:0.52,0,-1,-1,-1
TTCTAACTCCGATGCG-1,9,13,0,0,0,0,0,0,0,-1,-1,-1,9,2,0,8,13,0,6,13,0,0,0,0,0,1,0,-1,-1,-1
I70,9,13,0,0,0,0,0,0,0,0,0,0,9,2,0,8,13,0,6,13,0,0,0,0,0:0.09/-1:0.9/1:0.001/2:0.001/3:0.008/5:0.008/6:0.009/7:0.003/8:0.001/11:0.002/12:0.006/13:0.005/15:0.008/16:0.006,0:0.04/-1:0.9/1:0.06,0:0.09/-1:0.9/2:0.001/3:0.006,-1,-1,-1
ACACGCGCACAGTACT-1,9,13,0,0,0,0,-1,-1,-1,6,1,0,9,2,0,8,13,0,6,13,0,0,13,0,-1,-1,-1,-1,-1,-1
CATCGTCAGTGGCAGT-1,9,13,0,0,0,0,0,0,0,0,0,0,9,2,0,8,13,0,6,13,0,3,7,0,-1,-1,-1,-1,-1,-1
GATGGAGGTAGTACGG-1,9,13,0,3,7,0,7,34,0,0,0,0,4,2,0,8,13,0,17,13,0,0,0,0,-1,-1,-1,-1,-1,-1
((((ATGGATCAGACCCGCT-1:0.046,(ATACCGAAGAGTCTTC-1:0,(((CCGGTGATCATGCCAA-1:0,(GCAGTTAAGCCTTTCC-1:0,TAATCTCCAGGTGTGA-1:0)I14:0)I13:0,GATCATGAGTCTTCCC-1:0)I12:0,GACACGCAGGCACTCC-1:0)I11:0)I10:3.045)I9:2.993,GAGGCCTCAGAGAGGG-1:0.335)I8:14.678,(GTGCAGCGTCACGACC-1:12,(((AGAACCTTCGTAACCA-1:5.236,(CGTGTCTGTCCAGCGT-1:2.048,TGCCGAGCATTAAAGG-1:3.048)I7:2.188)I6:8.971,(AGACTCAAGCGCACAA-1:7.918,(CTAACTTAGCGCACAA-1:0.45,TGCGGGTTCTTGCGCT-1:4.09)I5:7.011)I4:5.596)I3:9.978,AGACTCATCCCATGGG-1:15)I2:0.08)I1:0.049)18:0.05)I0;
I0,0,0,0,0,0,0,0,0,0,0,0,0,0,0,0,0,0,0,0,0,0,0,0,0,0,0,0,0,0,0
18,0,0,0,0,0,0,0,0,0,0,0,0,0,0,0,0,0,0,0,0,0,0,0,0,0:0.99/5:0.01,0:0.99/21:0.01,0:0.99/2:0.01,0:0.99/1:0.01,0:0.99/2:0.01,0
I1,0,0,0,0,0,0,0,0,0,0,0,0,0,0,0,0,0,0,0,0,0,0,0,0,0:0.98/5:0.02,0:0.98/21:0.02,0:0.98/2:0.02,0:0.98/1:0.02,0:0.98/2:0.02,0
I2,0,0,0,0,0,0,0,0,0,0,0,0,0,0,0,0,0,0,0,0,0,0,0:0.97/9:0.03,0,0:0.97/5:0.03,0:0.97/21:0.03,0:0.97/2:0.03,0:0.97/1:0.03,0:0.97/2:0.03,0
AGACTCATCCCATGGG-1,0,0,0,0,17,0,0,11,0,0,15,0,0,16,0,13,17,0,0,0,0,-1,-1,-1,-1,-1,-1,-1,-1,-1
I3,9,13,0,0,0,0,0,0:0.02/15:0.98,0,0,0,0,0,0:0.02/2:0.98,0:0.08/3:0.92,0:0.02/6:0.98,0:0.02/10:0.98,0,0:0.68/8:0.32,0:0.68/22:0.32,0,0,0:0.01/9:0.99,0,0:0.66/5:0.34,0:0.66/21:0.34,0:0.66/2:0.34,0:0.66/1:0.34,0:0.66/2:0.34,0
I4,9,13,0,0,0,0,0:0.05/3:0.95,15,0,0:0.01/9:0.99,14,0,0:0.04/12:0.96,2,0:0.01/3:0.99,6,10,0,0:0.46/8:0.54,0:0.46/22:0.54,0,0,9,0,0:0.44/5:0.56,0:0.44/21:0.56,0:0.44/2:0.56,0:0.44/1:0.56,0:0.44/2:0.56,0
I5,9,13,0,0,0,0,3,15,0,9,14,0,12,2,3,6,10,0,0:0.01/-1:0.99,0:0.01/-1:0.99,0:0.01/-1:0.99,0,9,0,0:0.12/5:0.88,0:0.12/21:0.88,0:0.12/2:0.88,0:0.01/-1:0.99,0:0.01/-1:0.99,0:0.01/-1:0.99
TGCGGGTTCTTGCGCT-1,9,13,0,0,6,0,3,15,0,9,14,0,12,2,3,6,10,0,-1,-1,-1,0,9,0,-1,-1,-1,-1,-1,-1
CTAACTTAGCGCACAA-1,9,13,0,0,0,0,3,15,0,9,14,0,12,2,3,6,10,0,-1,-1,-1,0,9,0,5,21,2,-1,-1,-1
AGACTCAAGCGCACAA-1,9,13,0,-1,-1,-1,3,15,0,9,14,0,12,2,3,6,10,0,8,22,0,0,9,0,-1,-1,-1,1,2,0
I6,9,13,0,0,0,0,0,15,0,0,0,0,0,2,3,6,10,0,0:0.01/-1:0.97/8:0.02,0:0.01/-1:0.97/22:0.02,0:0.02/-1:0.97/4:0.001,0,9,0,0:0.01/-1:0.97/5:0.02,0:0.01/-1:0.97/21:0.02,0:0.01/-1:0.97/2:0.02,0:0.01/-1:0.97/1:0.02,0:0.01/-1:0.97/2:0.02,0:0.02/-1:0.97/1:0.01
I7,9,13,0,0,0,0,0:0.02/3:0.98,15,0,0,0,0,0:0.02/12:0.98,2,3,6,10,0,-1,-1,-1,0,9,0,-1,-1,-1,-1,-1,-1
TGCCGAGCATTAAAGG-1,9,13,0,0,37,7,3,15,0,0,42,0,12,2,3,6,10,0,-1,-1,-1,0,9,0,-1,-1,-1,-1,-1,-1
CGTGTCTGTCCAGCGT-1,9,13,0,0,7,0,3,15,0,0,26,0,12,2,3,6,10,0,-1,-1,-1,0,9,0,-1,-1,-1,-1,-1,-1
AGAACCTTCGTAACCA-1,9,13,0,10,16,0,6,15,0,9,14,0,0,2,3,6,10,0,-1,-1,-1,0,9,0,-1,-1,-1,-1,-1,-1
GTGCAGCGTCACGACC-1,0,0,0,0,17,0,0,11,0,0,15,0,0,16,0,13,17,0,0,0,0,0,0,0,-1,-1,-1,-1,-1,-1
I8,0,7,0,0,17,0,0,11,0,0,15,0,0,16,0,13,17,0,0,0,0,0:0.15/5:0.85,0:0.15/8:0.85,0,-1:0.99/5:0.01,-1:0.99/21:0.01,-1:0.99/2:0.01,-1:0.99/1:0.01,-1:0.99/2:0.01,-1:0.99/1:0.01
GAGGCCTCAGAGAGGG-1,0,7,0,0,17,0,0,11,0,0,15,0,0,16,0,13,17,0,0,0,0,5,8,0,-1,-1,-1,-1,-1,-1
I9,0,7,0,0,17,0,0,11,0,0,15,0,0,16,0,13,17,0,0,0,0,-1:0.99/5:0.01,-1:0.99/8:0.01,0:0.01/-1:0.99,-1,-1,-1,-1,-1,-1
I10,-1,-1,-1,0,17,0,0,11,0,0,15,0,0,16,0,13,17,0,0,0,0,-1,-1,-1,-1,-1,-1,-1,-1,-1
I11,-1,-1,-1,0,17,0,0,11,0,0,15,0,0,16,0,13,17,0,0,0,0,-1,-1,-1,-1,-1,-1,-1,-1,-1
GACACGCAGGCACTCC-1,-1,-1,-1,0,17,0,0,11,0,0,15,0,0,16,0,13,17,0,0,0,0,-1,-1,-1,-1,-1,-1,-1,-1,-1
I12,-1,-1,-1,0,17,0,0,11,0,0,15,0,0,16,0,13,17,0,0,0,0,-1,-1,-1,-1,-1,-1,-1,-1,-1
GATCATGAGTCTTCCC-1,-1,-1,-1,0,17,0,0,11,0,0,15,0,0,16,0,13,17,0,0,0,0,-1,-1,-1,-1,-1,-1,-1,-1,-1
I13,-1,-1,-1,0,17,0,0,11,0,0,15,0,0,16,0,13,17,0,0,0,0,-1,-1,-1,-1,-1,-1,-1,-1,-1
I14,-1,-1,-1,0,17,0,0,11,0,0,15,0,0,16,0,13,17,0,0,0,0,-1,-1,-1,-1,-1,-1,-1,-1,-1
TAATCTCCAGGTGTGA-1,-1,-1,-1,0,17,0,0,11,0,0,15,0,0,16,0,13,17,0,0,0,0,-1,-1,-1,-1,-1,-1,-1,-1,-1
GCAGTTAAGCCTTTCC-1,-1,-1,-1,0,17,0,0,11,0,0,15,0,0,16,0,13,17,0,0,0,0,-1,-1,-1,-1,-1,-1,-1,-1,-1
CCGGTGATCATGCCAA-1,-1,-1,-1,0,17,0,0,11,0,0,15,0,0,16,0,13,17,0,0,0,0,-1,-1,-1,-1,-1,-1,-1,-1,-1
ATACCGAAGAGTCTTC-1,-1,-1,-1,0,17,0,0,11,0,0,15,0,0,16,0,13,17,0,0,0,0,-1,-1,-1,-1,-1,-1,-1,-1,-1
ATGGATCAGACCCGCT-1,0,7,0,0,17,0,0,11,0,0,15,0,0,16,0,13,17,0,0,0,0,-1,-1,-1,-1,-1,-1,-1,-1,-1
