0.369204
0.369204
0.117639
0.486843
0.0458684
0.532711
0.10366
0.469883
0.469883
0.166488
0.0411421
0.322485
0.038555
0.038555
0.174768
0.213323
0.109162
0.0552568
0.377742
0.321953
0.321953
0.0557887
0.205622
0.205622
0.17212
0.0729054
0.404966
0.404966
0.0456815
0.14591
0.596557
0.0809564
0.31493
0.24208
0.0529757
0.0529757
0.0529757
0.189104
0.24208
0.00755677
0.00755677
0.0319418
0.0394986
0.202581
0.611565
0.853645
0.853645
0.047983
0.138378
0.138378
0.138378
0.138378
0.138378
0.138378
0.214468
0.352846
0.125849
0.231536
0.231536
0.247159
0.0576205
0.536315
0.365313
0.901628
0.901628
0.544924
0.422335
0.422335
0.122589
0.356703
0.702115
0.0603426
0.0603426
0.027407
0.0877496
0.0298685
0.117618
0.117618
0.117618
0.143863
0.261481
0.112103
0.214698
0.214698
0.124361
0.124361
0.0903372
0.107271
0.123234
0.123234
0.198735
0.321969
0.321969
0.0746034
0.0746034
0.0432366
0.11784
0.11784
0.11784
0.0864611
0.0333166
0.0333166
0.170985
0.168847
0.168847
0.0627614
0.00755677
0.00755677
0.0552046
0.106086
0.0354541
0.117668
0.0516153
0.373584
0.0627409
0.0627409
0.0595825
0.062741
0.062741
0.0595825
0.0602586
0.0602586
0.0620648
0.122323
0.0242322
0.146556
0.227028
0.328531
0.199513
0.0908156
0.909045
0.909045
0.378062
0.378062
0.0986621
0.469167
0.469167
0.00755677
0.409461
0.533136
0.351402
0.246107
0.246107
0.105296
0.181734
0.0962099
0.319797
0.140572
0.140572
0.179225
0.309549
0.256839
0.0228603
0.0354366
0.914423
0.914423
0.030058
0.483248
0.483248
0.461233
0.795092
0.795092
0.0347396
0.829831
0.805936
0.805936
0.0238956
0.620133
0.620133
0.209699
0.11465
0.465605
0.208263
0.208263
0.257342
0.069897
0.279071
0.103836
0.0400723
0.0400723
0.063764
0.175235
0.256431
0.333867
0.814784
0.321156
0.228026
0.228026
0.0931299
0.493628
0.0545849
0.843323
0.386166
0.386166
0.122139
0.508305
0.335018
0.0260453
0.0751127
0.0479619
0.767972
0.767972
0.190729
0.190729
0.577243
0.119307
0.357745
0.357745
0.529534
0.03426
0.122507
0.122507
0.248542
0.371049
0.55049
0.0709042
0.439146
0.439146
0.253906
0.253906
0.0839579
0.163474
0.163474
0.174389
0.101282
0.553297
0.992443
0.65149
0.121248
0.121248
0.295716
0.246329
0.246329
0.170636
0.0506286
0.392072
0.392072
0.317719
0.317719
0.0743535
0.075521
0.246441
0.180967
0.180967
0.180967
0.065474
0.0725322
0.318974
0.164269
0.164269
0.154704
0.218288
0.218288
0.0701786
0.1973
0.161298
0.161298
0.0360013
0.0911667
0.0305073
0.14862
0.467593
0.183897
0.333396
0.752319
0.146195
0.146195
0.559715
0.488784
0.196535
0.0507098
0.0507098
0.145825
0.292249
0.217126
0.0464087
0.133483
0.133483
0.0214611
0.154944
0.464717
0.619661
0.234358
0.193436
0.193436
0.0409225
0.145375
0.379733
0.239928
0.619661
0.00755677
0.00755677
0.612104
0.390018
0.390018
0.229643
0.619661
0.132659
0.725815
0.0939474
0.0939474
0.0939474
0.0939474
0.631868
0.0265042
0.232567
0.00755677
0.755224
0.724732
0.263612
0.263612
0.263612
0.263612
0.263612
0.263612
0.0360016
0.299614
0.0415209
0.176787
0.176787
0.176787
0.164348
0.341135
0.302511
0.643646
0.0810863
0.0304917
0.00755677
0.762781
0.229663
0.281771
0.281771
0.171544
0.257246
0.257246
0.196069
0.379763
0.1309
0.1309
0.605079
0.279856
0.279856
0.0968022
0.0312409
0.0312409
0.0460167
0.0772575
0.0772575
0.0848462
0.162104
0.137055
0.299159
0.0774989
0.359321
0.0970992
0.159365
0.336206
0.336206
0.208024
0.54423
0.120818
0.087753
0.087753
0.577295
0.0416105
0.345316
0.133807
0.133807
0.0901083
0.0873948
0.0873948
0.13652
0.121401
0.361342
0.706658
0.133507
0.840165
0.144721
0.984886
0.00755677
0.200279
0.00755677
0.00755677
0.192722
0.233584
0.433863
0.27298
0.146247
0.146247
0.250556
0.396803
0.184585
0.581388
0.125455
0.285601
0.577046
0.577046
0.219868
0.171751
0.171751
0.625164
0.102762
0.0704741
0.0704741
0.0704741
0.0897746
0.160249
0.160249
0.160249
0.373298
0.533547
0.366129
0.092767
0.257247
0.257247
0.345375
0.404697
0.142124
0.142124
0.262573
0.197925
0.347679
0.391545
0.391545
0.190981
0.582526
0.367775
0.0421424
0.53081
0.415604
0.415604
0.0680094
0.40888
0.40888
0.0747334
0.0471966
0.158529
0.68934
0.303104
0.00755677
0.00755677
0.00755677
0.00755677
0.118733
0.12629
0.217819
0.344109
0.344109
0.166086
0.123199
0.123199
0.386996
0.510195
0.319928
0.830123
0.0824638
0.227452
0.227452
0.186412
0.413864
0.160869
0.574732
0.171852
0.746584
0.166002
0.0722997
0.205128
0.205128
0.779758
0.984886
0.984886
0.263303
0.263303
0.182005
0.445308
0.184484
0.629793
0.0199553
0.0502403
0.0502403
0.427124
0.0879906
0.0879906
0.346802
0.434792
0.434792
0.0425718
0.172384
0.335139
0.00755677
0.209085
0.209085
0.453086
0.351738
0.351738
0.310433
0.0434052
0.565948
0.145275
0.103688
0.103688
0.0415873
0.145275
0.145275
0.145275
0.145275
0.145275
0.145275
0.117819
0.124796
0.124796
0.138298
0.295296
0.111772
0.111772
0.446619
0.00755677
0.132072
0.343073
0.343073
0.300782
0.00755677
0.00755677
0.00755677
0.0151135
0.0151135
0.0151135
0.0151135
0.38528
0.0774971
0.0774971
0.322897
0.24346
0.0541657
0.00755679
0.286867
0.00755677
0
