0.494249
0.494249
0.340799
0.613249
0.613249
0.00702822
0.457729
0.457729
0.162548
0.214771
0.0876972
0.922745
0.0702259
0.328447
0.328447
0.0500373
0.371448
0.371448
0.00703602
0.244246
0.62273
0.00702859
0.629759
0.00702833
0.437271
0.437271
0.199516
0.349156
0.590343
0.590343
0.067942
0.658285
0.00702901
0.558952
0.486072
0.486072
0.0728801
0.00702808
0.558951
0.558951
0.00702877
0.0993343
0.32063
0.00702793
0.254117
0.254117
0.404133
0.443414
0.443414
0.214835
0.327692
0.985942
0.00702933
0.149009
0.149009
0.234186
0.383195
0.198782
0.213724
0.213724
0.12815
0.272508
0.272508
0.069366
0.162768
0.346228
0.283255
0.283255
0.0629725
0.158414
0.0773353
0.410994
0.119742
0.119742
0.155759
0.211909
0.211909
0.0635926
0.198035
0.473536
0.123491
0.597027
0.388916
0.708144
0.402612
0.402612
0.0823958
0.204437
0.204437
0.280571
0.223137
0.277799
0.00702821
0.953214
0.126398
0.126398
0.826817
0.0257005
0.150416
0.150416
0.237437
0.387853
0.277185
0.283614
0.283614
0.0693657
0.35298
0.0730543
0.426034
0.239004
0.186393
0.85143
0.127485
0.00702813
0.545432
0.545432
0.123676
0.477505
0.477505
0.191603
0.195759
0.864867
0.121076
0.00702832
0.665676
0.665676
0.118044
0.268092
0.196178
0.196178
0.0719147
0.515628
0.202222
0.985943
0.00702863
0.0427212
0.0427212
0.00702861
0.0497498
0.160854
0.210604
0.182653
0.393257
0.00703389
0.400291
0.592681
0.838787
0.529359
0.229682
0.229682
0.0932923
0.322974
0.0255119
0.341457
0.341457
0.00702911
0.00702822
0.2802
0.2802
0.0682854
0.348485
0.007029
0.0789366
0.286726
0.286726
0.147725
0.0949087
0.116287
0.436997
0.271857
0.271857
0.165139
0.20865
0.109032
0.754678
0.0841089
0.0989732
0.278264
0.278264
0.183633
0.353821
0.353821
0.00702829
0.360849
0.101049
0.165813
0.62771
0.0664956
0.694206
0.20608
0.900286
0.0234174
0.573232
0.573232
0.350472
0.00702848
0.930732
0.0070285
0.0411547
0.0070279
0.0070279
0.00702804
0.0070279
0.0070279
0.00702804
0.0938407
0.0709149
0.0709149
0.0369816
0.138049
0.245945
0.239543
0.485488
0.45938
0.231396
0.231396
0.237859
0.320236
0.00702786
0.00702786
0.00702791
0.0140558
0.126198
0.140254
0.172953
0.153289
0.153289
0.159918
0.0070291
0.149019
0.242089
0.58353
0.436868
0.436868
0.00702877
0.276923
0.276923
0.0231245
0.300047
0.00703098
0.307078
0.0070285
0.307079
0.307079
0.00702833
0.12979
0.139634
0.127814
0.233523
0.0340474
0.0070281
0.409442
0.409442
0.0533044
0.225419
0.225419
0.237327
0.21701
0.679756
0.269686
0.949442
0.0365012
0.00702806
0.663645
0.217772
0.217772
0.445873
0.322299
0.838633
0.469009
0.469009
0.369625
0.095513
0.423554
0.423554
0.510592
0.0447692
0.0940592
0.0940592
0.0979381
0.0744808
0.0744808
0.117516
0.704388
0.319588
0.319588
0.0070302
0.319589
0.11921
0.11921
0.200379
0.00702871
0.212296
0.279115
0.279115
0.259799
0.357471
0.0340963
0.42297
0.42297
0.0394399
0.455381
0.455381
0.0070285
0.00702802
0.225649
0.225649
0.0726195
0.298269
0.16414
0.462409
0.00702854
0.243627
0.713065
0.217417
0.0484343
0.0070281
0.00702798
0.867102
0.400402
0.400402
0.4667
0.118842
0.329734
0.329734
0.00702933
0.336763
0.0070285
0.343792
0.211548
0.55534
0.00702844
0.562368
0.135988
0.269289
0.269289
0.153258
0.422547
0.27581
0.108334
0.80669
0.179254
0.00702797
0.355756
0.355756
0.0070285
0.362785
0.223908
0.33028
0.33028
0.256412
0.252914
0.839606
0.125251
0.964858
0.0070288
0.245284
0.245284
0.726602
0.00702852
0.237584
0.237584
0.00703099
0.244615
0.154091
0.398706
0.56055
0.192426
0.192426
0.188601
0.381027
0.578229
0.0196582
0.00702841
0.256109
0.256109
0.638521
0.651588
0.651588
0.228986
0.372761
0.176814
0.176814
0.00702859
0.183842
0.188918
0.133936
0.506697
0.366849
0.873545
0.00702818
0.00702813
0.509871
0.509871
0.377731
0.00702816
0.0913138
0.00702809
0.00702811
0
