0.872192
0.534533
0.379982
0.379982
0.0325496
0.412532
0.00671458
0.419246
0.115287
0.337659
0.0432294
0.225241
0.225241
0.676751
0.254028
0.254028
0.467024
0.721052
0.0335665
0.588133
0.588133
0.0970586
0.671763
0.0134287
0.00671429
0.00671429
0.00671438
0.0845979
0.0980266
0.460193
0.174595
0.174595
0.00671501
0.18131
0.00671449
0.188024
0.090889
0.133457
0.133457
0.145457
0.00671478
0.285628
0.231315
0.516943
0.0412764
0.0178675
0.476787
0.390305
0.165543
0.165543
0.129894
0.295437
0.094868
0.0575175
0.447823
0.0289647
0.0992999
0.0956756
0.00671459
0.33034
0.131083
0.131083
0.069666
0.200749
0.129592
0.176463
0.19269
0.19269
0.314113
0.171674
0.0067145
0.0510623
0.0408823
0.0408823
0.688657
0.729539
0.00671533
0.0116494
0.561787
0.561787
0.0680217
0.629809
0.118095
0.00671456
0.147374
0.00671436
0.547576
0.547576
0.129698
0.482016
0.482016
0.195258
0.114009
0.791283
0.117424
0.00671435
0.0711499
0.986571
0.00671432
0.296623
0.296623
0.00671452
0.15707
0.15707
0.0364052
0.05862
0.05862
0.0303019
0.0303679
0.0303679
0.0585539
0.0277347
0.116657
0.00672018
0.123377
0.0633835
0.0067143
0.0067143
0.00671438
0.0134287
0.0174
0.0308287
0.155932
0.00671488
0.00671443
0.20019
0.00671434
0.193475
0.0760013
0.0760013
0.0929142
0.168915
0.0245596
0.00671445
0.00671439
0.00671439
0.0781436
0.0848579
0.115332
0.00671436
0.0964332
0.162732
0.266809
0.266809
0.0067159
0.273525
0.0247703
0.113494
0.0327885
0.0327885
0.0807051
0.00671542
0.120209
0.013352
0.00671438
0.00671438
0.075415
0.0821294
0.0514316
0.034436
0.167997
0.00671467
0.174712
0.00671448
0.0793071
0.0793071
0.00671435
0.0860215
0.0954047
0.116869
0.167775
0.377596
0.843665
0.14962
0.328125
0.328125
0.380716
0.299504
0.299504
0.409337
0.0823073
0.303833
0.303833
0.450149
0.753982
0.0304519
0.637992
0.637992
0.139728
0.764291
0.73859
0.73859
0.0257011
0.00671441
0.449516
0.449516
0.32149
0.00671433
0.00671433
0.00671434
0.0793962
0.218293
0.218293
0.197788
0.41608
0.00671441
0.422795
0.107947
0.391271
0.144649
0.144649
0.0881561
0.145646
0.145646
0.0871589
0.110433
0.188335
0.188335
0.148188
0.336523
0.00671447
0.0480336
0.139471
0.319659
0.153947
0.153947
0.68974
0.30506
0.30506
0.122833
0.427892
0.0708062
0.498698
0.301819
0.800517
0.0431696
0.00671441
0.00671449
0.448313
0.448313
0.408803
0.00671444
0.86383
0.00671438
0.00671431
0.235941
0.235941
0.0186942
0.254635
0.00671501
0.26135
0.190189
0.310358
0.310358
0.141181
0.109504
0.561043
0.271944
0.832987
0.0442717
0.00671429
0.185385
0.185385
0.065139
0.174751
0.174751
0.00672078
0.181472
0.069052
0.0283226
0.0650408
0.0650408
0.0868251
0.057795
0.057795
0.0644525
0.115533
0.0392071
0.00671429
0.00671429
0.00671438
0.00671429
0.00671429
0.00671438
0.00671444
0.00671427
0.00671427
0.00671431
0.0134286
0.00671451
0.019064
0.00671473
0.0459219
0.00671465
0.0526365
0.00671488
0.0593514
0.0494672
0.108819
0.00671453
0.0067144
0.00671448
0.128962
0.00671464
0.135677
0.0161892
0.126981
0.427108
0.705955
0.171304
0.877258
0.00671475
0.109312
0.189072
0.189072
0.399485
0.375143
0.184643
0.184643
0.0317531
0.216396
0.034744
0.00671435
0.00671435
0.244426
0.124003
0.213414
0.145713
0.429096
0.429096
0.305173
0.0755507
0.122737
0.122737
0.00671455
0.129452
0.18079
0.310242
0.293673
0.302244
0.302244
0.301671
0.205906
0.183465
0.305086
0.232736
0.232736
0.0656351
0.298372
0.00671449
0.155008
0.460094
0.184328
0.175877
0.175877
0.163254
0.223148
0.223148
0.00671456
0.16953
0.16953
0.0603323
0.102554
0.0428503
0.0428503
0.289566
0.0067148
0.0685952
0.144358
0.144358
0.16333
0.307688
0.00671446
0.314402
0.0933239
0.236696
0.348864
0.502119
0.316302
0.316302
0.185817
0.288296
0.790415
0.00671449
0.261372
0.130154
0.00671445
0.00671445
0.12344
0.131218
0.0658756
0.327248
0.0517011
0.378949
0.0953555
0.474304
0.257888
0.0310905
0.0310905
0.177849
0.20894
0.0840138
0.237869
0.237869
0.0550847
0.00671437
0.0643683
0.0643683
0.0610985
0.125467
0.00671438
0.00671437
0.00671437
0.0918942
0.0986086
0.00671477
0.105323
0.00671455
0.112038
0.00671448
0.118752
0.00671446
0.125467
0.00671436
0.160773
0.115244
0.115244
0.17771
0.00671444
0.0501071
0.336346
0.336346
0.00671455
0.343061
0.00671446
0.272037
0.621812
0.110379
0.0649376
0.196156
0.35223
0.35223
0.165486
0.294063
0.218334
0.218334
0.0690144
0.218413
0.218413
0.00671444
0.225127
0.0622211
0.00671444
0.0341745
0.254082
0.254082
0.00671444
0.260797
0.00671445
0.267511
0.0607264
0.0367028
0.36494
0.152775
0.159696
0.38329
0.38329
0.294122
0.30916
0.0778126
0.0778126
0.215837
0.29365
0.151061
0.444711
0.450562
0.150252
0.0780239
0.0780239
0.0722279
0.0730648
0.223317
0.0560197
0.270293
0.143559
0.143559
0.113304
0.256863
0.00671495
0.263577
0.00671595
0.0090428
0.00671491
0.191088
0.191088
0.00671501
0.197803
0.0187376
0.21654
0.00671459
0.137446
0.137446
0.085809
0.0067144
0.00671435
0.00671435
0.157819
0.164534
0.0654358
0.00671432
0.160433
0.160433
0.0695366
0.101891
0.101891
0.128078
0.00671451
0.0493676
0.00671449
0.261244
0.261244
0.0315218
0.125881
0.346457
0.11366
0.11366
0.0979166
0.211577
0.13488
0.0654751
0.411932
0.00671486
0.0650225
0.483669
0.00671448
0.312217
0.312217
0.178167
0.0577997
0.548183
0.340374
0.150379
0.150379
0.00671432
0.157093
0.0777004
0.234793
0.0412731
0.276067
0.147803
0.423869
0.464688
0.00671444
0.0912989
0.00671441
0.836359
0.677107
0.677107
0.03191
0.709017
0.00671441
0.715732
0.113912
0.829644
0.00671436
0.150213
0.930119
0.165323
0.103821
0.103821
0.0615021
0.273621
0.438944
0.437051
0.243699
0.243699
0.143534
0.387233
0.202947
0.164046
0.164046
0.211853
0.375898
0.207567
0.583465
0.006715
0.16316
0.4725
0.4725
0.28084
0.122655
0.0541243
0.0564523
0.00671432
0.00671435
0
