0.43184
0.0803219
0.0803219
0.00786693
0.0881889
0.0231993
0.111388
0.102193
0.0313397
0.0313397
0.182242
0.0154493
0.229031
0.00789873
0.182819
0.182819
0.0541099
0.00993138
0.146495
0.146495
0.00786619
0.128574
0.128574
0.0179205
0.146494
0.00786719
0.0924995
0.184979
0.0108928
0.442732
0.213275
0.140214
0.140214
0.0761639
0.113163
0.113163
0.103214
0.285405
0.501783
0.154225
0.336125
0.236825
0.221092
0.221092
0.00786701
0.228959
0.00786632
0.0993418
0.283099
0.283099
0.0451942
0.328294
0.00787295
0.163046
0.499213
0.485054
0.485837
0.485837
0.0078784
0.163314
0.163314
0.0201655
0.183479
0.166606
0.342219
0.342219
0.00786642
0.143631
0.0907902
0.395196
0.334374
0.253589
0.253589
0.080784
0.0608226
0.18931
0.170835
0.75534
0.147658
0.00786614
0.00786614
0.331161
0.339027
0.368087
0.00786619
0.00786619
0.699248
0.0941433
0.423911
0.177986
0.170118
0.170118
0.00786728
0.0432001
0.221186
0.0507232
0.271909
0.152002
0.122658
0.546569
0.254688
0.101741
0.0290483
0.932047
0.0522199
0.00786643
0.00786601
0.00786601
0.00786608
0.0157321
0.208603
0.224335
0.550857
0.124619
0.124619
0.198618
0.00786619
0.00786619
0.31537
0.451956
0.00786972
0.223055
0.113608
0.113608
0.109447
0.560008
0.0972161
0.295773
0.287905
0.0499716
0.0499716
0.237933
0.00786789
0.134413
0.430185
0.450093
0.111855
0.486462
0.486462
0.270297
0.49161
0.00786612
0.00786612
0.00786624
0.00786612
0.00786612
0.00786624
0.00786612
0.0235985
0.151165
0.174763
0.269855
0.0867784
0.0867784
0.00786642
0.00786628
0.00786628
0.0867785
0.349973
0.00786633
0.132648
0.132648
0.216069
0.348717
0.00786918
0.356586
0.0880314
0.266158
0.153484
0.153484
0.112674
0.17846
0.00786645
0.00786622
0.46035
0.00786771
0.468218
0.023392
0.0356223
0.527232
0.0760755
0.36307
0.36307
0.240238
0.153451
0.227509
0.0807715
0.0807715
0.0673097
0.0807986
0.0807986
0.0672826
0.199332
0.347414
0.636854
0.00786614
0.0882633
0.0882633
0.00786637
0.0961297
0.88027
0.050122
0.050122
0.360596
0.410718
0.00786673
0.418585
0.530527
0.723646
0.462084
0.462084
0.245829
0.707912
0.00786677
0.399819
0.399819
0.130137
0.529956
0.185823
0.00786661
0.00786662
0.370197
0.370197
0.045062
0.415259
0.120655
0.248226
0.23246
0.23246
0.00786738
0.240328
0.00789784
0.0643406
0.312566
0.00788652
0.320453
0.215462
0.00786638
0.40554
0.40554
0.130374
0.535914
0.00786668
0.105891
0.649672
0.0818401
0.2176
0.0272882
0.00786715
0.456825
0.456825
0.0424833
0.499308
0.43864
0.437538
0.437538
0.50041
0.0463193
0.00786617
0.185193
0.0424197
0.0424197
0.0078665
0.0502862
0.134907
0.343203
0.30542
0.30542
0.222976
0.160612
0.347337
0.347337
0.215333
0.211247
0.211247
0.351424
0.126338
0.262922
0.95193
0.0402027
0.329751
0.329751
0.00786642
0.289122
0.289122
0.0484949
0.0505116
0.111716
0.111716
0.0577001
0.169416
0.218713
0.119735
0.507864
0.484269
0.226383
0.226383
0.222204
0.148378
0.148378
0.300208
0.06256
0.511146
0.190791
0.701937
0.116534
0.818471
0.165796
0.540097
0.540097
0.0578826
0.59798
0.292147
0.890127
0.0627245
0.204192
0.204192
0.0902305
0.294423
0.0486807
0.343103
0.00786708
0.350971
0.0855522
0.18948
0.148076
0.148076
0.0335364
0.141052
0.00786626
0.00786626
0.117453
0.125319
0.0078665
0.133186
0.00786625
0.0405609
0.00786667
0.00786629
0.197346
0.0372122
0.126633
0.126633
0.0921863
0.210949
0.210949
0.00787036
0.00786864
0.226688
0.00786966
0.201965
0.500592
0.602812
0.289852
0.289852
0.31296
0.326435
0.214661
0.214661
0.188262
0.402923
0.526325
0.00786745
0.00786787
0.292839
0.292839
0.652144
0.0078688
0.023547
0.305307
0.305307
0.44062
0.745928
0.230471
0.00786796
0.00786639
0.00786627
0
