((((GTACAACAGTTAACAG-1:12.332,AGACTCACACAATTCG-1:0.333)I5:3.78,((TCGTCCATCGTTCTCG-1:6.629,AATGCCAGTCCCGGTA-1:6.629)I4:3.541,(AGCTTCCAGCACGTCC-1:7.11,AATGGAAGTACTAACC-1:11.11)I3:0)I2:5.939)I1:1.955,GCCAACGCATCATCTT-1:1)10:0)I0;
I0,0,0,0,0,0,0,0,0,0,0,0,0,0,0,0,0,0,0,0,0,0,0,0,0,0,0,0
10,0,0,0,0,0,0,0,0,0,0,0,0,0,0,0,0,0,0,0,0,0,0,0,0,0,0,0
GCCAACGCATCATCTT-1,0,0,0,0,0,0,0,0,0,0,0,0,0,0,0,0,0,0,0,0,0,0,0,0,0,17,0
I1,0,0,0,0,0,0,0,0,0,0,0,0,0,0,0,0,0,0,0,6,0,0,0:0.04/4:0.96,0,0,0,0
I2,0,1,0:0.08/2:0.92,0:0.01/-1:0.99,0:0.01/-1:0.99,0:0.01/-1:0.99,0,0,0,0,6,0,0,0,0,0,0,0,0,6,0,0,4,0,0,0,0
I3,0,1,0:0.08/2:0.92,0:0.01/-1:0.99,0:0.01/-1:0.99,0:0.01/-1:0.99,0,0,0,0,6,0,0,0,0,0,0,0,0,6,0,0,4,0,0,0,0
AATGGAAGTACTAACC-1,0,1,2,-1,-1,-1,10,10,0,9,6,0,7,11,2,0,9,0,4,6,0,3,4,0,4,5,0
AGCTTCCAGCACGTCC-1,0,1,2,-1,-1,-1,14,6,0,0,6,0,0,12,0,-1,-1,-1,0,6,0,0,4,0,0,6,0
I4,0,1,0:0.03/2:0.97,-1,-1,-1,0,0,0,0:0.07/3:0.93,6,0,0,0,0,0,0,0,0,6,0,0,4,0,0:0.16/-1:0.82/1:0.012/2:0.017/3:0.017/4:0.018/5:0.012/6:0.001/7:0.004/8:0.005/9:0.001/10:0.007/11:0.002/13:0.014,0:0.16/-1:0.82/1:0.018/2:0.015/3:0.008/4:0.002/5:0.007/6:0.008/7:0.012/10:0.018/11:0.018/13:0.001/14:0.004/15:0.005/16:0.005/17:0.005/18:0.002/19:0.017/20:0.001/21:0.01/22:0.006/23:0.002/24:0.01,0:0.16/-1:0.82/1:0.011
AATGCCAGTCCCGGTA-1,0,1,2,-1,-1,-1,-1,-1,-1,3,6,0,0,10,0,6,8,0,0,6,0,0,4,0,-1,-1,-1
TCGTCCATCGTTCTCG-1,0,1,2,-1,-1,-1,0,0,0,3,6,0,2,3,0,27,30,5,0,6,0,12,4,0,-1,-1,-1
I5,0,0,0,0,0,0,0,0,0,0,0,0,0,0,0,0,0:0.02/12:0.98,0,0,6,0,0,4,0,0:0.08/-1:0.9/1:0.012/2:0.017/3:0.017/4:0.018/5:0.012/6:0.001/7:0.004/8:0.005/9:0.001/10:0.007/11:0.002/13:0.014,0:0.08/-1:0.9/1:0.018/2:0.015/3:0.008/4:0.002/5:0.007/6:0.008/7:0.012/10:0.018/11:0.018/13:0.001/14:0.004/15:0.005/16:0.005/17:0.005/18:0.002/19:0.017/20:0.001/21:0.01/22:0.006/23:0.002/24:0.01,0:0.08/-1:0.9/1:0.011
AGACTCACACAATTCG-1,0,0,0,0,0,0,0,0,0,0,0,0,0,0,0,0,12,0,0,6,0,0,4,0,-1,-1,-1
GTACAACAGTTAACAG-1,9,1,0,0,0,7,2,27,0,0,12,0,5,33,0,0,12,0,-1,-1,-1,1,4,0,-1,-1,-1
((((TCATTGTTCTGGGATT-1:4.056,TAGGTACCAGTAGGAC-1:0.41)I8:4.612,AAAGTGATCCGGGACT-1:1.212)I7:1.794,(((TTCTCTCTCAGACTGT-1:1.012,TCGGTCTGTCTCAGGC-1:3.012)I6:1.026,(AGAGCAGTCATAAGGA-1:6.08,TTAGTCTGTTGGCCGT-1:2.408)I5:1.629)I4:3.018,(ACTGTGACAGGCGATA-1:4.087,(GGCGTCATCGAAGGAC-1:2.901,TGAGGAGGTGTACATC-1:5.102)I3:1.186)I2:2.974)I1:1.956)1:7.994)I0;
I0,0,0,0,0,0,0,0,0,0,0,0,0,0,0,0,0,0,0,0,0,0,0,0,0,0,0,0
1,0,2,0,0,0,0,1,2,0,0,2,0,1,2,0,0,1,0,0,0,0,0,1,0,0,0,0
I1,0,2,0,0,0,0,1,2,0,0,2,0,1,2,0,0:0.03/6:0.97,1,0,0,0,0,0:0.02/3:0.98,1,0,0,0,0
I2,0,2,0,0,0,0,1,2,0,0,2,0,1,2,0,6,1,0,0:0.03/-1:0.97,0:0.03/-1:0.97,0:0.03/-1:0.97,3,1,0,0,0,0
I3,0:0.09/3:0.91,2,0,0,0,0,1,2,0,0,2,0,1,2,0,6,1,0,-1:0.99/1:0.001/2:0.009/3:0.003/5:0.002/6:0.009/7:0.006/8:0.003/9:0.002/11:0.002/12:0.005/13:0.002/16:0.001/17:0.008,-1:0.99/1:0.001/2:0.006/3:0.009/4:0.005/5:0.008/7:0.001/8:0.001/9:0.002/11:0.001/12:0.001/13:0.001/14:0.006/16:0.001/17:0.002/18:0.001/19:0.009/20:0.002/21:0.002/22:0.001/23:0.001/24:0.001/25:0.003/27:0.001/29:0.005/30:0.004/31:0.009/32:0.001,-1:0.99/2:0.001,3,1,0,0,0:0.8/19:0.2,0
TGAGGAGGTGTACATC-1,3,2,0,27,46,0,1,2,0,0,2,0,1,2,0,6,1,0,-1,-1,-1,3,1,0,-1,-1,-1
GGCGTCATCGAAGGAC-1,3,2,0,0,39,6,1,2,0,0,2,0,1,2,0,6,1,0,-1,-1,-1,3,1,0,0,19,0
ACTGTGACAGGCGATA-1,0,2,0,12,14,0,1,2,0,8,2,0,1,2,0,6,1,0,-1,-1,-1,3,1,0,0,6,0
I4,0,2,0,0,0,0,1,2,0,0,2,0,1,2,0,6,1,0,0,0,0,3,1,0,0:0.01/-1:0.99,0:0.01/-1:0.99,0:0.01/-1:0.99
I5,0:0.07/3:0.93,2,0,0,0:0.78/3:0.22,0,1,2,0,0,2,0,1,2,0,6,1,0,0:0.78/2:0.22,0:0.78/2:0.22,0,3,1,0,-1,-1,-1
TTAGTCTGTTGGCCGT-1,3,2,0,0,3,0,1,2,0,0,2,0,1,2,0,6,1,0,2,2,0,3,1,0,-1,-1,-1
AGAGCAGTCATAAGGA-1,3,2,0,-1,-1,-1,1,2,0,0,2,0,1,2,0,6,1,0,-1,-1,-1,3,1,0,-1,-1,-1
I6,0,2,0,0,0,0,1,2,0,0,2,0,1,2,0,6,1,0,0,0:0.01/30:0.99,0,3,1,0,-1,-1,-1
TCGGTCTGTCTCAGGC-1,0,2,0,-1,-1,-1,1,2,0,0,2,0,1,2,0,6,1,0,0,30,0,3,1,0,-1,-1,-1
TTCTCTCTCAGACTGT-1,0,2,0,0,0,0,1,2,0,8,2,0,1,2,0,6,1,0,0,30,0,3,1,0,-1,-1,-1
I7,0,2,0,0,0,0,1,2,0,0,2,0,1,2,0,0,1,0,0,0:0.02/2:0.98,0,0,1,0,0:0.6/1:0.4,0:0.6/1:0.4,0
AAAGTGATCCGGGACT-1,0,2,0,0,0,0,1,2,0,0,2,0,1,2,0,0,1,0,0,2,0,0,1,0,1,1,0
I8,0,2,0,0,0:0.35/1:0.65,0,1,2,0,0,2,0,1,2,0,0:0.01/10:0.99,1,0,0,2,0,0,1,0,0:0.01/-1:0.98/1:0.01,0:0.01/-1:0.98/1:0.01,0:0.01/-1:0.98/1:0.006
TAGGTACCAGTAGGAC-1,0,2,0,0,1,0,1,2,0,0,2,0,1,2,0,10,1,0,0,2,0,0,1,0,-1,-1,-1
TCATTGTTCTGGGATT-1,0,2,0,-1,-1,-1,1,2,0,0,2,0,1,2,0,10,1,0,0,2,0,8,1,0,-1,-1,-1
((AACCTTTCATGGGTTT-1:9.001,(AAGGTAACATCGAGCC-1:3.007,((GTGTTCCCACTAACCA-1:1,(CTATCTATCGAGTCTA-1:1,AGTAACCAGCTTGTTG-1:0)I4:0)I3:3.003,TGTACAGGTCAAATCC-1:0.961)I2:2.047)I1:0)4:10.993)I0;
I0,0,0,0,0,0,0,0,0,0,0,0,0,0,0,0,0,0,0,0,0,0,0,0,0,0,0,0
4,4,0,0,3,5,0,0,6,0,6,4,0,5,7,0,0,4,0,0,0,0,0,4,0,0,0:0.01/1:0.99,0
I1,4,0,0,3,5,0,0,6,0,6,4,0,5,7,0,0,4,0,0,0,0,0,4,0,0,0:0.01/1:0.99,0
I2,4,0,0,3,5,0,0,6,0,6,4,0,5,7,0,13,4,0,0:0.48/6:0.52,0:0.48/32:0.52,0,0,4,0,0,1,0
TGTACAGGTCAAATCC-1,4,0,0,3,5,0,0,6,0,6,4,0,5,7,0,13,4,0,6,32,0,0,4,0,0,1,0
I3,4,0,0,3,5,0,0,6,0,6,4,0,5,7,0,13,4,0,-1,-1,-1,0,4,0,0,1,0
I4,4,0,0,3,5,0,0,6,0,6,4,0,5,7,0,13,4,0,-1,-1,-1,0,4,0,0,1,0
AGTAACCAGCTTGTTG-1,4,0,0,3,5,0,0,6,0,6,4,0,5,7,0,13,4,0,-1,-1,-1,0,4,0,0,1,0
CTATCTATCGAGTCTA-1,4,0,0,3,5,0,0,6,0,6,4,0,5,7,0,13,4,0,-1,-1,-1,3,4,0,0,1,0
GTGTTCCCACTAACCA-1,4,0,0,3,5,0,9,6,0,6,4,0,5,7,0,13,4,0,-1,-1,-1,0,4,0,0,1,0
AAGGTAACATCGAGCC-1,4,0,0,3,5,0,8,6,0,6,4,0,5,7,0,0,4,0,3,0,0,6,4,0,0,1,0
AACCTTTCATGGGTTT-1,4,0,1,3,5,0,5,6,0,6,4,0,5,7,0,0,4,0,-1,-1,-1,4,4,0,-1,-1,-1
(((((ATGAAAGGTTCTTAGG-1:11.339,ATGGATCAGCGGGTTA-1:6.206)I15:0.806,((TCTCCGAGTCGAGCAA-1:3.916,ATCGTAGCACGGTAGA-1:5.518)I14:3.932,TGTCCACTCAGAATAG-1:4.98)I13:0.032)I12:2.989,((GAGTTACCACCCAATA-1:9.206,CTCATTAGTGAGCCAA-1:5.948)I11:1.052,TTTCCTCGTAACATGA-1:6)I10:0)I9:7.999,((CAGGCCAGTCGGATTT-1:9.001,(((TCCTTTCAGAGGTTTA-1:4.853,TTCAATCGTACACTCA-1:5.15)I8:1.152,(TGACAGTAGAGGACTC-1:2.004,TCTTGCGAGAAATGGG-1:3.004)I7:0.001)I6:2.998,TGGGCTGGTTAACCTG-1:6.988)I5:0.014)I4:0.003,(ACGGTCGCATCCGAAT-1:3.95,AGAACCTTCAATCAGC-1:8.429)I3:5.114)I2:10.996)I1:0)I0;
I0,0,0,0,0,0,0,0,0,0,0,0,0,0,0,0,0,0,0,0,0,0,0,0,0,0,0,0
I1,0,0,0,0,0,0,0,0,0,0,0,0,0,0,0,0,0,0,0,0,0,0,0,0,0,0,0
I2,0,8,0,10,13,3,0,0,0,10,9,0,0,0,0,0,0,0,0,0,0,9,9,0,-1,-1,-1
I3,0:0.01/10:0.99,8,0,10,13,3,0:0.63/11:0.37,0:0.63/11:0.37,0,10,9,0,0,0,0,0:0.12/-1:0.86/1:0.007/2:0.001/3:0.001/4:0.018/5:0.001/6:0.017/8:0.003/10:0.016/13:0.003/14:0.014/16:0.001/18:0.005/21:0.009/22:0.001/24:0.017/26:0.016/28:0.001/29:0.001/30:0.001,0:0.12/-1:0.86/1:0.018/3:0.018/4:0.018/5:0.002/7:0.006/8:0.001/9:0.017/10:0.003/11:0.015/12:0.01/13:0.008/14:0.01/15:0.008/16:0.001/19:0.008/21:0.005/23:0.003/24:0.011/25:0.002/26:0.002/27:0.001/28:0.001/29:0.001/31:0.001/32:0.001,0:0.12/-1:0.86/2:0.011,0,0:0.63/8:0.37,0:0.63/1:0.37,9,9,0,-1,-1,-1
AGAACCTTCAATCAGC-1,10,8,0,10,13,3,-1,-1,-1,10,9,0,9,6,0,-1,-1,-1,-1,-1,-1,9,9,0,-1,-1,-1
ACGGTCGCATCCGAAT-1,10,8,0,10,13,3,11,11,0,10,9,0,8,0,0,-1,-1,-1,0,8,1,9,9,0,-1,-1,-1
I4,0,8,0,10,13,3,0,0,0,10,9,0,0,0,0,0,0,0,0,0,0,9,9,0,-1,-1,-1
I5,0,8,0,10,13,3,0,0,0,10,9,0,0,0,0,0,0,0,0,0:0.99/31:0.01,0,9,9,0,-1,-1,-1
TGGGCTGGTTAACCTG-1,0,8,0,10,13,3,2,4,0,10,9,0,30,39,0,10,25,0,0,31,0,9,9,0,-1,-1,-1
I6,0,8,0,10,13,3,0,0,0,10,9,0,0,0,0,0,0,0,-1,-1,-1,9,9,0,-1,-1,-1
I7,0,8,0,10,13,3,0,0,0,10,9,0,0,0,0,0,0,0,-1,-1,-1,9,9,0,-1,-1,-1
TCTTGCGAGAAATGGG-1,0,8,0,10,13,3,25,4,0,10,9,0,0,12,0,0,0,0,-1,-1,-1,9,9,0,-1,-1,-1
TGACAGTAGAGGACTC-1,0,8,0,10,13,3,0,31,0,10,9,0,0,0,0,0,11,0,-1,-1,-1,9,9,0,-1,-1,-1
I8,0,8,0,10,13,3,0,0,0,10,9,0,0:0.15/5:0.85,0,0,0:0.85/4:0.15,0:0.85/1:0.15,0,-1,-1,-1,9,9,0,-1,-1,-1
TTCAATCGTACACTCA-1,0,8,0,10,13,3,0,23,0,10,9,0,5,31,0,-1,-1,-1,-1,-1,-1,9,9,0,-1,-1,-1
TCCTTTCAGAGGTTTA-1,0,8,0,10,13,3,23,30,0,10,9,0,5,37,0,4,1,0,-1,-1,-1,9,9,0,-1,-1,-1
CAGGCCAGTCGGATTT-1,-1,-1,-1,10,13,3,0,19,0,10,9,0,0,8,0,6,22,0,6,19,0,9,9,0,-1,-1,-1
I9,0,0,0,15,20,0,0,0,0,0,18,0,7,11,2,0,0,0,0,16,0,0,7,0,0,0,0
I10,0,0,0,15,20,0,0,0,0,0,18,0,7,11,2,0,0,0,0,16,0,0,7,0,0,0,0
TTTCCTCGTAACATGA-1,0,27,0,15,20,0,5,35,0,0,18,0,7,11,2,24,1,0,0,16,0,0,7,0,0,24,0
I11,0,0,0,15,20,0,0,0,0,0,18,0,7,11,2,0:0.87/19:0.13,0:0.87/24:0.13,0,0,16,0,0:0.21/8:0.79,7,0,0,0,0
CTCATTAGTGAGCCAA-1,15,19,0,15,20,0,0,0,0,0,18,0,7,11,2,19,24,0,0,16,0,8,7,0,2,3,0
GAGTTACCACCCAATA-1,0,8,0,15,20,0,1,23,0,0,18,0,7,11,2,-1,-1,-1,-1,-1,-1,8,7,0,0,0,0
I12,0,0,0,15,20,0,0,0,0,0,18,0,7,11,2,0,0,0,0,16,0,0,7,0,-1,-1,-1
I13,0:0.99/16:0.01,0:0.99/25:0.01,0,15,20,0,0,0,0,0,18,0,7,11,2,0,0,0,0,16,0,0,7,0,-1,-1,-1
TGTCCACTCAGAATAG-1,16,25,0,15,20,0,26,33,0,3,18,0,7,11,2,0,0,0,0,16,0,0,7,0,-1,-1,-1
I14,0:0.09/-1:0.9/16:0.01,0:0.09/-1:0.9/25:0.01,0:0.09/-1:0.9/1:0.001/2:0.006,15,20,0,0,0:0.6/17:0.4,0,0,18,0,7,11,2,0:0.6/17:0.4,0:0.6/18:0.4,0,0,16,0,0,7,0,-1,-1,-1
ATCGTAGCACGGTAGA-1,-1,-1,-1,15,20,0,-1,-1,-1,16,18,0,7,11,2,17,18,0,0,16,0,0,7,0,-1,-1,-1
TCTCCGAGTCGAGCAA-1,-1,-1,-1,15,20,0,0,17,0,0,18,0,7,11,2,-1,-1,-1,0,16,0,0,7,0,-1,-1,-1
I15,0,0,0,15,20,0,0:0.93/2:0.07,0:0.93/18:0.07,0,0,18,0,7,11,2,0,0,0,0,16,0,0:0.33/8:0.67,7,0,-1,-1,-1
ATGGATCAGCGGGTTA-1,13,16,0,15,20,0,2,18,0,0,18,0,7,11,2,0,20,3,0,16,0,8,7,0,-1,-1,-1
ATGAAAGGTTCTTAGG-1,3,1,0,15,20,0,-1,-1,-1,1,18,0,7,11,2,4,9,0,-1,-1,-1,8,7,0,-1,-1,-1
(((TTTCAGTCACTGCGAC-1:5.161,AGGCATTCACTTTATC-1:2.161)I3:6.907,(TCCCAGTTCCCGAACG-1:6.044,CTAAGTGAGCTCACTA-1:5.735)I2:3.089)I1:6.176)I0;
I0,0,0,0,0,0,0,0,0,0,0,0,0,0,0,0,0,0,0,0,0,0,0,0,0,0,0,0
I1,0,0:0.01/7:0.99,0,0:0.33/18:0.67,0:0.33/32:0.67,0,0,0:0.02/6:0.98,0,0,0,0,0,0,0,0,0,0,0,13,0,0,0:0.01/4:0.99,0,0:0.56/7:0.44,0:0.56/14:0.44,0
I2,0,7,0,18,32,0,0,6,0,0,0,0,0,0:0.02/27:0.98,0,0,0:0.03/14:0.97,0,0,13,0,0,4,0,0:0.35/7:0.65,0:0.35/14:0.65,0
CTAAGTGAGCTCACTA-1,11,7,0,18,32,0,5,6,0,8,2,0,0,27,0,6,14,0,0,13,0,0,4,0,7,14,0
TCCCAGTTCCCGAACG-1,3,7,0,18,32,0,18,6,0,0,0,0,0,27,0,25,14,0,0,13,0,0,4,0,-1,-1,-1
I3,0,7,0,0:0.01/-1:0.97/18:0.02,0:0.01/-1:0.97/32:0.02,0:0.02/-1:0.97/1:0.001/7:0.006,0,6,0,0,0,0,0,0,0,0,15,0,0,13,0,0,4,0,0:0.01/-1:0.97/7:0.02,0:0.01/-1:0.97/14:0.02,0:0.02/-1:0.97/1:0.006
AGGCATTCACTTTATC-1,0,7,0,-1,-1,-1,0,6,0,0,0,0,0,19,0,0,15,0,0,13,0,3,4,0,-1,-1,-1
TTTCAGTCACTGCGAC-1,9,7,0,-1,-1,-1,16,6,0,25,32,0,0,0,0,0,15,0,0,13,0,27,4,0,-1,-1,-1
(((GTGCTTCAGTTTCGAC-1:3.483,CCCTCTCGTAAGCAAT-1:3.262)I11:15.296,(((TGTCCTGAGAGGTCAC-1:15.001,((AGCGCTGCACCGTGGT-1:4.039,(TATGTTCTCATTGCGA-1:3,(CATCCACGTCTGCCTT-1:2,CATCGGGCAGCGCTTG-1:2)I10:0)I9:3.039)I8:1.985,TAATTCCCATGAGATA-1:7.024)I7:6.977)I6:0,(GATAGCTGTTGGGCCT-1:7.069,GATCATGGTCCCGGTA-1:11.069)I5:3.932)I4:0,(AGTCACATCATTTCGT-1:9.111,GTATTGGGTTGGCCGT-1:5.06)I3:7.941)I2:0)I1:2.999)I0;
I0,0,0,0,0,0,0,0,0,0,0,0,0,0,0,0,0,0,0,0,0,0,0,0,0,0,0,0
I1,0,0,0,0,0,0,0,0,0,0,0,0,0,0,0,0,0,0,0,0,0,0,0,0,-1,-1,-1
I2,0,0,0,0,0,0,0,0,0,0,0,0,0,0,0,0,0,0,0,0,0,0,0,0,-1,-1,-1
I3,0,0:0.03/1:0.97,0,0:0.49/3:0.51,0:0.49/5:0.51,0,0,16,0,0:0.04/8:0.96,0:0.03/6:0.97,0,0:0.49/5:0.51,0:0.49/7:0.51,0,0,0,0,0,15,0,0,0:0.01/14:0.99,0,-1,-1,-1
GTATTGGGTTGGCCGT-1,0,1,0,3,5,0,0,16,0,8,6,0,5,7,0,13,4,0,0,15,0,6,14,0,-1,-1,-1
AGTCACATCATTTCGT-1,0,1,0,-1,-1,-1,0,16,0,8,6,0,-1,-1,-1,14,1,0,8,15,0,0,14,0,-1,-1,-1
I4,0,0,0,0,0,0,0,0,0,0,0,0,0,0,0,0,0,0,0,0,0,0,0,0,-1,-1,-1
I5,0,0:0.03/5:0.97,0,0,0:0.03/4:0.97,0,0,0,0,0,26,0,0,0,0,0,0,0,0,0,0,0,22,0,-1,-1,-1
GATCATGGTCCCGGTA-1,3,5,0,22,4,0,2,26,0,7,26,0,20,29,0,20,6,0,0,5,0,12,22,0,-1,-1,-1
GATAGCTGTTGGGCCT-1,0,5,0,21,4,0,19,25,0,24,26,0,0,0,0,0,19,0,0,3,0,1,22,0,-1,-1,-1
I6,0,0,0,0,0,0,0,0,0,0,0,0,0,0,0,0,0,0,0,0,0,0,0,0,-1,-1,-1
I7,0,14,0,0,0,0,0,0,0,0,0:0.01/13:0.99,0,10,18,0,0,0:0.01/14:0.99,0,0,12,0,0,11,0,-1,-1,-1
TAATTCCCATGAGATA-1,5,14,0,8,24,0,-1,-1,-1,1,13,0,10,18,0,0,14,0,0,12,0,0,11,0,-1,-1,-1
I8,0,14,0,0,0,0,0,0,0,13,13,0,10,18,0,0:0.04/4:0.96,14,0,0,12,0,0,11,0,-1,-1,-1
I9,0,14,0,0,0,0,17,20,4,13,13,0,10,18,0,4,14,0,0,12,0,0,11,0,-1,-1,-1
I10,0,14,0,0,0,0,17,20,4,13,13,0,10,18,0,4,14,0,0,12,0,0,11,0,-1,-1,-1
CATCGGGCAGCGCTTG-1,0,14,0,0,0,0,17,20,4,13,13,0,10,18,0,4,14,0,10,12,0,19,11,0,-1,-1,-1
CATCCACGTCTGCCTT-1,14,14,0,0,28,0,17,20,4,13,13,0,10,18,0,4,14,0,0,12,0,0,11,0,-1,-1,-1
TATGTTCTCATTGCGA-1,9,14,0,0,43,0,17,20,4,13,13,0,10,18,0,4,14,0,0,12,0,3,11,0,-1,-1,-1
AGCGCTGCACCGTGGT-1,9,14,0,0,1,0,0,6,0,13,13,0,10,18,0,4,14,0,0,12,0,3,11,0,-1,-1,-1
TGTCCTGAGAGGTCAC-1,0,12,0,4,6,0,0,7,0,7,6,0,-1,-1,-1,29,32,0,7,14,0,11,34,0,-1,-1,-1
I11,1,18,4,0:0.01/1:0.99,20,0,0:0.01/4:0.99,21,0,18,21,0,0:0.22/25:0.78,0:0.22/8:0.78,0,0,0:0.22/23:0.78,0,12,0:0.01/3:0.99,0,0:0.01/3:0.99,3,0,-1,-1,-1
CCCTCTCGTAAGCAAT-1,1,18,4,1,20,0,4,21,0,18,21,0,-1,-1,-1,0,23,0,12,3,0,3,3,0,-1,-1,-1
GTGCTTCAGTTTCGAC-1,1,18,4,1,20,0,4,21,0,18,21,0,25,8,0,-1,-1,-1,12,3,0,3,3,0,-1,-1,-1
((((((GTCAAGTCACCAGTAT-1:0,((TGATGGTTCTTAGCTT-1:0,TACCCGTGTTGTATGC-1:0)I24:0,GATCAGTTCCGGTAAT-1:0)I23:0)I22:3.012,(GTACAACGTTGCGGAA-1:1,TTTGGAGTCTTACGGA-1:0)I21:0.012)I20:3.059,GGAATCTGTGGAGGTT-1:1.07)I19:2.975,ACCTGAAAGGAATCGC-1:6.033)I18:6.111,(((GCCAGGTAGATCCCGC-1:2.12,CACCAAACATCCGAAT-1:3.112)I17:2.923,(ACTTTCAAGTTGGCGA-1:3.006,((AACAAGACACCGCTAG-1:3.023,TCATGCCCACAATGCT-1:0.023)I16:1.982,((CTCTCAGGTGAGTGAC-1:0,(TCTCAGCAGTTGCTGT-1:0,GCGAGAAGTTTACCAG-1:0)I15:0)I14:3.052,TACGTCCCATTCAGGT-1:0.052)I13:2.961)I12:0.001)I11:3.019)I10:5.992,(GTTACGACACTCCCTA-1:5.569,((GCACATAGTTTAGAGA-1:5,(((AACGAAACACGACAAG-1:4,(ACAGGGATCCATGCAA-1:1,ATTCATCGTAGCTTAC-1:2)I9:0)I8:0,TCACTATCACTTGTGA-1:4)I7:0,GTAATCGCAACGGTAG-1:5)I6:0)I5:3.218,CTACTATCAGAATGTA-1:3.93)I4:3.109)I3:2.447)I2:7.129)I1:0.855)I0;
I0,0,0,0,0,0,0,0,0,0,0,0,0,0,0,0,0,0,0,0,0,0,0,0,0,0,0,0
I1,0,0,0,0,0,0,0,0:0.14/7:0.86,0,0,0,0,0,0,0,0,0,0,0,0,0,0,0,0,0,0,0
I2,2,0:0.01/1:0.99,0,0,0,0,0,7,0,0,0,0,2,3,0,0,2,0,0,0,0,2,2,0,0,0,0
I3,2,1,0,0,0,0,0:0.02/6:0.98,7,0,0,0,0,2,3,0,5,2,0,0,0,0,2,2,0,0:0.77/2:0.23,0:0.77/5:0.23,0
I4,2,1,0,0,0,0,6,7,0,0,0,0,2,3,0,5,2,0,0,0:0.71/22:0.29,0,2,2,0,0:0.05/-1:0.93/2:0.02,0:0.05/-1:0.93/5:0.02,0:0.07/-1:0.93
CTACTATCAGAATGTA-1,2,1,0,0,0,0,6,7,0,23,25,0,2,3,0,5,2,0,0,22,0,2,2,3,-1,-1,-1
I5,2,1,0,0,0,0,6,7,0,0,0,0,2,3,0,5,2,0,-1,-1,-1,2,2,0,-1,-1,-1
I6,2,1,0,0,0,0,6,7,0,0,0,0,2,3,0,5,2,0,-1,-1,-1,2,2,0,-1,-1,-1
GTAATCGCAACGGTAG-1,2,1,0,25,40,0,6,7,0,-1,-1,-1,2,3,0,5,2,0,-1,-1,-1,2,2,0,-1,-1,-1
I7,2,1,0,0,0,0,6,7,0,0,0,0,2,3,0,5,2,0,-1,-1,-1,2,2,0,-1,-1,-1
TCACTATCACTTGTGA-1,2,1,0,-1,-1,-1,6,7,0,0,4,0,2,3,0,5,2,0,-1,-1,-1,2,2,0,-1,-1,-1
I8,2,1,0,0,0,0,6,7,0,0,0,0,2,3,0,5,2,0,-1,-1,-1,2,2,0,-1,-1,-1
I9,2,1,0,0,0,0,6,7,0,0,0,0,2,3,0,5,2,0,-1,-1,-1,2,2,0,-1,-1,-1
ATTCATCGTAGCTTAC-1,2,1,0,0,0,0,6,7,0,12,11,0,2,3,0,5,2,0,-1,-1,-1,2,2,0,-1,-1,-1
ACAGGGATCCATGCAA-1,2,1,0,0,10,0,6,7,0,0,0,0,2,3,0,5,2,0,-1,-1,-1,2,2,0,-1,-1,-1
AACGAAACACGACAAG-1,2,1,0,4,6,0,6,7,0,7,6,0,2,3,0,5,2,0,-1,-1,-1,2,2,0,-1,-1,-1
GCACATAGTTTAGAGA-1,2,1,0,24,37,0,6,7,0,-1,-1,-1,2,3,0,5,2,0,-1,-1,-1,2,2,0,-1,-1,-1
GTTACGACACTCCCTA-1,2,1,0,14,36,0,6,7,0,0,29,0,2,3,0,5,2,0,0,3,0,2,2,0,2,5,0
I10,2,1,0,0:0.02/1:0.98,2,2,0,7,0,2,3,0,2,3,0,1,2,0,0,0,0,2,2,0,0,0,0
I11,2,1,0,1,2,2,0,7,0,2,3,0,2,3,0,1,2,0,0,0,0,2,2,0,-1,-1,-1
I12,2,1,0,1,2,2,0,7,0,2,3,0,2,3,0,1,2,0,0,0,0,2,2,0,-1,-1,-1
I13,2,1,0,1,2,2,0,7,0,2,3,0,2,3,0,1,2,0,0:0.01/-1:0.98/2:0.01,0:0.01/-1:0.98/3:0.01,0:0.01/-1:0.98/2:0.001,2,2,0,-1,-1,-1
TACGTCCCATTCAGGT-1,2,1,0,1,2,2,0,7,0,2,3,0,2,3,0,1,2,0,-1,-1,-1,2,2,0,-1,-1,-1
I14,2,1,0,-1,-1,-1,0,7,0,2,3,0,2,3,0,1,2,0,-1,-1,-1,2,2,0,-1,-1,-1
I15,2,1,0,-1,-1,-1,0,7,0,2,3,0,2,3,0,1,2,0,-1,-1,-1,2,2,0,-1,-1,-1
GCGAGAAGTTTACCAG-1,2,1,0,-1,-1,-1,0,7,0,2,3,0,2,3,0,1,2,0,-1,-1,-1,2,2,0,-1,-1,-1
TCTCAGCAGTTGCTGT-1,2,1,0,-1,-1,-1,0,7,0,2,3,0,2,3,0,1,2,0,-1,-1,-1,2,2,0,-1,-1,-1
CTCTCAGGTGAGTGAC-1,2,1,0,-1,-1,-1,0,7,0,2,3,0,2,3,0,1,2,0,-1,-1,-1,2,2,0,-1,-1,-1
I16,2,1,0,1,2,2,0,7,0,2,3,0,2,3,0,1,2,0,0:0.01/2:0.99,0:0.01/3:0.99,0,2,2,0,-1,-1,-1
TCATGCCCACAATGCT-1,2,1,0,1,2,2,0,7,0,2,3,0,2,3,0,1,2,0,2,3,0,2,2,0,-1,-1,-1
AACAAGACACCGCTAG-1,2,1,0,1,2,2,-1,-1,-1,2,3,0,2,3,0,1,2,0,2,3,0,2,2,0,-1,-1,-1
ACTTTCAAGTTGGCGA-1,2,1,0,1,2,2,12,7,0,2,3,0,2,3,0,1,2,0,0,10,0,2,2,1,-1,-1,-1
I17,2,1,0,0:0.01/1:0.99,2,2,0,7,0,2,3,0,2,3,0,1,2,0,0:0.03/-1:0.96/1:0.001/2:0.009/3:0.003/5:0.002/6:0.009/7:0.006/8:0.003/9:0.002/11:0.002/12:0.005/13:0.002/16:0.001/17:0.008,0:0.03/-1:0.96/1:0.001/2:0.006/3:0.009/4:0.005/5:0.008/7:0.001/8:0.001/9:0.002/11:0.001/12:0.001/13:0.001/14:0.006/16:0.001/17:0.002/18:0.001/19:0.009/20:0.002/21:0.002/22:0.001/23:0.001/24:0.001/25:0.003/27:0.001/29:0.005/30:0.004/31:0.009/32:0.001,0:0.03/-1:0.96/2:0.001,2,2,0,0,0,0
CACCAAACATCCGAAT-1,2,1,0,-1,-1,-1,0,7,0,2,3,0,2,3,0,1,2,0,-1,-1,-1,2,2,0,0,0,0
GCCAGGTAGATCCCGC-1,2,1,0,1,2,2,0,7,0,2,3,0,2,3,0,1,2,0,-1,-1,-1,2,2,0,11,18,0
I18,0,10,0,0,0,0,0,7,0,0,0:0.01/6:0.99,0,0,0:0.01/13:0.99,0,8,10,0,0,7,0,0,0,0,0,0,0
ACCTGAAAGGAATCGC-1,8,10,0,8,11,0,0,7,0,0,6,0,0,13,0,8,10,0,0,7,0,0,0,0,-1,-1,-1
I19,0,10,0,0,0,0,0,7,0,0,6,0,0,13,0,8,10,0,0,7,0,0:0.02/-1:0.98,0:0.02/-1:0.98,0:0.02/-1:0.98,0,0,0
GGAATCTGTGGAGGTT-1,0,10,0,0,24,0,0,7,0,0,6,0,0,13,0,8,10,0,0,7,0,-1,-1,-1,0,0,0
I20,0,10,0,0,0,0,0,7,0,0,6,0,0,13,0,8,10,0,0,7,0,-1,-1,-1,-1,-1,-1
I21,0,10,0,0,0,0,0,7,0,0,6,0,0,13,0,8,10,0,0,7,0,-1,-1,-1,-1,-1,-1
TTTGGAGTCTTACGGA-1,0,10,0,0,0,0,0,7,0,0,6,0,0,13,0,8,10,0,0,7,0,-1,-1,-1,-1,-1,-1
GTACAACGTTGCGGAA-1,0,10,0,0,20,0,0,7,0,0,6,0,0,13,0,8,10,0,0,7,0,-1,-1,-1,-1,-1,-1
I22,0,10,0,-1,-1,-1,0,7,0,0,6,0,0,13,0,8,10,0,0,7,0,-1,-1,-1,-1,-1,-1
I23,0,10,0,-1,-1,-1,0,7,0,0,6,0,0,13,0,8,10,0,0,7,0,-1,-1,-1,-1,-1,-1
GATCAGTTCCGGTAAT-1,0,10,0,-1,-1,-1,0,7,0,0,6,0,0,13,0,8,10,0,0,7,0,-1,-1,-1,-1,-1,-1
I24,0,10,0,-1,-1,-1,0,7,0,0,6,0,0,13,0,8,10,0,0,7,0,-1,-1,-1,-1,-1,-1
TACCCGTGTTGTATGC-1,0,10,0,-1,-1,-1,0,7,0,0,6,0,0,13,0,8,10,0,0,7,0,-1,-1,-1,-1,-1,-1
TGATGGTTCTTAGCTT-1,0,10,0,-1,-1,-1,0,7,0,0,6,0,0,13,0,8,10,0,0,7,0,-1,-1,-1,-1,-1,-1
GTCAAGTCACCAGTAT-1,0,10,0,-1,-1,-1,0,7,0,0,6,0,0,13,0,8,10,0,0,7,0,-1,-1,-1,-1,-1,-1
((TGGGCGTCATGAGAAT-1:7.338,((GTCCACTCAATGTCTG-1:6.616,AACAAGACAGGCATGA-1:8.011)I4:2.419,(GCATGATTCCATTTCA-1:2.014,AAGGTAAAGTAGGAAG-1:2.014)I3:2.021)I2:5.304)I1:5.715)I0;
I0,0,0,0,0,0,0,0,0,0,0,0,0,0,0,0,0,0,0,0,0,0,0,0,0,0,0,0
I1,0,0,0,0,0,0,0,0,0,0,0:0.03/4:0.97,0,0,0,0,0,0:0.03/3:0.97,0,0:0.07/-1:0.91/1:0.002/2:0.017/3:0.007/4:0.001/5:0.004/6:0.018/7:0.012/8:0.006/9:0.004/11:0.004/12:0.009/13:0.004/15:0.001/16:0.002/17:0.016,0:0.07/-1:0.91/1:0.002/2:0.012/3:0.018/4:0.01/5:0.017/6:0.001/7:0.001/8:0.003/9:0.004/10:0.001/11:0.002/12:0.002/13:0.002/14:0.012/16:0.002/17:0.004/18:0.003/19:0.018/20:0.004/21:0.004/22:0.003/23:0.002/24:0.002/25:0.006/26:0.001/27:0.002/28:0.001/29:0.01/30:0.008/31:0.018/32:0.002,0:0.07/-1:0.91/2:0.002,0,0:0.02/3:0.98,0,0,0,0
I2,0,0,0,0,0:0.01/3:0.99,0,0,0,0,0:0.01/3:0.99,4,0,0,0,0,2,3,0,-1,-1,-1,0:0.01/3:0.99,3,0,0,0:0.01/2:0.99,0
I3,0,0,0,6,3,0,0,0,0,3,4,0,0,0,0,2,3,0,-1,-1,-1,3,3,0,0:0.01/3:0.99,2,0
AAGGTAAAGTAGGAAG-1,6,6,0,6,3,0,0,0,0,3,4,0,0,0,0,2,3,0,-1,-1,-1,3,3,0,3,2,0
GCATGATTCCATTTCA-1,17,12,0,6,3,0,0,0,0,3,4,0,0,0,0,2,3,0,-1,-1,-1,3,3,0,3,2,0
I4,0:0.8/18:0.2,0:0.8/21:0.2,0,0,3,0,0,3,0:0.01/1:0.99,3,4,0,0,0,0,2,3,0,-1,-1,-1,3,3,0,0,2,0
AACAAGACAGGCATGA-1,-1,-1,-1,2,3,0,2,3,1,3,4,0,3,4,0,2,3,0,-1,-1,-1,3,3,0,2,2,0
GTCCACTCAATGTCTG-1,18,21,0,6,3,0,4,3,1,3,4,0,24,7,0,2,3,0,-1,-1,-1,3,3,0,3,2,0
TGGGCGTCATGAGAAT-1,20,8,0,21,36,0,0,0,0,0,4,0,0,0,0,26,3,0,-1,-1,-1,0,3,0,5,7,0
(((ATTCCCGCAGGCGTTC-1:6.086,AACCACAGTATGCTTG-1:10.086)I4:1.138,(GAGTTGTCAGCCCAGT-1:1.02,(AGGATAATCCGCTGTT-1:3.073,CCCTCTCTCGAGTGAG-1:4.073)I3:1.947)I2:11.198)I1:2.816)I0;
I0,0,0,0,0,0,0,0,0,0,0,0,0,0,0,0,0,0,0,0,0,0,0,0,0,0,0,0
I1,0,0,0,0,0,0,0,0,0,0,0,0,0,0,0,0,0,0,0:0.06/-1:0.93/1:0.001/2:0.009/3:0.003/5:0.002/6:0.009/7:0.006/8:0.003/9:0.002/11:0.002/12:0.005/13:0.002/16:0.001/17:0.008,0:0.06/-1:0.93/1:0.001/2:0.006/3:0.009/4:0.005/5:0.008/7:0.001/8:0.001/9:0.002/11:0.001/12:0.001/13:0.001/14:0.006/16:0.001/17:0.002/18:0.001/19:0.009/20:0.002/21:0.002/22:0.001/23:0.001/24:0.001/25:0.003/27:0.001/29:0.005/30:0.004/31:0.009/32:0.001,0:0.06/-1:0.93/2:0.001,0,0,0,0,0,0
I2,5,1,0,13,18,0,0,0,0,3,15,0,0,10,0,0,0,0,-1,-1,-1,3,13,0,4,10,0
I3,5,1,0,13,18,0,0,0,0,3,15,0,0,10,0,0:0.04/6:0.96,0:0.03/9:0.97,0,-1,-1,-1,3,13,0,4,10,0
CCCTCTCTCGAGTGAG-1,5,1,0,13,18,0,18,22,5,3,15,2,0,10,0,6,9,0,-1,-1,-1,3,13,0,4,10,0
AGGATAATCCGCTGTT-1,5,1,0,13,18,0,10,1,0,3,15,0,11,10,0,6,9,0,-1,-1,-1,3,13,0,4,10,0
GAGTTGTCAGCCCAGT-1,5,1,0,13,18,0,0,0,0,3,15,0,0,10,0,0,25,0,-1,-1,-1,3,13,0,4,10,0
I4,0,0,0,0,0,0,0,5,0,0,0,0,0,0,0,0,0,0,0:0.02/-1:0.97/1:0.001/2:0.009/3:0.003/5:0.002/6:0.009/7:0.006/8:0.003/9:0.002/11:0.002/12:0.005/13:0.002/16:0.001/17:0.008,0:0.02/-1:0.97/1:0.001/2:0.006/3:0.009/4:0.005/5:0.008/7:0.001/8:0.001/9:0.002/11:0.001/12:0.001/13:0.001/14:0.006/16:0.001/17:0.002/18:0.001/19:0.009/20:0.002/21:0.002/22:0.001/23:0.001/24:0.001/25:0.003/27:0.001/29:0.005/30:0.004/31:0.009/32:0.001,0:0.02/-1:0.97/2:0.001,0,0,0,0,0,0
AACCACAGTATGCTTG-1,0,4,0,0,4,0,4,5,0,5,6,0,0,6,0,4,5,0,-1,-1,-1,0,5,0,0,4,0
ATTCCCGCAGGCGTTC-1,0,7,0,0,23,0,0,5,0,0,0,0,0,22,0,0,21,0,-1,-1,-1,0,7,0,0,6,0
(((ATCCCTGCAGTAGGAC-1:16.008,((GGAGCAACACATGAAA-1:5.069,(TAGGGTTCAGTGGCTC-1:5.005,(ATCGCCTAGATCGCCC-1:5.079,TAAGTCGGTCTTGTCC-1:2.079)I10:0.926)I9:1.064)I8:2.948,((TAACCAGCAAAGGTTA-1:2.055,GAGGCAAGTCGGAAAC-1:2.055)I7:4.116,TCCCAGTCACTGATTG-1:4.46)I6:5.153)I5:3.24)I4:3.178,((ACGTAACGTTGTACGT-1:0.205,GAGAAATTCGCTCATC-1:3.017)I3:18.159,GATGCTACAAGTACCT-1:9.361)I2:0.702)I1:0)I0;
I0,0,0,0,0,0,0,0,0,0,0,0,0,0,0,0,0,0,0,0,0,0,0,0,0,0,0,0
I1,0,0,0,0,0,0,0,0,0,0,0,0,0,0,0,0,0,0,0,0,0,0,0,0,0,0,0
I2,0,0,0,0,0,0,0,0,0,0,0,0,0,0,0,0,0,0,0,0,0,0,0,0,0:0.77/-1:0.21/1:0.012/2:0.017/3:0.017/4:0.018/5:0.012/6:0.001/7:0.004/8:0.005/9:0.001/10:0.007/11:0.002/13:0.014,0:0.77/-1:0.21/1:0.018/2:0.015/3:0.008/4:0.002/5:0.007/6:0.008/7:0.012/10:0.018/11:0.018/13:0.001/14:0.004/15:0.005/16:0.005/17:0.005/18:0.002/19:0.017/20:0.001/21:0.01/22:0.006/23:0.002/24:0.01,0:0.77/-1:0.21/1:0.011
GATGCTACAAGTACCT-1,0,20,0,0,0,0,0,0,0,0,27,0,0,0,0,21,28,0,0,24,2,0,24,0,-1,-1,-1
I3,0,11,0,11,4,0,5,12,0,7,10,1,0,10,0,6,7,1,0:0.09/5:0.91,0:0.09/9:0.91,0,10,10,0,-1,-1,-1
GAGAAATTCGCTCATC-1,0,11,0,11,4,0,5,12,0,7,10,1,0,10,0,6,7,1,-1,-1,-1,10,10,0,-1,-1,-1
ACGTAACGTTGTACGT-1,0,11,0,11,4,0,5,12,0,7,10,1,0,10,0,6,7,1,5,9,0,10,10,0,-1,-1,-1
I4,0,0,0,0,0,0,0,17,0,15,17,0,0,0,0,0,0,0,0,0:0.81/28:0.19,0,0,0,0,0,0,0
I5,0,0,0,0:0.01/14:0.99,0,0,0,17,0,15,17,0,12,20,0,0,0,0,0,0:0.58/28:0.42,0,0,0,0,0,0,0
I6,0,15,3,14,0,0,0,17,0,15,17,0,12,20,0,0,0,0,0,0:0.3/28:0.7,0,0,0,0,0:0.04/-1:0.95/1:0.006/2:0.008/3:0.009/4:0.009/5:0.006/6:0.001/7:0.002/8:0.003/10:0.003/11:0.001/13:0.007,0:0.04/-1:0.95/1:0.009/2:0.008/3:0.004/4:0.001/5:0.003/6:0.004/7:0.006/10:0.009/11:0.009/13:0.001/14:0.002/15:0.003/16:0.003/17:0.002/18:0.001/19:0.008/20:0.001/21:0.005/22:0.003/23:0.001/24:0.005,0:0.04/-1:0.95/1:0.006
TCCCAGTCACTGATTG-1,0,15,3,14,42,0,0,17,0,15,17,0,12,20,0,0,17,0,0,28,0,25,1,0,-1,-1,-1
I7,0,15,3,14,29,0,0,17,0,15,17,0,12,20,0,0,0,0,0:0.01/-1:0.98/1:0.001/2:0.009/3:0.003/5:0.002/6:0.009/7:0.006/8:0.003/9:0.002/11:0.002/12:0.005/13:0.002/16:0.001/17:0.008,-1:0.98/28:0.02,0:0.01/-1:0.98/2:0.001,0,0,0,-1,-1,-1
GAGGCAAGTCGGAAAC-1,0,15,3,14,29,0,0,17,0,15,17,0,12,20,0,0,0,0,-1,-1,-1,15,16,0,-1,-1,-1
TAACCAGCAAAGGTTA-1,0,15,3,14,29,0,0,17,0,15,17,0,12,20,0,0,0,0,-1,-1,-1,3,3,0,-1,-1,-1
I8,0,0,0,14,0,0,0,17,0,15,17,0,12,20,0,0,0,0,0:0.02/-1:0.98,0:0.01/-1:0.98/28:0.01,0:0.02/-1:0.98,0,0,0,0,0,0
I9,0,0,0,14,0,0,0,17,0,15,17,0,12,20,0,0,17,0,-1,-1,-1,0,0,0,0,0,0
I10,0:0.08/3:0.92,0,0,14,0,0,0,17,0,15,17,0,12,20,0,0,17,0,-1,-1,-1,0,0,0,0,0,0
TAAGTCGGTCTTGTCC-1,3,7,0,14,42,0,0,17,0,15,17,0,12,20,0,0,17,0,-1,-1,-1,0,0,0,0,0,0
ATCGCCTAGATCGCCC-1,3,2,0,14,0,0,0,17,0,15,17,0,12,20,0,0,17,0,-1,-1,-1,-1,-1,-1,0,11,0
TAGGGTTCAGTGGCTC-1,0,0,0,14,0,0,0,17,0,15,17,0,12,20,0,0,17,0,-1,-1,-1,24,28,0,-1,-1,-1
GGAGCAACACATGAAA-1,0,2,0,14,29,0,0,17,0,15,17,0,12,20,0,0,0,0,-1,-1,-1,0,0,0,-1,-1,-1
ATCCCTGCAGTAGGAC-1,0,15,3,8,1,0,15,17,0,15,17,0,2,3,0,16,16,0,-1,-1,-1,-1,-1,-1,0,11,0
((CCCATTGTCCGGGACT-1:11.728,((GAGTTACAGTCTTGGT-1:1.776,(AATGACCGTCACTACA-1:2.835,TGTGCGGTCGGTGTAT-1:4.238)I9:3.313)I8:4.655,((GCACGTGTCTTGCAAG-1:3.001,((TTACCATTCGCGTTTC-1:3.001,ACAGGGATCTGTGTGA-1:5.001)I7:0,TCAGCCTTCCGTTTCG-1:3.001)I6:0)I5:3.047,(TCCCACAAGGGAGATA-1:6.047,TCGGATAGTGACTAAA-1:8.047)I4:0.001)I3:3.158)I2:3.337)I1:6.828)I0;
I0,0,0,0,0,0,0,0,0,0,0,0,0,0,0,0,0,0,0,0,0,0,0,0,0,0,0,0
I1,0,9,0,0,9,0,0,0,0,0:0.07/-1:0.92/1:0.008/2:0.001/3:0.009/4:0.001/5:0.006/7:0.008/8:0.009/9:0.007/12:0.006/14:0.003/17:0.001/19:0.001/23:0.001/24:0.005/25:0.008,0:0.07/-1:0.92/1:0.006/3:0.001/4:0.009/5:0.001/6:0.009/7:0.001/8:0.001/10:0.008/11:0.006/12:0.009/13:0.005/14:0.003/19:0.008/20:0.001/24:0.005/25:0.001/27:0.001/28:0.002/29:0.001,0:0.07/-1:0.92/3:0.001,0,0,0,0,0,0,0:0.74/11:0.26,0:0.74/20:0.26,0,0,0:0.01/8:0.99,0,0:0.74/9:0.26,0:0.74/1:0.26,0
I2,0,9,0,0,9,0,0,0,0,-1:0.99/1:0.008/2:0.001/3:0.009/4:0.001/5:0.006/7:0.008/8:0.009/9:0.007/12:0.006/14:0.003/17:0.001/19:0.001/23:0.001/24:0.005/25:0.008,-1:0.99/1:0.006/3:0.001/4:0.009/5:0.001/6:0.009/7:0.001/8:0.001/10:0.008/11:0.006/12:0.009/13:0.005/14:0.003/19:0.008/20:0.001/24:0.005/25:0.001/27:0.001/28:0.002/29:0.001,-1:0.99/3:0.001,0,0,0,0,0,0,0:0.04/-1:0.94/11:0.02,0:0.04/-1:0.94/20:0.02,0:0.06/-1:0.94,0,8,0,0:0.6/9:0.4,0:0.6/1:0.4,0
I3,0,9,0,0,9,0,0,0,0,-1,-1,-1,0,0,0,0,0,0,-1,-1,-1,0,8,0,0:0.01/-1:0.99,0:0.01/-1:0.99,0:0.01/-1:0.99
I4,0,9,0,0,9,0,0,0,0,-1,-1,-1,0,0,0,0,0,0,-1,-1,-1,0,8,0,0:0.01/-1:0.99,0:0.01/-1:0.99,0:0.01/-1:0.99
TCGGATAGTGACTAAA-1,0,9,0,0,9,0,4,6,0,-1,-1,-1,-1,-1,-1,-1,-1,-1,-1,-1,-1,0,8,0,-1,-1,-1
TCCCACAAGGGAGATA-1,0,9,0,0,9,0,22,29,0,-1,-1,-1,28,36,0,6,1,0,-1,-1,-1,0,8,0,-1,-1,-1
I5,0,9,0,0,9,0,-1,-1,-1,-1,-1,-1,0,0,0,0,0,0,-1,-1,-1,0,8,0,-1,-1,-1
I6,0,9,0,0,9,0,-1,-1,-1,-1,-1,-1,0,0,0,0,0,0,-1,-1,-1,0,8,0,-1,-1,-1
TCAGCCTTCCGTTTCG-1,0,9,0,0,9,0,-1,-1,-1,-1,-1,-1,0,0,0,-1,-1,-1,-1,-1,-1,0,8,0,-1,-1,-1
I7,0,9,0,0,9,0,-1,-1,-1,-1,-1,-1,0,0,0,0,0,0,-1,-1,-1,0,8,0,-1,-1,-1
ACAGGGATCTGTGTGA-1,0,9,0,7,9,0,-1,-1,-1,-1,-1,-1,0,12,0,7,9,0,-1,-1,-1,8,8,0,-1,-1,-1
TTACCATTCGCGTTTC-1,21,9,0,0,9,0,-1,-1,-1,-1,-1,-1,0,8,0,0,1,0,-1,-1,-1,0,8,0,-1,-1,-1
GCACGTGTCTTGCAAG-1,0,9,0,0,9,0,-1,-1,-1,-1,-1,-1,0,10,0,4,4,0,-1,-1,-1,0,8,0,-1,-1,-1
I8,0,9,0,0,9,0,0:0.03/-1:0.96/1:0.002/2:0.008/3:0.001/4:0.008/5:0.009/6:0.003/8:0.006/10:0.008/16:0.007/18:0.009/20:0.005/22:0.001/23:0.001/24:0.001/26:0.006,0:0.03/-1:0.96/1:0.003/4:0.009/6:0.009/7:0.008/8:0.001/9:0.001/10:0.005/11:0.005/12:0.003/14:0.001/19:0.002/23:0.009/24:0.003/26:0.001/27:0.008/30:0.001/32:0.001/33:0.006,0:0.03/-1:0.96/6:0.001/9:0.006,-1,-1,-1,0,0,0,0,0,0,-1,-1,-1,7,8,0,0:0.32/9:0.68,0:0.32/1:0.68,0
I9,0,9,0,0,9,0,-1,-1,-1,-1,-1,-1,0,0,0,0,0:0.6/1:0.4,0,-1,-1,-1,7,8,0,0:0.02/-1:0.92/9:0.06,0:0.02/-1:0.92/1:0.06,0:0.07/-1:0.92/1:0.006
TGTGCGGTCGGTGTAT-1,0,9,0,0,9,0,-1,-1,-1,-1,-1,-1,0,19,0,-1,-1,-1,-1,-1,-1,7,8,0,-1,-1,-1
AATGACCGTCACTACA-1,0,9,0,0,9,0,-1,-1,-1,-1,-1,-1,6,9,0,0,1,0,-1,-1,-1,7,8,0,-1,-1,-1
GAGTTACAGTCTTGGT-1,0,9,0,0,9,0,-1,-1,-1,-1,-1,-1,0,0,0,0,4,0,-1,-1,-1,7,8,0,9,1,0
CCCATTGTCCGGGACT-1,0,9,0,16,9,0,12,7,0,-1,-1,-1,17,7,0,1,2,0,11,20,0,0,8,0,-1,-1,-1
((((GGAGATGCAGCGAGTA-1:10.085,(AAGTTCGTCAGGAACG-1:0.126,CCTCAACGTGTTGACT-1:5.126)I27:8.516)I26:8.016,((((TTGGGATCATTCTTCA-1:1,CGGGTCAGTAGCGAGT-1:1)I25:1.015,(TTCACCGGTGTTAGCT-1:2.004,CCTCAACGTATCGGTT-1:0.004)I24:2.011)I23:9.356,(AGACACTAGTGCGCTC-1:8.216,TCAGTTTGTCTGCGCA-1:5.142)I22:3.725)I21:4.386,GCCGTGATCTTCGATT-1:14.087)I20:0.923)I19:0.99,(((((TTGGGATCACACCGCA-1:3.931,TTACGCCGTCGAATTC-1:4.001)I18:0.07,(CCCTGATGTTGCATGT-1:3.954,(TCATGTTGTGTAGGAC-1:2.037,GATGACTGTTGCGAAG-1:1.037)I17:2.968)I16:0.047)I15:3.025,(TTACCGCCACGACAGA-1:3.068,TCCCAGTAGTATGGCG-1:4.146)I14:3.984)I13:7.485,(TACCCACAGTTGCATC-1:6.428,(((GTGAGTTCACCACATA-1:3.066,CAATACGGTGCACAAG-1:4.066)I12:0.935,(CTGTAGAAGTGTTCAC-1:4.966,(AGTGCCGCAAGGTTGG-1:3.076,(CGAGGAACATCATGAC-1:2.793,AGTGATCTCGCTGTTC-1:3.056)I11:1.284)I10:2.933)I9:0.034)I8:0.002,(TCTATCACAGCCTACG-1:10.101,TGGTACAGTACTAACC-1:4.901)I7:1.102)I6:6.071)I5:5.083)I4:1.489,(GGGTAGACACATTCTT-1:5.396,CAGATCACATCTTCGC-1:5.396)I3:9.269)I2:0)I1:0)I0;
I0,0,0,0,0,0,0,0,0,0,0,0,0,0,0,0,0,0,0,0,0,0,0,0,0,0,0,0
I1,0,0,0,0,0,0,0,0,0,0,0,0,0,0,0,0,0,0,0,0,0,0,0,0,0,0,0
I2,0,0,0,0,0,0,0,0,0,0,0,0,0,0,0,0,0,0,0,0,0,0,0,0,0,0,0
I3,0,0:0.01/1:0.99,0,0,0:0.34/27:0.66,0,0,16,0,0,0:0.02/6:0.98,0,0,0,0,0:0.02/4:0.98,0:0.01/12:0.99,0,0,10,0,18,18,0,0,0:0.34/20:0.66,0
CAGATCACATCTTCGC-1,0,1,0,0,27,0,0,16,0,0,6,0,15,24,0,4,12,0,0,10,0,18,18,0,-1,-1,-1
GGGTAGACACATTCTT-1,11,1,0,-1,-1,-1,5,16,0,0,6,0,0,0,0,4,12,0,0,10,0,18,18,0,0,20,0
I4,0,0,0,0,0,0,0,0,0,0,0,0,0,0,0,0,0,0,0:0.29/2:0.71,0:0.22/3:0.78,0,0,0,0,0,0,0
I5,0,0:0.02/2:0.98,0,0,0,0,0,0:0.04/6:0.96,0,0,16,0,0,0,0,0:0.01/8:0.99,0:0.01/10:0.99,0,0:0.2/2:0.8,0:0.15/3:0.85,0,0,0,0,0,0,0
I6,0,2,0,0,0,0,0,6,0,0,16,0,0,0,0,8,10,0,-1,-1,-1,0,0,0,-1,-1,-1
I7,0,2,0,0:0.9/29:0.1,0:0.9/27:0.1,0,0:0.1/6:0.9,6,0,0,16,0,0,0,0,8,10,0,-1,-1,-1,0,0,0,-1,-1,-1
TGGTACAGTACTAACC-1,0,2,0,29,27,0,6,6,0,0,16,0,31,41,0,8,10,0,-1,-1,-1,0,33,0,-1,-1,-1
TCTATCACAGCCTACG-1,7,2,0,-1,-1,-1,6,6,0,7,16,0,29,38,5,8,10,0,-1,-1,-1,12,24,0,-1,-1,-1
I8,0,2,0,0,0,0,0,6,0,0,16,0,0,0,0,8,10,0,-1,-1,-1,0,0,0,-1,-1,-1
I9,0,2,0,0,0,0,0,6,0,0,16,0,0,0,0,8,10,0,-1,-1,-1,0:0.98/3:0.02,0:0.98/5:0.02,0,-1,-1,-1
I10,0,2,0,0,0,0,0,6,0,0,16,0,0,0,0,8,10,0,-1,-1,-1,0:0.02/-1:0.97/3:0.01,0:0.02/-1:0.97/5:0.01,0:0.02/-1:0.97/3:0.001/4:0.006,-1,-1,-1
I11,0,2,0,0,0:0.74/30:0.26,0,0:0.05/5:0.95,6,0,0,16,0,0,0,0,8,10,0,-1,-1,-1,-1,-1,-1,-1,-1,-1
AGTGATCTCGCTGTTC-1,0,2,0,-1,-1,-1,5,6,0,0,16,0,0,0,0,8,10,0,-1,-1,-1,-1,-1,-1,-1,-1,-1
CGAGGAACATCATGAC-1,0,2,0,0,30,0,5,6,0,0,16,0,3,26,0,8,10,0,-1,-1,-1,-1,-1,-1,-1,-1,-1
AGTGCCGCAAGGTTGG-1,0,2,0,4,6,0,0,6,0,0,16,0,0,8,0,8,10,0,-1,-1,-1,-1,-1,-1,-1,-1,-1
CTGTAGAAGTGTTCAC-1,5,2,0,14,0,0,0,6,0,0,16,0,0,28,0,8,10,0,-1,-1,-1,3,5,0,-1,-1,-1
I12,0,2,0,0,0,0,0:0.07/5:0.93,6,0,0,16,0,0,0,0,8,10,0,-1,-1,-1,0,0,0,-1,-1,-1
CAATACGGTGCACAAG-1,0,2,0,0,24,0,5,6,0,0,16,0,0,23,0,8,10,0,-1,-1,-1,15,16,0,-1,-1,-1
GTGAGTTCACCACATA-1,0,2,0,0,31,0,5,6,0,0,16,0,0,0,0,8,10,0,-1,-1,-1,2,2,0,-1,-1,-1
TACCCACAGTTGCATC-1,0,2,0,0,8,0,0,6,0,0,16,0,18,25,0,8,10,0,2,3,0,-1,-1,-1,0,0,0
I13,0,0:0.01/12:0.99,0,0,8,0,0,0:0.01/23:0.99,0,19,18,0,18,25,0,0,0,0,2,3,0,0,0,0,0,0,0
I14,0,12,0,0,8,0,0,23,0,19,18,0,18,25,0,0:0.04/-1:0.95/1:0.003/3:0.001/4:0.009/5:0.001/6:0.008/8:0.001/10:0.008/13:0.002/14:0.007/18:0.003/21:0.005/24:0.009/26:0.008,0:0.04/-1:0.95/1:0.009/3:0.009/4:0.009/5:0.001/7:0.003/9:0.008/10:0.001/11:0.008/12:0.005/13:0.004/14:0.005/15:0.004/19:0.004/21:0.003/23:0.001/24:0.005/25:0.001/26:0.001,0:0.04/-1:0.95/2:0.006,2,3,0,0:0.46/12:0.54,0:0.46/3:0.54,0,0,0,0
TCCCAGTAGTATGGCG-1,0,12,0,0,8,0,0,23,0,19,18,0,18,25,0,-1,-1,-1,2,3,0,-1,-1,-1,0,22,0
TTACCGCCACGACAGA-1,0,12,0,0,8,0,0,23,0,19,18,0,18,25,0,-1,-1,-1,2,3,0,12,3,0,4,5,0
I15,0,12,0,0,8,0,0,23,0,19,18,0,18,25,0,0,0,0,2,3,0,0,0,0,-1,-1,-1
I16,0,12,0,0,8,0,0,23,0,19,18,0,18,25,0,0,0,0,2,3,0,0:0.98/2:0.02,0:0.98/2:0.02,0,-1,-1,-1
I17,0,12,0,0,8,0,0,23,0,19,18,0,18,25,0,0,0,0,2,3,0,0:0.01/-1:0.99,0:0.01/-1:0.99,0:0.01/-1:0.99,-1,-1,-1
GATGACTGTTGCGAAG-1,0,12,0,0,8,0,0,23,0,19,18,0,18,25,0,0,27,0,2,3,0,-1,-1,-1,-1,-1,-1
TCATGTTGTGTAGGAC-1,0,12,0,0,8,0,0,23,0,19,18,0,18,25,0,0,4,4,2,3,0,-1,-1,-1,-1,-1,-1
CCCTGATGTTGCATGT-1,0,12,0,0,8,0,0,23,0,19,18,0,18,25,0,1,2,0,2,3,0,2,2,0,-1,-1,-1
I18,0,12,0,0,8,0,0,23,0,19,18,0,18,25,0,0:0.98/30:0.02,0:0.98/20:0.02,0:0.98/3:0.02,2,3,0,0,0,0,-1,-1,-1
TTACGCCGTCGAATTC-1,0,12,0,0,8,0,0,23,0,19,18,0,18,25,0,-1,-1,-1,2,3,0,0,35,0,-1,-1,-1
TTGGGATCACACCGCA-1,0,12,0,0,8,0,0,23,0,19,18,0,18,25,0,30,20,3,2,3,0,0,4,0,-1,-1,-1
I19,0,0,0,0,0,0,0,0,0,0,0,0,0,0,0,0,0:0.01/7:0.99,0,0,0,0,0,0,0,0,0,0
I20,0,0:0.2/12:0.8,0,0,0,0,0,0,0,0,0,0,0,0,0,0,7,0,0:0.94/15:0.06,0:0.94/26:0.06,0,0,0,0,0,0,0
GCCGTGATCTTCGATT-1,3,12,0,0,38,0,5,6,0,25,6,0,22,32,0,22,7,0,15,26,0,0,0,0,-1,-1,-1
I21,0,0:0.01/12:0.99,0,0,0,0,0,0:0.49/4:0.51,0,0,0,0,0,0,0,0:0.04/10:0.96,7,0,0:0.09/-1:0.89/15:0.02,0:0.09/-1:0.89/26:0.02,0:0.09/-1:0.89/2:0.002,0,0,0,0,0,0
I22,0,12,0,0,0,0,0,0:0.03/4:0.97,0,0:0.07/8:0.93,0:0.06/6:0.94,0,0:0.64/27:0.36,0:0.64/35:0.36,0,10,7,0,0:0.01/-1:0.98/15:0.01,0:0.01/-1:0.98/26:0.01,0:0.01/-1:0.98/2:0.001,0,0,0,0,0:0.64/21:0.36,0
TCAGTTTGTCTGCGCA-1,0,12,0,0,44,0,5,4,0,8,6,0,27,35,0,10,7,0,-1,-1,-1,0,29,0,0,21,0
AGACACTAGTGCGCTC-1,11,12,0,0,16,0,0,4,0,8,6,0,-1,-1,-1,10,7,0,-1,-1,-1,0,0,0,-1,-1,-1
I23,0,12,0,0,29,0,-1,-1,-1,0,22,0,0,12,0,10,7,0,-1,-1,-1,0,19,0,6,13,0
I24,5,12,0,0,29,0,-1,-1,-1,20,22,0,0,12,0,10,7,0,-1,-1,-1,0,19,0,6,13,0
CCTCAACGTATCGGTT-1,5,12,0,0,29,0,-1,-1,-1,20,22,0,0,12,0,10,7,0,-1,-1,-1,0,19,0,6,13,0
TTCACCGGTGTTAGCT-1,5,12,0,31,29,0,-1,-1,-1,20,22,0,5,12,0,10,7,0,-1,-1,-1,0,19,0,6,13,0
I25,0,12,0,0,29,0,-1,-1,-1,22,22,0,0,12,0,10,7,0,-1,-1,-1,0,19,0,6,13,0
CGGGTCAGTAGCGAGT-1,0,12,0,17,29,0,-1,-1,-1,22,22,0,0,12,0,10,7,0,-1,-1,-1,0,19,0,6,13,0
TTGGGATCATTCTTCA-1,7,12,0,0,29,0,-1,-1,-1,22,22,0,0,12,0,10,7,0,-1,-1,-1,0,19,0,6,13,0
I26,0:0.05/7:0.95,0:0.05/8:0.95,0,0:0.12/-1:0.85/1:0.027/3:0.014/4:0.006/5:0.006/6:0.003/7:0.021/8:0.026/9:0.003/10:0.006/11:0.002/12:0.025/13:0.024/14:0.008/16:0.001/17:0.002/21:0.01/22:0.005/23:0.002/24:0.025/25:0.018/26:0.001/27:0.008/28:0.008/29:0.001/30:0.006/31:0.004,0:0.12/-1:0.85/1:0.028/2:0.003/3:0.027/4:0.014/5:0.012/6:0.006/7:0.006/8:0.008/11:0.01/12:0.003/14:0.002/15:0.023/16:0.001/17:0.007/19:0.003/20:0.025/22:0.009/24:0.027/25:0.003/26:0.001/27:0.011/29:0.015/30:0.003/33:0.001/36:0.018/37:0.011/38:0.003/40:0.018/42:0.004/43:0.002/44:0.005/45:0.001/46:0.008/47:0.008/48:0.006,0:0.12/-1:0.85/1:0.002/5:0.001/7:0.017,9,0:0.05/6:0.95,0,0,0,0,0,0,0,0,7,0,0:0.62/16:0.38,0:0.62/27:0.38,0,0,0,0,0:0.62/4:0.38,0:0.62/10:0.38,0
I27,7,8,0,-1,-1,-1,9,6,0,0,0,0,0,0,0,0,7,0,0:0.01/-1:0.98/16:0.01,0:0.01/-1:0.98/27:0.01,0:0.01/-1:0.98/2:0.001,0:0.01/3:0.99,7,0,0:0.01/-1:0.98/4:0.01,0:0.01/-1:0.98/10:0.01,0:0.01/-1:0.98/1:0.006
CCTCAACGTGTTGACT-1,7,8,0,-1,-1,-1,9,6,0,21,23,0,-1,-1,-1,0,7,0,-1,-1,-1,3,7,0,-1,-1,-1
AAGTTCGTCAGGAACG-1,7,8,0,-1,-1,-1,9,6,0,0,0,0,0,0,0,0,7,0,-1,-1,-1,3,7,0,-1,-1,-1
GGAGATGCAGCGAGTA-1,7,8,0,-1,-1,-1,9,6,0,26,28,0,23,13,0,23,7,0,16,27,0,0,24,4,4,10,0
((((((GTTCCGTCACATTCGA-1:5.9,TCAGGGCTCCTGTACC-1:7.168)I40:1.148,(TAAGCGTCATGACTTG-1:3.002,CAATTTCAGAGGGTGG-1:2.002)I39:2.045)I38:2.988,TCTCACGCATCCTCAC-1:10.623)I37:5.429,TGGTACAAGCCTAACT-1:17.24)I36:0.948,(TCGGGCAAGTCCCGGT-1:18,((CAAGCTACACAGTCCG-1:1.376,(ATTCCATCAAAGGTTA-1:13.026,(AACGTCAGTTCGGCGT-1:7.259,((CACAGATGTAACTTCG-1:4.043,(TGCACGGCAACACAGG-1:5.043,GTAGGAGAGGATATAC-1:8.042)I35:0)I34:3.031,(TATTGGGTCAATCCGA-1:3.035,TACAACGAGCATTTGC-1:2.035)I33:1.048)I32:3.946)I31:1.504)I30:6.613)I29:1.624,((AGCGATTGTGAAGCGT-1:16,(TCGACCTCAGTCAGTT-1:20,(ACGGAAGCATCTCCCA-1:13,(((GCATGATCAGCGAGTA-1:0.802,ACGCACGTCATCCTAT-1:6.217)I28:3.265,CTTCAATGTAAGGCCA-1:4.389)I27:13.611,(TTGCATTGTACTCGAT-1:16,((CTTACCGTCTTCGGTC-1:4.192,TAGATCGAGGTGCTGA-1:4.192)I26:18.863,(AGATGCTAGACGAAGA-1:19,((((AACAGGGTCAATGTCG-1:3.074,CACTGAAGTATCGTGT-1:3.258)I25:17.759,(GACTCTCAGGCGAACT-1:22,(ATCCATTAGCGGGTAT-1:21,((((CACAACACAAAGGATT-1:4.009,(TCAGTTTCAGTCCGTG-1:3.009,GAACGTTCATCCTTCG-1:2.008)I24:0.001)I23:3.083,TTGACCCGTAACCCGC-1:3.76)I22:13.748,((AAGTCGTAGGACCCAA-1:0.57,AGTGATCTCCTTATAC-1:5.1)I21:3.461,TTCCTTCCAATGTCAC-1:3.34)I20:9.151)I19:0.509,TGGGTTACAATTGCCA-1:20)I18:0)I17:0)I16:0)I15:0,TACTTGTAGAAGGTAG-1:17)I14:0,CTCATTATCAAGCTGT-1:19)I13:0)I12:0)I11:0)I10:0)I9:0)I8:0)I7:0)I6:0,(GTACAGTGTGGTCAAG-1:9.173,AAAGGATGTTCCTACC-1:8.173)I5:7.793)I4:0)I3:0)I2:0)I1:0)I0;
I0,0,0,0,0,0,0,0,0,0,0,0,0,0,0,0,0,0,0,0,0,0,0,0,0,0,0,0
I1,0,0,0,0,0,0,0,0,0,0,0,0,0,0,0,0,0,0,0,0,0,0,0,0,0,0,0
I2,0,0,0,0,0,0,0,0,0,0,0,0,0,0,0,0,0,0,0,0,0,0,0,0,0,0,0
I3,0,0,0,0,0,0,0,0,0,0,0,0,0,0,0,0,0,0,0,0,0,0,0,0,0,0,0
I4,0,0,0,0,0,0,0,0,0,0,0,0,0,0,0,0,0,0,0,0,0,0,0,0,0,0,0
I5,0:0.03/1:0.97,0:0.04/1:0.96,0,0,0:0.03/1:0.97,0,0,0,0,0,0,0,0,0:0.03/1:0.97,0,0,0,0,0:0.01/1:0.99,1,0,0:0.52/1:0.48,0:0.52/1:0.48,0,0:0.52/12:0.48,0:0.52/3:0.48,0
AAAGGATGTTCCTACC-1,1,1,0,0,1,1,0,1,0,1,1,0,0,1,0,0,0,0,1,1,0,1,1,0,-1,-1,-1
GTACAGTGTGGTCAAG-1,1,1,0,1,1,0,21,28,8,0,0,0,0,1,0,6,0,0,1,1,0,-1,-1,-1,12,3,0
I6,0,0,0,0,0,0,0,0,0,0,0,0,0,0,0,0,0,0,0,0,0,0,0,0,0,0,0
I7,0,0,0,0,0,0,0,0,0,0,0,0,0,0,0,0,0,0,0,0,0,0,0,0,0,0,0
I8,0,0,0,0,0,0,0,0,0,0,0,0,0,0,0,0,0,0,0,0,0,0,0,0,0,0,0
I9,0,0,0,0,0,0,0,0,0,0,0,0,0,0,0,0,0,0,0,0,0,0,0,0,0,0,0
I10,0,0,0,0,0,0,0,0,0,0,0,0,0,0,0,0,0,0,0,0,0,0,0,0,0,0,0
I11,0,0,0,0,0,0,0,0,0,0,0,0,0,0,0,0,0,0,0,0,0,0,0,0,0,0,0
I12,0,0,0,0,0,0,0,0,0,0,0,0,0,0,0,0,0,0,0,0,0,0,0,0,0,0,0
I13,0,0,0,0,0,0,0,0,0,0,0,0,0,0,0,0,0,0,0,0,0,0,0,0,0,0,0
CTCATTATCAAGCTGT-1,3,3,0,0,3,0,3,4,0,4,5,0,4,5,1,3,4,0,-1,-1,-1,21,20,0,2,3,0
I14,0,0,0,0,0,0,0,0,0,0,0,0,0,0,0,0,0,0,0,0,0,0,0,0,0,0,0
TACTTGTAGAAGGTAG-1,3,3,0,0,0,0,3,4,0,4,5,3,4,5,1,3,4,0,-1,-1,-1,0,0,0,2,3,0
I15,0,0,0,0,0,0,0,0,0,0,0,0,0,0,0,0,0,0,0,0,0,0,0,0,0,0,0
I16,0,0,0,0,0,0,0,0,0,0,0,0,0,0,0,0,0,0,0,0,0,0,0,0,0,0,0
I17,0,0,0,0,0,0,0,0,0,0,0,0,0,0,0,0,0,0,0,0,0,0,0,0,0,0,0
I18,0,0,0,0,0,0,0,0,0,0,0,0,0,0,0,0,0,0,0,0,0,0,0,0,0,0,0
TGGGTTACAATTGCCA-1,3,3,2,8,47,0,3,4,0,4,5,0,4,5,1,3,4,0,-1,-1,-1,0,1,0,2,3,0
I19,0,0,0,0,0,0,0:0.49/5:0.51,0,0,0,0,0,0,0,0,0,0,0,0,0,0,0,0,0,0,0,0
I20,0,0,0,0,8,0,5,9,0,0,8,0,0,0:0.01/8:0.99,0,0,2,0,0,0:0.01/5:0.99,0,2,2,0,0,0:0.32/23:0.68,0
TTCCTTCCAATGTCAC-1,0,1,0,24,8,0,5,9,0,0,8,0,0,8,0,6,2,0,0,5,0,2,2,0,0,23,0
I21,0,0:0.47/7:0.53,0,0,8,0,5,9,0,0,8,0,0,8,0,0,2,0,0,5,0,2,2,0,0:0.03/-1:0.97,0:0.01/-1:0.97/23:0.02,0:0.03/-1:0.97
AGTGATCTCCTTATAC-1,-1,-1,-1,8,8,0,5,9,0,0,8,0,0,8,0,15,2,0,0,5,0,2,2,0,-1,-1,-1
AAGTCGTAGGACCCAA-1,0,7,0,0,8,0,5,9,0,0,8,0,0,8,0,0,2,0,0,5,0,2,2,0,-1,-1,-1
I22,0:0.01/-1:0.98/1:0.005/2:0.001/3:0.009/4:0.003/5:0.008/7:0.009/9:0.008/10:0.001/11:0.008/12:0.001/14:0.001/15:0.002/16:0.006/17:0.001/19:0.006/20:0.001,0:0.01/-1:0.98/1:0.009/2:0.004/3:0.008/4:0.006/5:0.004/7:0.008/8:0.009/10:0.001/11:0.001/12:0.009/13:0.001/17:0.001/19:0.002/20:0.003/22:0.003/23:0.003/24:0.006/25:0.004/27:0.001,0:0.01/-1:0.98/1:0.001/2:0.006,0,15,0,5,0:0.01/4:0.99,0,17,20,0,0:0.01/14:0.99,1,0,18,0:0.01/3:0.99,0,0,0,0,0,3,0,0:0.33/4:0.67,0:0.33/5:0.67,0
TTGACCCGTAACCCGC-1,-1,-1,-1,0,15,0,5,4,0,17,20,0,14,1,0,18,3,0,-1,-1,-1,0,3,0,4,5,0
I23,-1,-1,-1,0,15,0,5,4,0,17,20,0,14,1,0,18,3,0,0,0,0,0,3,0,-1,-1,-1
I24,-1,-1,-1,0,15,0,5,4,0,17,20,0,14,1,0,18,3,0,0,0,0,0,3,0,-1,-1,-1
GAACGTTCATCCTTCG-1,-1,-1,-1,0,15,0,5,4,0,17,20,0,14,1,0,18,3,0,0,24,2,0,3,0,-1,-1,-1
TCAGTTTCAGTCCGTG-1,-1,-1,-1,0,15,0,5,4,0,17,20,0,14,1,0,18,3,0,-1,-1,-1,0,3,0,-1,-1,-1
CACAACACAAAGGATT-1,-1,-1,-1,-1,-1,-1,5,4,0,17,20,0,14,1,0,18,3,0,0,18,0,0,3,0,-1,-1,-1
ATCCATTAGCGGGTAT-1,3,3,2,1,19,0,3,4,0,4,5,0,4,5,1,3,4,0,-1,-1,-1,12,1,0,2,3,0
GACTCTCAGGCGAACT-1,3,3,2,-1,-1,-1,3,4,7,4,5,0,4,5,1,3,4,0,-1,-1,-1,0,8,0,2,3,0
I25,3,3,0,0,0:0.18/16:0.82,0,3,4,0,4,5,0,4,5,0:0.01/1:0.99,3,4,0,0:0.01/-1:0.99,0:0.01/-1:0.99,0:0.01/-1:0.99,0,4,0,0:0.01/2:0.99,3,0
CACTGAAGTATCGTGT-1,3,3,0,0,16,0,3,4,3,4,5,0,4,5,1,3,4,0,-1,-1,-1,17,4,2,2,3,0
AACAGGGTCAATGTCG-1,3,3,0,-1,-1,-1,3,4,0,4,5,0,4,5,1,3,4,0,-1,-1,-1,0,4,0,2,3,0
AGATGCTAGACGAAGA-1,3,3,0,13,1,0,3,4,0,4,5,0,4,5,1,3,4,2,-1,-1,-1,0,0,0,2,3,0
I26,0,0:0.01/3:0.99,0,0,0,0,3,0:0.01/4:0.99,6,4,5,0,4,5,0:0.01/1:0.99,3,0:0.01/4:0.99,0,0:0.01/-1:0.98/1:0.001/2:0.009/3:0.003/5:0.002/6:0.009/7:0.006/8:0.003/9:0.002/11:0.002/12:0.005/13:0.002/16:0.001/17:0.008,0:0.01/-1:0.98/1:0.001/2:0.006/3:0.009/4:0.005/5:0.008/7:0.001/8:0.001/9:0.002/11:0.001/12:0.001/13:0.001/14:0.006/16:0.001/17:0.002/18:0.001/19:0.009/20:0.002/21:0.002/22:0.001/23:0.001/24:0.001/25:0.003/27:0.001/29:0.005/30:0.004/31:0.009/32:0.001,0:0.01/-1:0.98/2:0.001,0:0.01/-1:0.98/1:0.008/2:0.003/3:0.009/4:0.003/5:0.001/6:0.007/7:0.001/8:0.009/9:0.001/11:0.008/12:0.008/13:0.005/14:0.001/15:0.006/18:0.001/20:0.006/27:0.001,0:0.01/-1:0.98/1:0.009/2:0.003/3:0.009/4:0.009/5:0.008/6:0.001/7:0.008/8:0.003/9:0.001/11:0.005/12:0.001/14:0.003/15:0.001/16:0.006/18:0.001/19:0.001/21:0.001/23:0.002/24:0.006/26:0.005/27:0.005/30:0.004/32:0.002/33:0.003/34:0.003/35:0.001/36:0.001,0:0.01/-1:0.98/3:0.001/4:0.006,0:0.01/2:0.99,3,0
TAGATCGAGGTGCTGA-1,5,3,0,1,3,0,3,4,6,4,5,0,4,5,1,3,4,0,-1,-1,-1,-1,-1,-1,2,3,1
CTTACCGTCTTCGGTC-1,16,3,0,10,33,5,3,4,6,4,5,0,4,5,1,3,4,0,-1,-1,-1,-1,-1,-1,2,3,0
TTGCATTGTACTCGAT-1,3,3,0,0,24,0,3,4,0,4,5,0,4,5,1,3,4,0,0,19,0,0,36,0,2,3,0
I27,0:0.01/9:0.99,0:0.01/3:0.99,0,0,0,0,3,0:0.01/4:0.99,2,4,5,0,0:0.01/3:0.99,14,0,3,0:0.01/4:0.99,0,0,0:0.34/19:0.66,0,0,0,0,0:0.01/2:0.99,3,0
CTTCAATGTAAGGCCA-1,9,3,0,20,34,0,3,4,2,4,5,0,3,14,0,3,4,0,0,19,0,4,1,0,2,3,0
I28,9,3,0,0,0,0,3,4,2,4,5,0,3,14,0,3,4,0,0:0.06/-1:0.93/1:0.001/2:0.009/3:0.003/5:0.002/6:0.009/7:0.006/8:0.003/9:0.002/11:0.002/12:0.005/13:0.002/16:0.001/17:0.008,0:0.02/-1:0.93/19:0.05,0:0.06/-1:0.93/2:0.001,0,0:0.58/27:0.42,0,2,3,0
ACGCACGTCATCCTAT-1,9,3,0,-1,-1,-1,3,4,2,4,5,0,3,14,0,3,4,0,-1,-1,-1,-1,-1,-1,2,3,0
GCATGATCAGCGAGTA-1,9,3,0,0,0,0,3,4,2,4,5,0,3,14,0,3,4,0,-1,-1,-1,0,27,0,2,3,0
ACGGAAGCATCTCCCA-1,0,3,0,9,12,0,0,4,0,4,5,0,0,15,0,6,4,0,-1,-1,-1,0,0,0,0,3,0
TCGACCTCAGTCAGTT-1,19,24,0,7,20,0,24,4,9,4,5,0,25,14,0,26,29,0,-1,-1,-1,1,30,0,2,3,0
AGCGATTGTGAAGCGT-1,12,13,0,0,17,0,13,13,0,0,12,0,0,7,0,11,13,0,-1,-1,-1,11,7,0,3,3,0
I29,0,0,0,0,0,0,0,0,0,0,0,0,0,0,0,0,0,0,0,0,0,0,0,0,0:0.28/2:0.72,0:0.1/3:0.9,0
I30,0:0.02/5:0.98,0:0.01/5:0.99,0,0,0,0,0,0:0.23/8:0.77,0,0,7,0,0,0,0,0,0,0,0,0:0.24/4:0.76,0,5,6,0,0:0.2/2:0.8,0:0.07/3:0.93,0
I31,5,5,0,0,0,0,0,8,0,0,7,0,0,0,0,0,6,0,0,0:0.02/4:0.98,0,5,6,0,0:0.17/2:0.83,0:0.06/3:0.94,0
I32,5,5,0,0,0,0,0:0.01/5:0.99,8,0,0,7,0,0,0,0,0,6,0,0,0:0.01/4:0.99,0,5,6,0,-1:0.98/2:0.02,-1:0.98/3:0.02,0:0.02/-1:0.98
I33,5,5,0,0,0,0,5,8,0,0,7,0,0,0,0,0:0.03/4:0.97,6,0,0,4,0,5,6,0,-1,-1,-1
TACAACGAGCATTTGC-1,5,5,0,0,0,0,5,8,0,0,7,0,26,34,0,4,6,0,0,4,0,5,6,0,-1,-1,-1
TATTGGGTCAATCCGA-1,5,5,0,4,6,0,5,8,0,0,7,0,0,8,0,4,6,0,0,4,0,5,6,0,-1,-1,-1
I34,5,5,0,0,0,0,5,8,0,0,7,0,0,0,0,0,6,0,0:0.01/-1:0.99,-1:0.99/4:0.01,0:0.01/-1:0.99,5,6,0,-1,-1,-1
I35,5,5,0,0,0,0,5,8,0,0,7,0,0,0,0,0,6,0,0:0.01/-1:0.99,-1:0.99/4:0.01,0:0.01/-1:0.99,5,6,0,-1,-1,-1
GTAGGAGAGGATATAC-1,5,5,0,1,41,8,-1,-1,-1,1,7,0,0,0,0,24,6,0,-1,-1,-1,5,6,0,-1,-1,-1
TGCACGGCAACACAGG-1,5,5,0,18,32,0,5,8,0,0,7,0,3,27,0,4,6,0,-1,-1,-1,5,6,0,-1,-1,-1
CACAGATGTAACTTCG-1,5,5,0,7,26,0,5,8,0,0,7,0,14,1,0,0,6,0,-1,-1,-1,5,6,0,-1,-1,-1
AACGTCAGTTCGGCGT-1,5,5,0,5,7,0,7,8,0,8,7,0,4,5,1,0,6,0,0,4,0,5,6,0,2,3,0
ATTCCATCAAAGGTTA-1,5,5,0,0,22,0,-1,-1,-1,1,7,0,0,8,0,0,4,0,-1,-1,-1,5,6,0,-1,-1,-1
CAAGCTACACAGTCCG-1,0,0,0,0,0,0,0,0,0,0,0,0,0,0,0,0,0,0,0,3,0,0,0,0,2,3,0
TCGGGCAAGTCCCGGT-1,2,1,0,26,45,0,6,7,0,9,30,0,2,3,0,5,2,0,0,29,0,2,2,0,-1,-1,-1
I36,0,0,0,0,0,0,0:0.24/16:0.76,0,0,0,0,0,0,0,0,0,0,0,0,0:0.95/3:0.05,0,0,0,0,0,0:0.87/12:0.13,0
TGGTACAAGCCTAACT-1,5,1,0,28,10,0,16,27,0,0,31,0,25,40,0,0,11,0,-1,-1,-1,3,32,0,-1,-1,-1
I37,0,17,0,0,0,0,0:0.01/16:0.99,0:0.02/11:0.98,0,0,0,0,0,0,0,0,0,0,0,0:0.59/3:0.41,0,16,17,0,0,12,0
TCTCACGCATCCTCAC-1,0,17,0,-1,-1,-1,16,11,0,-1,-1,-1,27,35,0,28,31,0,0,3,0,16,17,0,0,12,0
I38,0,17,0,0,0,0,16,11,0,0,0,0,0,0,0,0,0,0,0:0.01/-1:0.98/1:0.001/2:0.009/3:0.003/5:0.002/6:0.009/7:0.006/8:0.003/9:0.002/11:0.002/12:0.005/13:0.002/16:0.001/17:0.008,0:0.01/-1:0.98/3:0.01,0:0.01/-1:0.98/2:0.001,16,17,0,0,12,0
I39,0,17,0,0,0,0,16,11,0,0,0,0,2,3,0,0,0,0,-1,-1,-1,16,17,0,0,12,0
CAATTTCAGAGGGTGG-1,0,17,0,0,25,0,16,11,0,0,12,0,2,3,0,0,0,0,-1,-1,-1,16,17,0,0,12,0
TAAGCGTCATGACTTG-1,0,17,0,0,0,0,16,11,0,0,15,0,2,3,0,4,9,0,-1,-1,-1,16,17,0,0,12,0
I40,0,17,0,0:0.87/2:0.13,0:0.87/3:0.13,0,16,11,0,0,0,0,0,0,0,0,0:0.15/3:0.85,0,-1:0.99/1:0.001/2:0.009/3:0.003/5:0.002/6:0.009/7:0.006/8:0.003/9:0.002/11:0.002/12:0.005/13:0.002/16:0.001/17:0.008,-1:0.99/3:0.01,-1:0.99/2:0.001,16,17,0,0,12,0
TCAGGGCTCCTGTACC-1,0,17,0,-1,-1,-1,16,11,0,4,5,0,0,0,0,24,3,0,-1,-1,-1,16,17,0,13,12,0
GTTCCGTCACATTCGA-1,0,17,0,2,3,0,16,11,0,3,4,0,0,0,0,2,3,0,-1,-1,-1,16,17,0,3,12,0
