((((GTACAACAGTTAACAG-1:12.336,AGACTCACACAATTCG-1:0.338)I5:3.776,((TCGTCCATCGTTCTCG-1:6.635,AATGCCAGTCCCGGTA-1:6.635)I4:3.535,(AATGGAAGTACTAACC-1:11.11,AGCTTCCAGCACGTCC-1:7.11)I3:0)I2:5.939)I1:1.956,GCCAACGCATCATCTT-1:1)10:0)I0;
I0,0,0,0,0,0,0,0,0,0,0,0,0,0,0,0,0,0,0,0,0,0,0,0,0,0,0,0
10,0,0,0,0,0,0,0,0,0,0,0,0,0,0,0,0,0,0,0,0,0,0,0,0,0,0,0
GCCAACGCATCATCTT-1,0,0,0,0,0,0,0,0,0,0,0,0,0,0,0,0,0,0,0,0,0,0,0,0,0,17,0
I1,0,0,0,0,0,0,0,0,0,0,0,0,0,0,0,0,0,0,0,6,0,0,0:0.04/4:0.96,0,0,0,0
I2,0,1,0:0.08/2:0.92,0:0.01/-1:0.99,0:0.01/-1:0.99,0:0.01/-1:0.99,0,0,0,0,6,0,0,0,0,0,0,0,0,6,0,0,4,0,0,0,0
I3,0,1,0:0.08/2:0.92,0:0.01/-1:0.99,0:0.01/-1:0.99,0:0.01/-1:0.99,0,0,0,0,6,0,0,0,0,0,0,0,0,6,0,0,4,0,0,0,0
AGCTTCCAGCACGTCC-1,0,1,2,-1,-1,-1,14,6,0,0,6,0,0,12,0,-1,-1,-1,0,6,0,0,4,0,0,6,0
AATGGAAGTACTAACC-1,0,1,2,-1,-1,-1,10,10,0,9,6,0,7,11,2,0,9,0,4,6,0,3,4,0,4,5,0
I4,0,1,0:0.03/2:0.97,-1,-1,-1,0,0,0,0:0.07/3:0.93,6,0,0,0,0,0,0,0,0,6,0,0,4,0,0:0.16/-1:0.82/1:0.012/2:0.017/3:0.017/4:0.018/5:0.012/6:0.001/7:0.004/8:0.005/9:0.001/10:0.007/11:0.002/13:0.014,0:0.16/-1:0.82/1:0.018/2:0.015/3:0.008/4:0.002/5:0.007/6:0.008/7:0.012/10:0.018/11:0.018/13:0.001/14:0.004/15:0.005/16:0.005/17:0.005/18:0.002/19:0.017/20:0.001/21:0.01/22:0.006/23:0.002/24:0.01,0:0.16/-1:0.82/1:0.011
AATGCCAGTCCCGGTA-1,0,1,2,-1,-1,-1,-1,-1,-1,3,6,0,0,10,0,6,8,0,0,6,0,0,4,0,-1,-1,-1
TCGTCCATCGTTCTCG-1,0,1,2,-1,-1,-1,0,0,0,3,6,0,2,3,0,27,30,5,0,6,0,12,4,0,-1,-1,-1
I5,0,0,0,0,0,0,0,0,0,0,0,0,0,0,0,0,0:0.02/12:0.98,0,0,6,0,0,4,0,0:0.08/-1:0.89/1:0.017/2:0.025/3:0.026/4:0.027/5:0.018/6:0.002/7:0.006/8:0.008/9:0.001/10:0.01/11:0.003/13:0.021,0:0.08/-1:0.89/1:0.027/2:0.023/3:0.011/4:0.003/5:0.01/6:0.012/7:0.018/10:0.027/11:0.028/13:0.002/14:0.006/15:0.008/16:0.008/17:0.007/18:0.003/19:0.025/20:0.002/21:0.014/22:0.008/23:0.003/24:0.015,0:0.08/-1:0.89/1:0.017
AGACTCACACAATTCG-1,0,0,0,0,0,0,0,0,0,0,0,0,0,0,0,0,12,0,0,6,0,0,4,0,-1,-1,-1
GTACAACAGTTAACAG-1,9,1,0,0,0,7,2,27,0,0,12,0,5,33,0,0,12,0,-1,-1,-1,1,4,0,-1,-1,-1
(((((ACGTAACGTTGTACGT-1:0.213,GAGAAATTCGCTCATC-1:3.018)I17:17.833,((TTCCTTCCAATGTCAC-1:3.341,(AGTGATCTCCTTATAC-1:5.101,AAGTCGTAGGACCCAA-1:0.568)I16:3.461)I15:8.688,(TTGACCCGTAACCCGC-1:3.768,(TCAGTTTCAGTCCGTG-1:3.009,(GAACGTTCATCCTTCG-1:2.009,CACAACACAAAGGATT-1:4.009)I14:0)I13:3.084)I12:13.281)I11:0.011)I10:0.959,GATGCTACAAGTACCT-1:10)I9:0,(((TCCCAGTCACTGATTG-1:4.473,(GAGGCAAGTCGGAAAC-1:2.056,TAACCAGCAAAGGTTA-1:2.056)I8:4.117)I7:5.154,(((TAAGTCGGTCTTGTCC-1:2.079,ATCGCCTAGATCGCCC-1:5.079)I6:0.927,TAGGGTTCAGTGGCTC-1:5.005)I5:1.066,GGAGCAACACATGAAA-1:5.071)I4:2.946)I3:3.233,ATCCCTGCAGTAGGAC-1:16.008)I2:3.171)I1:0)I0;
I0,0,0,0,0,0,0,0,0,0,0,0,0,0,0,0,0,0,0,0,0,0,0,0,0,0,0,0
I1,0,0,0,0,0,0,0,0,0,0,0,0,0,0,0,0,0,0,0,0,0,0,0,0,0,0,0
I2,0,0,0,0,0,0,0,17,0,15,17,0,0,0,0,0,0,0,0,0:0.82/28:0.18,0,0,0,0,0,0,0
ATCCCTGCAGTAGGAC-1,0,15,3,8,1,0,15,17,0,15,17,0,2,3,0,16,16,0,-1,-1,-1,-1,-1,-1,0,11,0
I3,0,0,0,0:0.01/14:0.99,0,0,0,17,0,15,17,0,12,20,0,0,0,0,0,0:0.59/28:0.41,0,0,0,0,0,0,0
I4,0,0,0,14,0,0,0,17,0,15,17,0,12,20,0,0,0,0,0:0.02/-1:0.98,0:0.01/-1:0.98/28:0.01,0:0.02/-1:0.98,0,0,0,0,0,0
GGAGCAACACATGAAA-1,0,2,0,14,29,0,0,17,0,15,17,0,12,20,0,0,0,0,-1,-1,-1,0,0,0,-1,-1,-1
I5,0,0,0,14,0,0,0,17,0,15,17,0,12,20,0,0,17,0,-1,-1,-1,0,0,0,0,0,0
TAGGGTTCAGTGGCTC-1,0,0,0,14,0,0,0,17,0,15,17,0,12,20,0,0,17,0,-1,-1,-1,24,28,0,-1,-1,-1
I6,0:0.08/3:0.92,0,0,14,0,0,0,17,0,15,17,0,12,20,0,0,17,0,-1,-1,-1,0,0,0,0,0,0
ATCGCCTAGATCGCCC-1,3,2,0,14,0,0,0,17,0,15,17,0,12,20,0,0,17,0,-1,-1,-1,-1,-1,-1,0,11,0
TAAGTCGGTCTTGTCC-1,3,7,0,14,42,0,0,17,0,15,17,0,12,20,0,0,17,0,-1,-1,-1,0,0,0,0,0,0
I7,0,15,3,14,0,0,0,17,0,15,17,0,12,20,0,0,0,0,0,0:0.31/28:0.69,0,0,0,0,0:0.04/-1:0.94/1:0.012/2:0.017/3:0.017/4:0.018/5:0.012/6:0.001/7:0.004/8:0.005/9:0.001/10:0.007/11:0.002/13:0.014,0:0.04/-1:0.94/1:0.018/2:0.015/3:0.008/4:0.002/5:0.007/6:0.008/7:0.012/10:0.018/11:0.018/13:0.001/14:0.004/15:0.005/16:0.005/17:0.005/18:0.002/19:0.017/20:0.001/21:0.01/22:0.006/23:0.002/24:0.01,0:0.04/-1:0.94/1:0.011
I8,0,15,3,14,29,0,0,17,0,15,17,0,12,20,0,0,0,0,0:0.01/-1:0.98/1:0.001/2:0.009/3:0.003/5:0.002/6:0.009/7:0.006/8:0.003/9:0.002/11:0.002/12:0.005/13:0.002/16:0.001/17:0.008,-1:0.98/28:0.02,0:0.01/-1:0.98/2:0.001,0,0,0,-1,-1,-1
TAACCAGCAAAGGTTA-1,0,15,3,14,29,0,0,17,0,15,17,0,12,20,0,0,0,0,-1,-1,-1,3,3,0,-1,-1,-1
GAGGCAAGTCGGAAAC-1,0,15,3,14,29,0,0,17,0,15,17,0,12,20,0,0,0,0,-1,-1,-1,15,16,0,-1,-1,-1
TCCCAGTCACTGATTG-1,0,15,3,14,42,0,0,17,0,15,17,0,12,20,0,0,17,0,0,28,0,25,1,0,-1,-1,-1
I9,0,0,0,0,0,0,0,0,0,0,0,0,0,0,0,0,0,0,0,0,0,0,0,0,0,0,0
GATGCTACAAGTACCT-1,0,20,0,0,0,0,0,0,0,0,27,0,0,0,0,21,28,0,0,24,2,0,24,0,-1,-1,-1
I10,0,0,0,0,0,0,0:0.04/5:0.96,0,0,0,0,0,0,0,0,0,0,0,0,0,0,0,0,0,0,0,0
I11,0,0,0,0,0,0,0:0.03/5:0.97,0,0,0,0,0,0,0,0,0,0,0,0,0,0,0,0,0,0,0,0
I12,0:0.01/-1:0.98/1:0.005/2:0.001/3:0.009/4:0.003/5:0.008/7:0.009/9:0.008/10:0.001/11:0.008/12:0.001/14:0.001/15:0.002/16:0.006/17:0.001/19:0.006/20:0.001,0:0.01/-1:0.98/1:0.009/2:0.004/3:0.008/4:0.006/5:0.004/7:0.008/8:0.009/10:0.001/11:0.001/12:0.009/13:0.001/17:0.001/19:0.002/20:0.003/22:0.003/23:0.003/24:0.006/25:0.004/27:0.001,0:0.01/-1:0.98/1:0.001/2:0.006,0,15,0,5,0:0.01/4:0.99,0,17,20,0,0:0.01/14:0.99,1,0,18,0:0.01/3:0.99,0,0,0,0,0,3,0,0:0.34/4:0.66,0:0.34/5:0.66,0
I13,-1,-1,-1,0,15,0,5,4,0,17,20,0,14,1,0,18,3,0,0,0,0,0,3,0,-1,-1,-1
I14,-1,-1,-1,0,15,0,5,4,0,17,20,0,14,1,0,18,3,0,0,0,0,0,3,0,-1,-1,-1
CACAACACAAAGGATT-1,-1,-1,-1,-1,-1,-1,5,4,0,17,20,0,14,1,0,18,3,0,0,18,0,0,3,0,-1,-1,-1
GAACGTTCATCCTTCG-1,-1,-1,-1,0,15,0,5,4,0,17,20,0,14,1,0,18,3,0,0,24,2,0,3,0,-1,-1,-1
TCAGTTTCAGTCCGTG-1,-1,-1,-1,0,15,0,5,4,0,17,20,0,14,1,0,18,3,0,-1,-1,-1,0,3,0,-1,-1,-1
TTGACCCGTAACCCGC-1,-1,-1,-1,0,15,0,5,4,0,17,20,0,14,1,0,18,3,0,-1,-1,-1,0,3,0,4,5,0
I15,0,0,0,0,8,0,5,9,0,0,8,0,0,0:0.01/8:0.99,0,0,2,0,0,0:0.01/5:0.99,0,2,2,0,0,0:0.32/23:0.68,0
I16,0,0:0.47/7:0.53,0,0,8,0,5,9,0,0,8,0,0,8,0,0,2,0,0,5,0,2,2,0,0:0.03/-1:0.97,0:0.01/-1:0.97/23:0.02,0:0.03/-1:0.97
AAGTCGTAGGACCCAA-1,0,7,0,0,8,0,5,9,0,0,8,0,0,8,0,0,2,0,0,5,0,2,2,0,-1,-1,-1
AGTGATCTCCTTATAC-1,-1,-1,-1,8,8,0,5,9,0,0,8,0,0,8,0,15,2,0,0,5,0,2,2,0,-1,-1,-1
TTCCTTCCAATGTCAC-1,0,1,0,24,8,0,5,9,0,0,8,0,0,8,0,6,2,0,0,5,0,2,2,0,0,23,0
I17,0,11,0,11,4,0,5,12,0,7,10,1,0,10,0,6,7,1,0:0.1/5:0.9,0:0.1/9:0.9,0,10,10,0,-1,-1,-1
GAGAAATTCGCTCATC-1,0,11,0,11,4,0,5,12,0,7,10,1,0,10,0,6,7,1,-1,-1,-1,10,10,0,-1,-1,-1
ACGTAACGTTGTACGT-1,0,11,0,11,4,0,5,12,0,7,10,1,0,10,0,6,7,1,5,9,0,10,10,0,-1,-1,-1
((CCCATTGTCCGGGACT-1:11.752,((GAGTTACAGTCTTGGT-1:1.803,(AATGACCGTCACTACA-1:2.84,TGTGCGGTCGGTGTAT-1:4.24)I9:3.311)I8:4.658,(TCCCACAAGGGAGATA-1:6.048,((TCAGCCTTCCGTTTCG-1:3.001,((TTACCATTCGCGTTTC-1:3.001,ACAGGGATCTGTGTGA-1:5.001)I7:0,GCACGTGTCTTGCAAG-1:3.001)I6:0)I5:3.047,TCGGATAGTGACTAAA-1:8.048)I4:0)I3:3.157)I2:3.329)I1:6.779)I0;
I0,0,0,0,0,0,0,0,0,0,0,0,0,0,0,0,0,0,0,0,0,0,0,0,0,0,0,0
I1,0,9,0,0,9,0,0,0,0,0:0.07/-1:0.92/1:0.008/2:0.001/3:0.009/4:0.001/5:0.006/7:0.008/8:0.009/9:0.007/12:0.006/14:0.003/17:0.001/19:0.001/23:0.001/24:0.005/25:0.008,0:0.07/-1:0.92/1:0.006/3:0.001/4:0.009/5:0.001/6:0.009/7:0.001/8:0.001/10:0.008/11:0.006/12:0.009/13:0.005/14:0.003/19:0.008/20:0.001/24:0.005/25:0.001/27:0.001/28:0.002/29:0.001,0:0.07/-1:0.92/3:0.001,0,0,0,0,0,0,0:0.75/11:0.25,0:0.75/20:0.25,0,0,0:0.01/8:0.99,0,0:0.75/9:0.25,0:0.75/1:0.25,0
I2,0,9,0,0,9,0,0,0,0,-1:0.99/1:0.008/2:0.001/3:0.009/4:0.001/5:0.006/7:0.008/8:0.009/9:0.007/12:0.006/14:0.003/17:0.001/19:0.001/23:0.001/24:0.005/25:0.008,-1:0.99/1:0.006/3:0.001/4:0.009/5:0.001/6:0.009/7:0.001/8:0.001/10:0.008/11:0.006/12:0.009/13:0.005/14:0.003/19:0.008/20:0.001/24:0.005/25:0.001/27:0.001/28:0.002/29:0.001,-1:0.99/3:0.001,0,0,0,0,0,0,0:0.04/-1:0.94/11:0.02,0:0.04/-1:0.94/20:0.02,0:0.06/-1:0.94,0,8,0,0:0.62/9:0.38,0:0.62/1:0.38,0
I3,0,9,0,0,9,0,0,0,0,-1,-1,-1,0,0,0,0,0,0,-1,-1,-1,0,8,0,0:0.01/-1:0.98/9:0.01,0:0.01/-1:0.98/1:0.01,0:0.01/-1:0.98/1:0.006
I4,0,9,0,0,9,0,0,0,0,-1,-1,-1,0,0,0,0,0,0,-1,-1,-1,0,8,0,0:0.01/-1:0.99,0:0.01/-1:0.99,0:0.01/-1:0.99
TCGGATAGTGACTAAA-1,0,9,0,0,9,0,4,6,0,-1,-1,-1,-1,-1,-1,-1,-1,-1,-1,-1,-1,0,8,0,-1,-1,-1
I5,0,9,0,0,9,0,-1,-1,-1,-1,-1,-1,0,0,0,0,0,0,-1,-1,-1,0,8,0,-1,-1,-1
I6,0,9,0,0,9,0,-1,-1,-1,-1,-1,-1,0,0,0,0,0,0,-1,-1,-1,0,8,0,-1,-1,-1
GCACGTGTCTTGCAAG-1,0,9,0,0,9,0,-1,-1,-1,-1,-1,-1,0,10,0,4,4,0,-1,-1,-1,0,8,0,-1,-1,-1
I7,0,9,0,0,9,0,-1,-1,-1,-1,-1,-1,0,0,0,0,0,0,-1,-1,-1,0,8,0,-1,-1,-1
ACAGGGATCTGTGTGA-1,0,9,0,7,9,0,-1,-1,-1,-1,-1,-1,0,12,0,7,9,0,-1,-1,-1,8,8,0,-1,-1,-1
TTACCATTCGCGTTTC-1,21,9,0,0,9,0,-1,-1,-1,-1,-1,-1,0,8,0,0,1,0,-1,-1,-1,0,8,0,-1,-1,-1
TCAGCCTTCCGTTTCG-1,0,9,0,0,9,0,-1,-1,-1,-1,-1,-1,0,0,0,-1,-1,-1,-1,-1,-1,0,8,0,-1,-1,-1
TCCCACAAGGGAGATA-1,0,9,0,0,9,0,22,29,0,-1,-1,-1,28,36,0,6,1,0,-1,-1,-1,0,8,0,-1,-1,-1
I8,0,9,0,0,9,0,0:0.03/-1:0.96/1:0.002/2:0.008/3:0.001/4:0.008/5:0.009/6:0.003/8:0.006/10:0.008/16:0.007/18:0.009/20:0.005/22:0.001/23:0.001/24:0.001/26:0.006,0:0.03/-1:0.96/1:0.003/4:0.009/6:0.009/7:0.008/8:0.001/9:0.001/10:0.005/11:0.005/12:0.003/14:0.001/19:0.002/23:0.009/24:0.003/26:0.001/27:0.008/30:0.001/32:0.001/33:0.006,0:0.03/-1:0.96/6:0.001/9:0.006,-1,-1,-1,0,0,0,0,0,0,-1,-1,-1,7,8,0,0:0.33/9:0.67,0:0.33/1:0.67,0
I9,0,9,0,0,9,0,-1,-1,-1,-1,-1,-1,0,0,0,0,0:0.6/1:0.4,0,-1,-1,-1,7,8,0,0:0.02/-1:0.92/9:0.06,0:0.02/-1:0.92/1:0.06,0:0.07/-1:0.92/1:0.006
TGTGCGGTCGGTGTAT-1,0,9,0,0,9,0,-1,-1,-1,-1,-1,-1,0,19,0,-1,-1,-1,-1,-1,-1,7,8,0,-1,-1,-1
AATGACCGTCACTACA-1,0,9,0,0,9,0,-1,-1,-1,-1,-1,-1,6,9,0,0,1,0,-1,-1,-1,7,8,0,-1,-1,-1
GAGTTACAGTCTTGGT-1,0,9,0,0,9,0,-1,-1,-1,-1,-1,-1,0,0,0,0,4,0,-1,-1,-1,7,8,0,9,1,0
CCCATTGTCCGGGACT-1,0,9,0,16,9,0,12,7,0,-1,-1,-1,17,7,0,1,2,0,11,20,0,0,8,0,-1,-1,-1
((((GGAGATGCAGCGAGTA-1:10.115,(AAGTTCGTCAGGAACG-1:0.127,CCTCAACGTGTTGACT-1:5.127)I27:8.514)I26:7.983,((((TTGGGATCATTCTTCA-1:1,CGGGTCAGTAGCGAGT-1:1)I25:1.015,(TTCACCGGTGTTAGCT-1:2.004,CCTCAACGTATCGGTT-1:0.004)I24:2.012)I23:9.36,(AGACACTAGTGCGCTC-1:8.217,TCAGTTTGTCTGCGCA-1:5.158)I22:3.721)I21:4.373,GCCGTGATCTTCGATT-1:14.093)I20:0.917)I19:0.99,(((((TTGGGATCACACCGCA-1:3.93,TTACGCCGTCGAATTC-1:4.001)I18:0.071,(CCCTGATGTTGCATGT-1:3.954,(TCATGTTGTGTAGGAC-1:2.038,GATGACTGTTGCGAAG-1:1.038)I17:2.968)I16:0.048)I15:3.025,(TTACCGCCACGACAGA-1:3.083,TCCCAGTAGTATGGCG-1:4.148)I14:3.969)I13:7.503,(TACCCACAGTTGCATC-1:6.446,(((GTGAGTTCACCACATA-1:3.066,CAATACGGTGCACAAG-1:4.066)I12:0.935,(CTGTAGAAGTGTTCAC-1:4.965,(AGTGCCGCAAGGTTGG-1:3.077,(CGAGGAACATCATGAC-1:2.793,AGTGATCTCGCTGTTC-1:3.056)I11:1.284)I10:2.932)I9:0.035)I8:0.002,(TCTATCACAGCCTACG-1:10.1,TGGTACAGTACTAACC-1:4.9)I7:1.102)I6:6.071)I5:5.083)I4:1.471,(GGGTAGACACATTCTT-1:5.404,CAGATCACATCTTCGC-1:5.404)I3:9.254)I2:0)I1:0)I0;
I0,0,0,0,0,0,0,0,0,0,0,0,0,0,0,0,0,0,0,0,0,0,0,0,0,0,0,0
I1,0,0,0,0,0,0,0,0,0,0,0,0,0,0,0,0,0,0,0,0,0,0,0,0,0,0,0
I2,0,0,0,0,0,0,0,0,0,0,0,0,0,0,0,0,0,0,0,0,0,0,0,0,0,0,0
I3,0,0:0.01/1:0.99,0,0,0:0.34/27:0.66,0,0,16,0,0,0:0.02/6:0.98,0,0,0,0,0:0.02/4:0.98,0:0.01/12:0.99,0,0,10,0,18,18,0,0,0:0.34/20:0.66,0
CAGATCACATCTTCGC-1,0,1,0,0,27,0,0,16,0,0,6,0,15,24,0,4,12,0,0,10,0,18,18,0,-1,-1,-1
GGGTAGACACATTCTT-1,11,1,0,-1,-1,-1,5,16,0,0,6,0,0,0,0,4,12,0,0,10,0,18,18,0,0,20,0
I4,0,0,0,0,0,0,0,0,0,0,0,0,0,0,0,0,0,0,0:0.3/2:0.7,0:0.22/3:0.78,0,0,0,0,0,0,0
I5,0,0:0.02/2:0.98,0,0,0,0,0,0:0.04/6:0.96,0,0,16,0,0,0,0,0:0.01/8:0.99,0:0.01/10:0.99,0,0:0.21/2:0.79,0:0.16/3:0.84,0,0,0,0,0,0,0
I6,0,2,0,0,0,0,0,6,0,0,16,0,0,0,0,8,10,0,-1,-1,-1,0,0,0,-1,-1,-1
I7,0,2,0,0:0.9/29:0.1,0:0.9/27:0.1,0,0:0.1/6:0.9,6,0,0,16,0,0,0,0,8,10,0,-1,-1,-1,0,0,0,-1,-1,-1
TGGTACAGTACTAACC-1,0,2,0,29,27,0,6,6,0,0,16,0,31,41,0,8,10,0,-1,-1,-1,0,33,0,-1,-1,-1
TCTATCACAGCCTACG-1,7,2,0,-1,-1,-1,6,6,0,7,16,0,29,38,5,8,10,0,-1,-1,-1,12,24,0,-1,-1,-1
I8,0,2,0,0,0,0,0,6,0,0,16,0,0,0,0,8,10,0,-1,-1,-1,0,0,0,-1,-1,-1
I9,0,2,0,0,0,0,0,6,0,0,16,0,0,0,0,8,10,0,-1,-1,-1,0:0.98/3:0.02,0:0.98/5:0.02,0,-1,-1,-1
I10,0,2,0,0,0,0,0,6,0,0,16,0,0,0,0,8,10,0,-1,-1,-1,0:0.02/-1:0.97/3:0.01,0:0.02/-1:0.97/5:0.01,0:0.02/-1:0.97/3:0.001/4:0.006,-1,-1,-1
I11,0,2,0,0,0:0.74/30:0.26,0,0:0.05/5:0.95,6,0,0,16,0,0,0,0,8,10,0,-1,-1,-1,-1,-1,-1,-1,-1,-1
AGTGATCTCGCTGTTC-1,0,2,0,-1,-1,-1,5,6,0,0,16,0,0,0,0,8,10,0,-1,-1,-1,-1,-1,-1,-1,-1,-1
CGAGGAACATCATGAC-1,0,2,0,0,30,0,5,6,0,0,16,0,3,26,0,8,10,0,-1,-1,-1,-1,-1,-1,-1,-1,-1
AGTGCCGCAAGGTTGG-1,0,2,0,4,6,0,0,6,0,0,16,0,0,8,0,8,10,0,-1,-1,-1,-1,-1,-1,-1,-1,-1
CTGTAGAAGTGTTCAC-1,5,2,0,14,0,0,0,6,0,0,16,0,0,28,0,8,10,0,-1,-1,-1,3,5,0,-1,-1,-1
I12,0,2,0,0,0,0,0:0.07/5:0.93,6,0,0,16,0,0,0,0,8,10,0,-1,-1,-1,0,0,0,-1,-1,-1
CAATACGGTGCACAAG-1,0,2,0,0,24,0,5,6,0,0,16,0,0,23,0,8,10,0,-1,-1,-1,15,16,0,-1,-1,-1
GTGAGTTCACCACATA-1,0,2,0,0,31,0,5,6,0,0,16,0,0,0,0,8,10,0,-1,-1,-1,2,2,0,-1,-1,-1
TACCCACAGTTGCATC-1,0,2,0,0,8,0,0,6,0,0,16,0,18,25,0,8,10,0,2,3,0,-1,-1,-1,0,0,0
I13,0,0:0.01/12:0.99,0,0,8,0,0,0:0.01/23:0.99,0,19,18,0,18,25,0,0,0,0,2,3,0,0,0,0,0,0,0
I14,0,12,0,0,8,0,0,23,0,19,18,0,18,25,0,0:0.04/-1:0.95/1:0.003/3:0.001/4:0.009/5:0.001/6:0.008/8:0.001/10:0.008/13:0.002/14:0.007/18:0.003/21:0.005/24:0.009/26:0.008,0:0.04/-1:0.95/1:0.009/3:0.009/4:0.009/5:0.001/7:0.003/9:0.008/10:0.001/11:0.008/12:0.005/13:0.004/14:0.005/15:0.004/19:0.004/21:0.003/23:0.001/24:0.005/25:0.001/26:0.001,0:0.04/-1:0.95/2:0.006,2,3,0,0:0.47/12:0.53,0:0.47/3:0.53,0,0,0,0
TCCCAGTAGTATGGCG-1,0,12,0,0,8,0,0,23,0,19,18,0,18,25,0,-1,-1,-1,2,3,0,-1,-1,-1,0,22,0
TTACCGCCACGACAGA-1,0,12,0,0,8,0,0,23,0,19,18,0,18,25,0,-1,-1,-1,2,3,0,12,3,0,4,5,0
I15,0,12,0,0,8,0,0,23,0,19,18,0,18,25,0,0,0,0,2,3,0,0,0,0,-1,-1,-1
I16,0,12,0,0,8,0,0,23,0,19,18,0,18,25,0,0,0,0,2,3,0,0:0.98/2:0.02,0:0.98/2:0.02,0,-1,-1,-1
I17,0,12,0,0,8,0,0,23,0,19,18,0,18,25,0,0,0,0,2,3,0,0:0.01/-1:0.99,0:0.01/-1:0.99,0:0.01/-1:0.99,-1,-1,-1
GATGACTGTTGCGAAG-1,0,12,0,0,8,0,0,23,0,19,18,0,18,25,0,0,27,0,2,3,0,-1,-1,-1,-1,-1,-1
TCATGTTGTGTAGGAC-1,0,12,0,0,8,0,0,23,0,19,18,0,18,25,0,0,4,4,2,3,0,-1,-1,-1,-1,-1,-1
CCCTGATGTTGCATGT-1,0,12,0,0,8,0,0,23,0,19,18,0,18,25,0,1,2,0,2,3,0,2,2,0,-1,-1,-1
I18,0,12,0,0,8,0,0,23,0,19,18,0,18,25,0,0:0.98/30:0.02,0:0.98/20:0.02,0:0.98/3:0.02,2,3,0,0,0,0,-1,-1,-1
TTACGCCGTCGAATTC-1,0,12,0,0,8,0,0,23,0,19,18,0,18,25,0,-1,-1,-1,2,3,0,0,35,0,-1,-1,-1
TTGGGATCACACCGCA-1,0,12,0,0,8,0,0,23,0,19,18,0,18,25,0,30,20,3,2,3,0,0,4,0,-1,-1,-1
I19,0,0,0,0,0,0,0,0,0,0,0,0,0,0,0,0,0:0.01/7:0.99,0,0,0,0,0,0,0,0,0,0
I20,0,0:0.2/12:0.8,0,0,0,0,0,0,0,0,0,0,0,0,0,0,7,0,0:0.95/15:0.05,0:0.95/26:0.05,0,0,0,0,0,0,0
GCCGTGATCTTCGATT-1,3,12,0,0,38,0,5,6,0,25,6,0,22,32,0,22,7,0,15,26,0,0,0,0,-1,-1,-1
I21,0,0:0.01/12:0.99,0,0,0,0,0,0:0.5/4:0.5,0,0,0,0,0,0,0,0:0.04/10:0.96,7,0,0:0.09/-1:0.89/15:0.02,0:0.09/-1:0.89/26:0.02,0:0.09/-1:0.89/2:0.002,0,0,0,0,0,0
I22,0,12,0,0,0,0,0,0:0.03/4:0.97,0,0:0.07/8:0.93,0:0.06/6:0.94,0,0:0.65/27:0.35,0:0.65/35:0.35,0,10,7,0,0:0.01/-1:0.98/15:0.01,0:0.01/-1:0.98/26:0.01,0:0.01/-1:0.98/2:0.001,0,0,0,0,0:0.65/21:0.35,0
TCAGTTTGTCTGCGCA-1,0,12,0,0,44,0,5,4,0,8,6,0,27,35,0,10,7,0,-1,-1,-1,0,29,0,0,21,0
AGACACTAGTGCGCTC-1,11,12,0,0,16,0,0,4,0,8,6,0,-1,-1,-1,10,7,0,-1,-1,-1,0,0,0,-1,-1,-1
I23,0,12,0,0,29,0,-1,-1,-1,0,22,0,0,12,0,10,7,0,-1,-1,-1,0,19,0,6,13,0
I24,5,12,0,0,29,0,-1,-1,-1,20,22,0,0,12,0,10,7,0,-1,-1,-1,0,19,0,6,13,0
CCTCAACGTATCGGTT-1,5,12,0,0,29,0,-1,-1,-1,20,22,0,0,12,0,10,7,0,-1,-1,-1,0,19,0,6,13,0
TTCACCGGTGTTAGCT-1,5,12,0,31,29,0,-1,-1,-1,20,22,0,5,12,0,10,7,0,-1,-1,-1,0,19,0,6,13,0
I25,0,12,0,0,29,0,-1,-1,-1,22,22,0,0,12,0,10,7,0,-1,-1,-1,0,19,0,6,13,0
CGGGTCAGTAGCGAGT-1,0,12,0,17,29,0,-1,-1,-1,22,22,0,0,12,0,10,7,0,-1,-1,-1,0,19,0,6,13,0
TTGGGATCATTCTTCA-1,7,12,0,0,29,0,-1,-1,-1,22,22,0,0,12,0,10,7,0,-1,-1,-1,0,19,0,6,13,0
I26,0:0.05/7:0.95,0:0.05/8:0.95,0,0:0.12/-1:0.85/1:0.027/3:0.014/4:0.006/5:0.006/6:0.003/7:0.021/8:0.026/9:0.003/10:0.006/11:0.002/12:0.025/13:0.024/14:0.008/16:0.001/17:0.002/21:0.01/22:0.005/23:0.002/24:0.025/25:0.018/26:0.001/27:0.008/28:0.008/29:0.001/30:0.006/31:0.004,0:0.12/-1:0.85/1:0.028/2:0.003/3:0.027/4:0.014/5:0.012/6:0.006/7:0.006/8:0.008/11:0.01/12:0.003/14:0.002/15:0.023/16:0.001/17:0.007/19:0.003/20:0.025/22:0.009/24:0.027/25:0.003/26:0.001/27:0.011/29:0.015/30:0.003/33:0.001/36:0.018/37:0.011/38:0.003/40:0.018/42:0.004/43:0.002/44:0.005/45:0.001/46:0.008/47:0.008/48:0.006,0:0.12/-1:0.85/1:0.002/5:0.001/7:0.017,9,0:0.05/6:0.95,0,0,0,0,0,0,0,0,7,0,0:0.62/16:0.38,0:0.62/27:0.38,0,0,0,0,0:0.62/4:0.38,0:0.62/10:0.38,0
I27,7,8,0,-1,-1,-1,9,6,0,0,0,0,0,0,0,0,7,0,0:0.01/-1:0.98/16:0.01,0:0.01/-1:0.98/27:0.01,0:0.01/-1:0.98/2:0.001,0:0.01/3:0.99,7,0,0:0.01/-1:0.98/4:0.01,0:0.01/-1:0.98/10:0.01,0:0.01/-1:0.98/1:0.006
CCTCAACGTGTTGACT-1,7,8,0,-1,-1,-1,9,6,0,21,23,0,-1,-1,-1,0,7,0,-1,-1,-1,3,7,0,-1,-1,-1
AAGTTCGTCAGGAACG-1,7,8,0,-1,-1,-1,9,6,0,0,0,0,0,0,0,0,7,0,-1,-1,-1,3,7,0,-1,-1,-1
GGAGATGCAGCGAGTA-1,7,8,0,-1,-1,-1,9,6,0,26,28,0,23,13,0,23,7,0,16,27,0,0,24,4,4,10,0
((TCGGGCAAGTCCCGGT-1:18,(((GTACAGTGTGGTCAAG-1:8.675,AAAGGATGTTCCTACC-1:8.21)I33:7.256,((AGCGATTGTGAAGCGT-1:15,((ACGGAAGCATCTCCCA-1:7.101,(((GCATGATCAGCGAGTA-1:0.804,ACGCACGTCATCCTAT-1:6.221)I32:3.264,CTTCAATGTAAGGCCA-1:4.086)I31:3.997,(((CTTACCGTCTTCGGTC-1:4.296,TAGATCGAGGTGCTGA-1:4.296)I30:3.807,(CTCATTATCAAGCTGT-1:3,((((AACAGGGTCAATGTCG-1:3.055,CACTGAAGTATCGTGT-1:3.839)I29:1.161,(GACTCTCAGGCGAACT-1:5.438,(TGGGTTACAATTGCCA-1:2.123,ATCCATTAGCGGGTAT-1:3.123)I28:1.316)I27:0.562)I26:0,TACTTGTAGAAGGTAG-1:1)I25:0,AGATGCTAGACGAAGA-1:3)I24:0)I23:1.075)I22:2.972,TTGCATTGTACTCGAT-1:3.087)I21:2.996)I20:3.401)I19:2.219,TCGACCTCAGTCAGTT-1:16.046)I18:3.298)I17:0,(CAAGCTACACAGTCCG-1:1.618,(ATTCCATCAAAGGTTA-1:13.026,(AACGTCAGTTCGGCGT-1:7.407,((TGCACGGCAACACAGG-1:5.044,(CACAGATGTAACTTCG-1:4.044,GTAGGAGAGGATATAC-1:8.044)I16:0)I15:3.031,(TATTGGGTCAATCCGA-1:3.035,TACAACGAGCATTTGC-1:2.035)I14:1.049)I13:3.945)I12:1.524)I11:6.688)I10:0.382)I9:0)I8:1,(TGGTACAAGCCTAACT-1:17.239,(TCTCACGCATCCTCAC-1:10.634,((CAATTTCAGAGGGTGG-1:2.003,TAAGCGTCATGACTTG-1:3.003)I7:2.047,(TCAGGGCTCCTGTACC-1:7.167,GTTCCGTCACATTCGA-1:5.902)I6:1.148)I5:2.986)I4:5.422)I3:0.945)I2:0)I1:0)I0;
I0,0,0,0,0,0,0,0,0,0,0,0,0,0,0,0,0,0,0,0,0,0,0,0,0,0,0,0
I1,0,0,0,0,0,0,0,0,0,0,0,0,0,0,0,0,0,0,0,0,0,0,0,0,0,0,0
I2,0,0,0,0,0,0,0,0,0,0,0,0,0,0,0,0,0,0,0,0,0,0,0,0,0,0,0
I3,0,0,0,0,0,0,0:0.24/16:0.76,0,0,0,0,0,0,0,0,0,0,0,0,0:0.95/3:0.05,0,0,0,0,0,0:0.87/12:0.13,0
I4,0,17,0,0,0,0,0:0.01/16:0.99,0:0.02/11:0.98,0,0,0,0,0,0,0,0,0,0,0,0:0.61/3:0.39,0,16,17,0,0,12,0
I5,0,17,0,0,0,0,16,11,0,0,0,0,0,0,0,0,0,0,0:0.01/-1:0.98/1:0.001/2:0.009/3:0.003/5:0.002/6:0.009/7:0.006/8:0.003/9:0.002/11:0.002/12:0.005/13:0.002/16:0.001/17:0.008,0:0.01/-1:0.98/3:0.01,0:0.01/-1:0.98/2:0.001,16,17,0,0,12,0
I6,0,17,0,0:0.87/2:0.13,0:0.87/3:0.13,0,16,11,0,0,0,0,0,0,0,0,0:0.15/3:0.85,0,-1:0.99/1:0.001/2:0.009/3:0.003/5:0.002/6:0.009/7:0.006/8:0.003/9:0.002/11:0.002/12:0.005/13:0.002/16:0.001/17:0.008,-1:0.99/3:0.01,-1:0.99/2:0.001,16,17,0,0,12,0
GTTCCGTCACATTCGA-1,0,17,0,2,3,0,16,11,0,3,4,0,0,0,0,2,3,0,-1,-1,-1,16,17,0,3,12,0
TCAGGGCTCCTGTACC-1,0,17,0,-1,-1,-1,16,11,0,4,5,0,0,0,0,24,3,0,-1,-1,-1,16,17,0,13,12,0
I7,0,17,0,0,0,0,16,11,0,0,0,0,2,3,0,0,0,0,-1,-1,-1,16,17,0,0,12,0
TAAGCGTCATGACTTG-1,0,17,0,0,0,0,16,11,0,0,15,0,2,3,0,4,9,0,-1,-1,-1,16,17,0,0,12,0
CAATTTCAGAGGGTGG-1,0,17,0,0,25,0,16,11,0,0,12,0,2,3,0,0,0,0,-1,-1,-1,16,17,0,0,12,0
TCTCACGCATCCTCAC-1,0,17,0,-1,-1,-1,16,11,0,-1,-1,-1,27,35,0,28,31,0,0,3,0,16,17,0,0,12,0
TGGTACAAGCCTAACT-1,5,1,0,28,10,0,16,27,0,0,31,0,25,40,0,0,11,0,-1,-1,-1,3,32,0,-1,-1,-1
I8,0,0,0,0,0,0,0,0,0,0,0,0,0,0,0,0,0,0,0,0,0,0,0,0,0,3,0
I9,0,0,0,0,0,0,0,0,0,0,0,0,0,0,0,0,0,0,0,0,0,0,0,0,0,3,0
I10,0,0,0,0,0,0,0,0,0,0,0,0,0,0,0,0,0,0,0,0,0,0,0,0,0:0.62/2:0.38,3,0
I11,0:0.02/5:0.98,0:0.01/5:0.99,0,0,0,0,0,0:0.23/8:0.77,0,0,7,0,0,0,0,0,0,0,0,0:0.24/4:0.76,0,5,6,0,0:0.44/2:0.56,3,0
I12,5,5,0,0,0,0,0,8,0,0,7,0,0,0,0,0,6,0,0,0:0.02/4:0.98,0,5,6,0,0:0.38/2:0.62,3,0
I13,5,5,0,0,0,0,0:0.01/5:0.99,8,0,0,7,0,0,0,0,0,6,0,0,0:0.01/4:0.99,0,5,6,0,0:0.01/-1:0.98/2:0.01,-1:0.98/3:0.02,0:0.02/-1:0.98
I14,5,5,0,0,0,0,5,8,0,0,7,0,0,0,0,0:0.03/4:0.97,6,0,0,4,0,5,6,0,-1,-1,-1
TACAACGAGCATTTGC-1,5,5,0,0,0,0,5,8,0,0,7,0,26,34,0,4,6,0,0,4,0,5,6,0,-1,-1,-1
TATTGGGTCAATCCGA-1,5,5,0,4,6,0,5,8,0,0,7,0,0,8,0,4,6,0,0,4,0,5,6,0,-1,-1,-1
I15,5,5,0,0,0,0,5,8,0,0,7,0,0,0,0,0,6,0,0:0.01/-1:0.99,-1:0.99/4:0.01,0:0.01/-1:0.99,5,6,0,-1,-1,-1
I16,5,5,0,0,0,0,5,8,0,0,7,0,0,0,0,0,6,0,0:0.01/-1:0.99,-1:0.99/4:0.01,0:0.01/-1:0.99,5,6,0,-1,-1,-1
GTAGGAGAGGATATAC-1,5,5,0,1,41,8,-1,-1,-1,1,7,0,0,0,0,24,6,0,-1,-1,-1,5,6,0,-1,-1,-1
CACAGATGTAACTTCG-1,5,5,0,7,26,0,5,8,0,0,7,0,14,1,0,0,6,0,-1,-1,-1,5,6,0,-1,-1,-1
TGCACGGCAACACAGG-1,5,5,0,18,32,0,5,8,0,0,7,0,3,27,0,4,6,0,-1,-1,-1,5,6,0,-1,-1,-1
AACGTCAGTTCGGCGT-1,5,5,0,5,7,0,7,8,0,8,7,0,4,5,1,0,6,0,0,4,0,5,6,0,2,3,0
ATTCCATCAAAGGTTA-1,5,5,0,0,22,0,-1,-1,-1,1,7,0,0,8,0,0,4,0,-1,-1,-1,5,6,0,-1,-1,-1
CAAGCTACACAGTCCG-1,0,0,0,0,0,0,0,0,0,0,0,0,0,0,0,0,0,0,0,3,0,0,0,0,2,3,0
I17,0,0,0,0,0,0,0,0,0,0,0,0,0,0,0,0,0,0,0,0,0,0,0,0,0,3,0
I18,0,0,0,0,0,0,0,0:0.04/4:0.96,0,4,5,0,0,0,0,0,0,0,0,0:0.66/19:0.34,0,0,0,0,0,3,0
TCGACCTCAGTCAGTT-1,19,24,0,7,20,0,24,4,9,4,5,0,25,14,0,26,29,0,-1,-1,-1,1,30,0,2,3,0
I19,0,0:0.05/3:0.95,0,0,0,0,0,4,0,4,5,0,0,0,0,0,0:0.05/4:0.95,0,0,0:0.38/19:0.62,0,0,0,0,0,3,0
I20,0,3,0,0,0,0,3,4,0,4,5,0,0,0,0,3,4,0,0,0:0.06/19:0.94,0,0,0,0,0:0.02/2:0.98,3,0
I21,0,3,0,0,0,0,3,4,0,4,5,0,4,5,0:0.04/1:0.96,3,4,0,0,0:0.04/19:0.96,0,0,0,0,2,3,0
TTGCATTGTACTCGAT-1,3,3,0,0,24,0,3,4,0,4,5,0,4,5,1,3,4,0,0,19,0,0,36,0,2,3,0
I22,0,3,0,0,0,0,3,4,0,4,5,0,4,5,1,3,4,0,0:0.02/-1:0.98,-1:0.98/19:0.02,0:0.02/-1:0.98,0,0,0,2,3,0
I23,3,3,0,0,0,0,3,4,0,4,5,0,4,5,1,3,4,0,-1,-1,-1,0,0,0,2,3,0
I24,3,3,0,0,0,0,3,4,0,4,5,0,4,5,1,3,4,0,-1,-1,-1,0,0,0,2,3,0
AGATGCTAGACGAAGA-1,3,3,0,13,1,0,3,4,0,4,5,0,4,5,1,3,4,2,-1,-1,-1,0,0,0,2,3,0
I25,3,3,0,0,0,0,3,4,0,4,5,0,4,5,1,3,4,0,-1,-1,-1,0,0,0,2,3,0
TACTTGTAGAAGGTAG-1,3,3,0,0,0,0,3,4,0,4,5,3,4,5,1,3,4,0,-1,-1,-1,0,0,0,2,3,0
I26,3,3,0,0,0,0,3,4,0,4,5,0,4,5,1,3,4,0,-1,-1,-1,0,0,0,2,3,0
I27,3,3,0:0.44/2:0.56,0,0,0,3,4,0,4,5,0,4,5,1,3,4,0,-1,-1,-1,0,0,0,2,3,0
I28,3,3,0:0.09/2:0.91,0,0,0,3,4,0,4,5,0,4,5,1,3,4,0,-1,-1,-1,0,0:0.03/1:0.97,0,2,3,0
ATCCATTAGCGGGTAT-1,3,3,2,1,19,0,3,4,0,4,5,0,4,5,1,3,4,0,-1,-1,-1,12,1,0,2,3,0
TGGGTTACAATTGCCA-1,3,3,2,8,47,0,3,4,0,4,5,0,4,5,1,3,4,0,-1,-1,-1,0,1,0,2,3,0
GACTCTCAGGCGAACT-1,3,3,2,-1,-1,-1,3,4,7,4,5,0,4,5,1,3,4,0,-1,-1,-1,0,8,0,2,3,0
I29,3,3,0,0,0:0.78/16:0.22,0,3,4,0,4,5,0,4,5,1,3,4,0,-1,-1,-1,0,0:0.06/4:0.94,0,2,3,0
CACTGAAGTATCGTGT-1,3,3,0,0,16,0,3,4,3,4,5,0,4,5,1,3,4,0,-1,-1,-1,17,4,2,2,3,0
AACAGGGTCAATGTCG-1,3,3,0,-1,-1,-1,3,4,0,4,5,0,4,5,1,3,4,0,-1,-1,-1,0,4,0,2,3,0
CTCATTATCAAGCTGT-1,3,3,0,0,3,0,3,4,0,4,5,0,4,5,1,3,4,0,-1,-1,-1,21,20,0,2,3,0
I30,0,3,0,0,0,0,3,4,0:0.02/6:0.98,4,5,0,4,5,1,3,4,0,-1,-1,-1,0:0.08/-1:0.91/1:0.008/2:0.003/3:0.009/4:0.003/5:0.001/6:0.007/7:0.001/8:0.009/9:0.001/11:0.008/12:0.008/13:0.005/14:0.001/15:0.006/18:0.001/20:0.006/27:0.001,0:0.08/-1:0.91/1:0.009/2:0.003/3:0.009/4:0.009/5:0.008/6:0.001/7:0.008/8:0.003/9:0.001/11:0.005/12:0.001/14:0.003/15:0.001/16:0.006/18:0.001/19:0.001/21:0.001/23:0.002/24:0.006/26:0.005/27:0.005/30:0.004/32:0.002/33:0.003/34:0.003/35:0.001/36:0.001,0:0.08/-1:0.91/3:0.001/4:0.006,2,3,0
TAGATCGAGGTGCTGA-1,5,3,0,1,3,0,3,4,6,4,5,0,4,5,1,3,4,0,-1,-1,-1,-1,-1,-1,2,3,1
CTTACCGTCTTCGGTC-1,16,3,0,10,33,5,3,4,6,4,5,0,4,5,1,3,4,0,-1,-1,-1,-1,-1,-1,2,3,0
I31,0:0.02/9:0.98,3,0,0,0,0,3,4,2,4,5,0,0:0.03/3:0.97,14,0,3,4,0,0,0:0.03/19:0.97,0,0,0,0,2,3,0
CTTCAATGTAAGGCCA-1,9,3,0,20,34,0,3,4,2,4,5,0,3,14,0,3,4,0,0,19,0,4,1,0,2,3,0
I32,9,3,0,0,0,0,3,4,2,4,5,0,3,14,0,3,4,0,0:0.06/-1:0.93/1:0.001/2:0.009/3:0.003/5:0.002/6:0.009/7:0.006/8:0.003/9:0.002/11:0.002/12:0.005/13:0.002/16:0.001/17:0.008,-1:0.93/19:0.07,0:0.06/-1:0.93/2:0.001,0,0:0.58/27:0.42,0,2,3,0
ACGCACGTCATCCTAT-1,9,3,0,-1,-1,-1,3,4,2,4,5,0,3,14,0,3,4,0,-1,-1,-1,-1,-1,-1,2,3,0
GCATGATCAGCGAGTA-1,9,3,0,0,0,0,3,4,2,4,5,0,3,14,0,3,4,0,-1,-1,-1,0,27,0,2,3,0
ACGGAAGCATCTCCCA-1,0,3,0,9,12,0,0,4,0,4,5,0,0,15,0,6,4,0,-1,-1,-1,0,0,0,0,3,0
AGCGATTGTGAAGCGT-1,12,13,0,0,17,0,13,13,0,0,12,0,0,7,0,11,13,0,-1,-1,-1,11,7,0,3,3,0
I33,0:0.03/1:0.97,0:0.04/1:0.96,0,0,0:0.03/1:0.97,0,0,0,0,0,0,0,0,0:0.03/1:0.97,0,0,0,0,0:0.01/1:0.99,1,0,0:0.53/1:0.47,0:0.53/1:0.47,0,0:0.53/12:0.47,3,0
AAAGGATGTTCCTACC-1,1,1,0,0,1,1,0,1,0,1,1,0,0,1,0,0,0,0,1,1,0,1,1,0,-1,-1,-1
GTACAGTGTGGTCAAG-1,1,1,0,1,1,0,21,28,8,0,0,0,0,1,0,6,0,0,1,1,0,-1,-1,-1,12,3,0
TCGGGCAAGTCCCGGT-1,2,1,0,26,45,0,6,7,0,9,30,0,2,3,0,5,2,0,0,29,0,2,2,0,-1,-1,-1
((((CCCTCTCTCGAGTGAG-1:4.072,AGGATAATCCGCTGTT-1:3.072)I4:1.948,GAGTTGTCAGCCCAGT-1:1.02)I3:11.209,(AACCACAGTATGCTTG-1:10.091,ATTCCCGCAGGCGTTC-1:6.091)I2:1.144)I1:2.805)I0;
I0,0,0,0,0,0,0,0,0,0,0,0,0,0,0,0,0,0,0,0,0,0,0,0,0,0,0,0
I1,0,0,0,0,0,0,0,0,0,0,0,0,0,0,0,0,0,0,0:0.07/-1:0.92/1:0.001/2:0.009/3:0.003/5:0.002/6:0.009/7:0.006/8:0.003/9:0.002/11:0.002/12:0.005/13:0.002/16:0.001/17:0.008,0:0.07/-1:0.92/1:0.001/2:0.006/3:0.009/4:0.005/5:0.008/7:0.001/8:0.001/9:0.002/11:0.001/12:0.001/13:0.001/14:0.006/16:0.001/17:0.002/18:0.001/19:0.009/20:0.002/21:0.002/22:0.001/23:0.001/24:0.001/25:0.003/27:0.001/29:0.005/30:0.004/31:0.009/32:0.001,0:0.07/-1:0.92/2:0.001,0,0,0,0,0,0
I2,0,0,0,0,0,0,0,5,0,0,0,0,0,0,0,0,0,0,0:0.02/-1:0.97/1:0.001/2:0.009/3:0.003/5:0.002/6:0.009/7:0.006/8:0.003/9:0.002/11:0.002/12:0.005/13:0.002/16:0.001/17:0.008,0:0.02/-1:0.97/1:0.001/2:0.006/3:0.009/4:0.005/5:0.008/7:0.001/8:0.001/9:0.002/11:0.001/12:0.001/13:0.001/14:0.006/16:0.001/17:0.002/18:0.001/19:0.009/20:0.002/21:0.002/22:0.001/23:0.001/24:0.001/25:0.003/27:0.001/29:0.005/30:0.004/31:0.009/32:0.001,0:0.02/-1:0.97/2:0.001,0,0,0,0,0,0
ATTCCCGCAGGCGTTC-1,0,7,0,0,23,0,0,5,0,0,0,0,0,22,0,0,21,0,-1,-1,-1,0,7,0,0,6,0
AACCACAGTATGCTTG-1,0,4,0,0,4,0,4,5,0,5,6,0,0,6,0,4,5,0,-1,-1,-1,0,5,0,0,4,0
I3,5,1,0,13,18,0,0,0,0,3,15,0,0,10,0,0,0,0,-1,-1,-1,3,13,0,4,10,0
GAGTTGTCAGCCCAGT-1,5,1,0,13,18,0,0,0,0,3,15,0,0,10,0,0,25,0,-1,-1,-1,3,13,0,4,10,0
I4,5,1,0,13,18,0,0,0,0,3,15,0,0,10,0,0:0.04/6:0.96,0:0.03/9:0.97,0,-1,-1,-1,3,13,0,4,10,0
AGGATAATCCGCTGTT-1,5,1,0,13,18,0,10,1,0,3,15,0,11,10,0,6,9,0,-1,-1,-1,3,13,0,4,10,0
CCCTCTCTCGAGTGAG-1,5,1,0,13,18,0,18,22,5,3,15,2,0,10,0,6,9,0,-1,-1,-1,3,13,0,4,10,0
((((AAGGTAAAGTAGGAAG-1:2.014,GCATGATTCCATTTCA-1:2.014)I4:2.02,(AACAAGACAGGCATGA-1:8.011,GTCCACTCAATGTCTG-1:6.618)I3:2.416)I2:5.311,TGGGCGTCATGAGAAT-1:7.344)I1:5.706)I0;
I0,0,0,0,0,0,0,0,0,0,0,0,0,0,0,0,0,0,0,0,0,0,0,0,0,0,0,0
I1,0,0,0,0,0,0,0,0,0,0,0:0.03/4:0.97,0,0,0,0,0,0:0.03/3:0.97,0,0:0.07/-1:0.91/1:0.002/2:0.017/3:0.007/4:0.001/5:0.004/6:0.018/7:0.012/8:0.006/9:0.004/11:0.004/12:0.009/13:0.004/15:0.001/16:0.002/17:0.016,0:0.07/-1:0.91/1:0.002/2:0.012/3:0.018/4:0.01/5:0.017/6:0.001/7:0.001/8:0.003/9:0.004/10:0.001/11:0.002/12:0.002/13:0.002/14:0.012/16:0.002/17:0.004/18:0.003/19:0.018/20:0.004/21:0.004/22:0.003/23:0.002/24:0.002/25:0.006/26:0.001/27:0.002/28:0.001/29:0.01/30:0.008/31:0.018/32:0.002,0:0.07/-1:0.91/2:0.002,0,0:0.02/3:0.98,0,0,0,0
TGGGCGTCATGAGAAT-1,20,8,0,21,36,0,0,0,0,0,4,0,0,0,0,26,3,0,-1,-1,-1,0,3,0,5,7,0
I2,0,0,0,0,0:0.01/3:0.99,0,0,0,0,0:0.01/3:0.99,4,0,0,0,0,2,3,0,-1,-1,-1,0:0.01/3:0.99,3,0,0,0:0.01/2:0.99,0
I3,0:0.8/18:0.2,0:0.8/21:0.2,0,0,3,0,0,3,0:0.01/1:0.99,3,4,0,0,0,0,2,3,0,-1,-1,-1,3,3,0,0,2,0
GTCCACTCAATGTCTG-1,18,21,0,6,3,0,4,3,1,3,4,0,24,7,0,2,3,0,-1,-1,-1,3,3,0,3,2,0
AACAAGACAGGCATGA-1,-1,-1,-1,2,3,0,2,3,1,3,4,0,3,4,0,2,3,0,-1,-1,-1,3,3,0,2,2,0
I4,0,0,0,6,3,0,0,0,0,3,4,0,0,0,0,2,3,0,-1,-1,-1,3,3,0,0:0.01/3:0.99,2,0
GCATGATTCCATTTCA-1,17,12,0,6,3,0,0,0,0,3,4,0,0,0,0,2,3,0,-1,-1,-1,3,3,0,3,2,0
AAGGTAAAGTAGGAAG-1,6,6,0,6,3,0,0,0,0,3,4,0,0,0,0,2,3,0,-1,-1,-1,3,3,0,3,2,0
(((GATCATGGTCCCGGTA-1:11.069,GATAGCTGTTGGGCCT-1:7.069)I12:3.931,((((GTATTGGGTTGGCCGT-1:5.082,AGTCACATCATTTCGT-1:9.111)I11:7.915,TGTCCTGAGAGGTCAC-1:14.997)I10:0.004,(CCCTCTCGTAAGCAAT-1:3.263,GTGCTTCAGTTTCGAC-1:3.487)I9:15.289)I8:0,(((AGCGCTGCACCGTGGT-1:4.038,(TATGTTCTCATTGCGA-1:3,(CATCGGGCAGCGCTTG-1:2,CATCCACGTCTGCCTT-1:2)I7:0)I6:3.038)I5:1.985,TAATTCCCATGAGATA-1:7.024)I4:6.956,GATGGAGAGAGTCGAC-1:13)I3:0.02)I2:0)I1:3)I0;
I0,0,0,0,0,0,0,0,0,0,0,0,0,0,0,0,0,0,0,0,0,0,0,0,0,0,0,0
I1,0,0,0,0,0,0,0,0,0,0,0,0,0,0,0,0,0,0,0,0,0,0,0,0,-1,-1,-1
I2,0,0,0,0,0,0,0,0,0,0,0,0,0,0,0,0,0,0,0,0,0,0,0,0,-1,-1,-1
I3,0,0,0,0,0,0,0,0,0,0,0,0,0,0,0,0,0:0.98/14:0.02,0,0,0,0,0,0,0,-1,-1,-1
GATGGAGAGAGTCGAC-1,11,3,0,23,35,0,0,27,0,0,4,0,0,30,0,-1,-1,-1,0,2,0,23,25,0,-1,-1,-1
I4,0,14,0,0,0,0,0,0,0,0,0:0.01/13:0.99,0,10,18,0,0,0:0.01/14:0.99,0,0,12,0,0,11,0,-1,-1,-1
TAATTCCCATGAGATA-1,5,14,0,8,24,0,-1,-1,-1,1,13,0,10,18,0,0,14,0,0,12,0,0,11,0,-1,-1,-1
I5,0,14,0,0,0,0,0,0,0,13,13,0,10,18,0,0:0.04/4:0.96,14,0,0,12,0,0,11,0,-1,-1,-1
I6,0,14,0,0,0,0,17,20,4,13,13,0,10,18,0,4,14,0,0,12,0,0,11,0,-1,-1,-1
I7,0,14,0,0,0,0,17,20,4,13,13,0,10,18,0,4,14,0,0,12,0,0,11,0,-1,-1,-1
CATCCACGTCTGCCTT-1,14,14,0,0,28,0,17,20,4,13,13,0,10,18,0,4,14,0,0,12,0,0,11,0,-1,-1,-1
CATCGGGCAGCGCTTG-1,0,14,0,0,0,0,17,20,4,13,13,0,10,18,0,4,14,0,10,12,0,19,11,0,-1,-1,-1
TATGTTCTCATTGCGA-1,9,14,0,0,43,0,17,20,4,13,13,0,10,18,0,4,14,0,0,12,0,3,11,0,-1,-1,-1
AGCGCTGCACCGTGGT-1,9,14,0,0,1,0,0,6,0,13,13,0,10,18,0,4,14,0,0,12,0,3,11,0,-1,-1,-1
I8,0,0,0,0,0,0,0,0,0,0,0,0,0,0,0,0,0,0,0,0,0,0,0,0,-1,-1,-1
I9,1,18,4,0:0.01/1:0.99,20,0,0:0.01/4:0.99,21,0,18,21,0,0:0.22/25:0.78,0:0.22/8:0.78,0,0,0:0.22/23:0.78,0,12,0:0.01/3:0.99,0,0:0.01/3:0.99,3,0,-1,-1,-1
GTGCTTCAGTTTCGAC-1,1,18,4,1,20,0,4,21,0,18,21,0,25,8,0,-1,-1,-1,12,3,0,3,3,0,-1,-1,-1
CCCTCTCGTAAGCAAT-1,1,18,4,1,20,0,4,21,0,18,21,0,-1,-1,-1,0,23,0,12,3,0,3,3,0,-1,-1,-1
I10,0,0,0,0,0,0,0,0,0,0,0,0,0,0,0,0,0,0,0,0,0,0,0,0,-1,-1,-1
TGTCCTGAGAGGTCAC-1,0,12,0,4,6,0,0,7,0,7,6,0,-1,-1,-1,29,32,0,7,14,0,11,34,0,-1,-1,-1
I11,0,0:0.03/1:0.97,0,0:0.49/3:0.51,0:0.49/5:0.51,0,0,16,0,0:0.04/8:0.96,0:0.03/6:0.97,0,0:0.49/5:0.51,0:0.49/7:0.51,0,0,0,0,0,15,0,0,0:0.01/14:0.99,0,-1,-1,-1
AGTCACATCATTTCGT-1,0,1,0,-1,-1,-1,0,16,0,8,6,0,-1,-1,-1,14,1,0,8,15,0,0,14,0,-1,-1,-1
GTATTGGGTTGGCCGT-1,0,1,0,3,5,0,0,16,0,8,6,0,5,7,0,13,4,0,0,15,0,6,14,0,-1,-1,-1
I12,0,0:0.03/5:0.97,0,0,0:0.03/4:0.97,0,0,0,0,0,26,0,0,0,0,0,0,0,0,0,0,0,22,0,-1,-1,-1
GATAGCTGTTGGGCCT-1,0,5,0,21,4,0,19,25,0,24,26,0,0,0,0,0,19,0,0,3,0,1,22,0,-1,-1,-1
GATCATGGTCCCGGTA-1,3,5,0,22,4,0,2,26,0,7,26,0,20,29,0,20,6,0,0,5,0,12,22,0,-1,-1,-1
(((CTAAGTGAGCTCACTA-1:5.755,TCCCAGTTCCCGAACG-1:6.044)I3:3.117,(AGGCATTCACTTTATC-1:2.164,TTTCAGTCACTGCGAC-1:5.164)I2:6.905)I1:6.128)I0;
I0,0,0,0,0,0,0,0,0,0,0,0,0,0,0,0,0,0,0,0,0,0,0,0,0,0,0,0
I1,0,0:0.01/7:0.99,0,0:0.34/18:0.66,0:0.34/32:0.66,0,0,0:0.02/6:0.98,0,0,0,0,0,0,0,0,0,0,0,13,0,0,0:0.01/4:0.99,0,0:0.58/7:0.42,0:0.58/14:0.42,0
I2,0,7,0,0:0.01/-1:0.97/18:0.02,0:0.01/-1:0.97/32:0.02,0:0.02/-1:0.97/1:0.001/7:0.006,0,6,0,0,0,0,0,0,0,0,15,0,0,13,0,0,4,0,0:0.01/-1:0.97/7:0.02,0:0.01/-1:0.97/14:0.02,0:0.02/-1:0.97/1:0.006
TTTCAGTCACTGCGAC-1,9,7,0,-1,-1,-1,16,6,0,25,32,0,0,0,0,0,15,0,0,13,0,27,4,0,-1,-1,-1
AGGCATTCACTTTATC-1,0,7,0,-1,-1,-1,0,6,0,0,0,0,0,19,0,0,15,0,0,13,0,3,4,0,-1,-1,-1
I3,0,7,0,18,32,0,0,6,0,0,0,0,0,0:0.02/27:0.98,0,0,0:0.03/14:0.97,0,0,13,0,0,4,0,0:0.36/7:0.64,0:0.36/14:0.64,0
TCCCAGTTCCCGAACG-1,3,7,0,18,32,0,18,6,0,0,0,0,0,27,0,25,14,0,0,13,0,0,4,0,-1,-1,-1
CTAAGTGAGCTCACTA-1,11,7,0,18,32,0,5,6,0,8,2,0,0,27,0,6,14,0,0,13,0,0,4,0,7,14,0
((((AGAACCTTCAATCAGC-1:8.43,ACGGTCGCATCCGAAT-1:3.964)I15:5.098,((TGGGCTGGTTAACCTG-1:6.988,((TCTTGCGAGAAATGGG-1:3.004,TGACAGTAGAGGACTC-1:2.004)I14:0.001,(TTCAATCGTACACTCA-1:5.148,TCCTTTCAGAGGTTTA-1:4.852)I13:1.152)I12:2.997)I11:0.014,CAGGCCAGTCGGATTT-1:9.001)I10:0.003)I9:10.996,((TTTCCTCGTAACATGA-1:6,(CTCATTAGTGAGCCAA-1:5.953,GAGTTACCACCCAATA-1:9.206)I8:1.047)I7:0,((TGTCCACTCAGAATAG-1:4.98,(ATCGTAGCACGGTAGA-1:5.529,TCTCCGAGTCGAGCAA-1:3.923)I6:3.917)I5:0.033,(ATGGATCAGCGGGTTA-1:6.203,ATGAAAGGTTCTTAGG-1:11.335)I4:0.809)I3:2.989)I2:7.999)I1:0)I0;
I0,0,0,0,0,0,0,0,0,0,0,0,0,0,0,0,0,0,0,0,0,0,0,0,0,0,0,0
I1,0,0,0,0,0,0,0,0,0,0,0,0,0,0,0,0,0,0,0,0,0,0,0,0,0,0,0
I2,0,0,0,15,20,0,0,0,0,0,18,0,7,11,2,0,0,0,0,16,0,0,7,0,0,0,0
I3,0,0,0,15,20,0,0,0,0,0,18,0,7,11,2,0,0,0,0,16,0,0,7,0,-1,-1,-1
I4,0,0,0,15,20,0,0:0.93/2:0.07,0:0.93/18:0.07,0,0,18,0,7,11,2,0,0,0,0,16,0,0:0.33/8:0.67,7,0,-1,-1,-1
ATGAAAGGTTCTTAGG-1,3,1,0,15,20,0,-1,-1,-1,1,18,0,7,11,2,4,9,0,-1,-1,-1,8,7,0,-1,-1,-1
ATGGATCAGCGGGTTA-1,13,16,0,15,20,0,2,18,0,0,18,0,7,11,2,0,20,3,0,16,0,8,7,0,-1,-1,-1
I5,0:0.99/16:0.01,0:0.99/25:0.01,0,15,20,0,0,0,0,0,18,0,7,11,2,0,0,0,0,16,0,0,7,0,-1,-1,-1
I6,0:0.09/-1:0.89/16:0.02,0:0.09/-1:0.89/25:0.02,0:0.09/-1:0.89/1:0.002/2:0.011/4:0.001,15,20,0,0,0:0.61/17:0.39,0,0,18,0,7,11,2,0:0.61/17:0.39,0:0.61/18:0.39,0,0,16,0,0,7,0,-1,-1,-1
TCTCCGAGTCGAGCAA-1,-1,-1,-1,15,20,0,0,17,0,0,18,0,7,11,2,-1,-1,-1,0,16,0,0,7,0,-1,-1,-1
ATCGTAGCACGGTAGA-1,-1,-1,-1,15,20,0,-1,-1,-1,16,18,0,7,11,2,17,18,0,0,16,0,0,7,0,-1,-1,-1
TGTCCACTCAGAATAG-1,16,25,0,15,20,0,26,33,0,3,18,0,7,11,2,0,0,0,0,16,0,0,7,0,-1,-1,-1
I7,0,0,0,15,20,0,0,0,0,0,18,0,7,11,2,0,0,0,0,16,0,0,7,0,0,0,0
I8,0,0,0,15,20,0,0,0,0,0,18,0,7,11,2,0:0.87/19:0.13,0:0.87/24:0.13,0,0,16,0,0:0.21/8:0.79,7,0,0,0,0
GAGTTACCACCCAATA-1,0,8,0,15,20,0,1,23,0,0,18,0,7,11,2,-1,-1,-1,-1,-1,-1,8,7,0,0,0,0
CTCATTAGTGAGCCAA-1,15,19,0,15,20,0,0,0,0,0,18,0,7,11,2,19,24,0,0,16,0,8,7,0,2,3,0
TTTCCTCGTAACATGA-1,0,27,0,15,20,0,5,35,0,0,18,0,7,11,2,24,1,0,0,16,0,0,7,0,0,24,0
I9,0,8,0,10,13,3,0,0,0,10,9,0,0,0,0,0,0,0,0,0,0,9,9,0,-1,-1,-1
I10,0,8,0,10,13,3,0,0,0,10,9,0,0,0,0,0,0,0,0,0,0,9,9,0,-1,-1,-1
CAGGCCAGTCGGATTT-1,-1,-1,-1,10,13,3,0,19,0,10,9,0,0,8,0,6,22,0,6,19,0,9,9,0,-1,-1,-1
I11,0,8,0,10,13,3,0,0,0,10,9,0,0,0,0,0,0,0,0,0:0.99/31:0.01,0,9,9,0,-1,-1,-1
I12,0,8,0,10,13,3,0,0,0,10,9,0,0,0,0,0,0,0,-1,-1,-1,9,9,0,-1,-1,-1
I13,0,8,0,10,13,3,0,0,0,10,9,0,0:0.15/5:0.85,0,0,0:0.85/4:0.15,0:0.85/1:0.15,0,-1,-1,-1,9,9,0,-1,-1,-1
TCCTTTCAGAGGTTTA-1,0,8,0,10,13,3,23,30,0,10,9,0,5,37,0,4,1,0,-1,-1,-1,9,9,0,-1,-1,-1
TTCAATCGTACACTCA-1,0,8,0,10,13,3,0,23,0,10,9,0,5,31,0,-1,-1,-1,-1,-1,-1,9,9,0,-1,-1,-1
I14,0,8,0,10,13,3,0,0,0,10,9,0,0,0,0,0,0,0,-1,-1,-1,9,9,0,-1,-1,-1
TGACAGTAGAGGACTC-1,0,8,0,10,13,3,0,31,0,10,9,0,0,0,0,0,11,0,-1,-1,-1,9,9,0,-1,-1,-1
TCTTGCGAGAAATGGG-1,0,8,0,10,13,3,25,4,0,10,9,0,0,12,0,0,0,0,-1,-1,-1,9,9,0,-1,-1,-1
TGGGCTGGTTAACCTG-1,0,8,0,10,13,3,2,4,0,10,9,0,30,39,0,10,25,0,0,31,0,9,9,0,-1,-1,-1
I15,0:0.01/10:0.99,8,0,10,13,3,0:0.63/11:0.37,0:0.63/11:0.37,0,10,9,0,0,0,0,0:0.12/-1:0.86/1:0.007/2:0.001/3:0.001/4:0.018/5:0.001/6:0.017/8:0.003/10:0.016/13:0.003/14:0.014/16:0.001/18:0.005/21:0.009/22:0.001/24:0.017/26:0.016/28:0.001/29:0.001/30:0.001,0:0.12/-1:0.86/1:0.018/3:0.018/4:0.018/5:0.002/7:0.006/8:0.001/9:0.017/10:0.003/11:0.015/12:0.01/13:0.008/14:0.01/15:0.008/16:0.001/19:0.008/21:0.005/23:0.003/24:0.011/25:0.002/26:0.002/27:0.001/28:0.001/29:0.001/31:0.001/32:0.001,0:0.12/-1:0.86/2:0.011,0,0:0.63/8:0.37,0:0.63/1:0.37,9,9,0,-1,-1,-1
ACGGTCGCATCCGAAT-1,10,8,0,10,13,3,11,11,0,10,9,0,8,0,0,-1,-1,-1,0,8,1,9,9,0,-1,-1,-1
AGAACCTTCAATCAGC-1,10,8,0,10,13,3,-1,-1,-1,10,9,0,9,6,0,-1,-1,-1,-1,-1,-1,9,9,0,-1,-1,-1
((AACCTTTCATGGGTTT-1:9.001,(AAGGTAACATCGAGCC-1:3.007,(TGTACAGGTCAAATCC-1:0.974,(GTGTTCCCACTAACCA-1:1,(CTATCTATCGAGTCTA-1:1,AGTAACCAGCTTGTTG-1:0)I4:0)I3:3.003)I2:2.033)I1:0)4:10.993)I0;
I0,0,0,0,0,0,0,0,0,0,0,0,0,0,0,0,0,0,0,0,0,0,0,0,0,0,0,0
4,4,0,0,3,5,0,0,6,0,6,4,0,5,7,0,0,4,0,0,0,0,0,4,0,0,0:0.01/1:0.99,0
I1,4,0,0,3,5,0,0,6,0,6,4,0,5,7,0,0,4,0,0,0,0,0,4,0,0,0:0.01/1:0.99,0
I2,4,0,0,3,5,0,0,6,0,6,4,0,5,7,0,13,4,0,0:0.49/6:0.51,0:0.49/32:0.51,0,0,4,0,0,1,0
I3,4,0,0,3,5,0,0,6,0,6,4,0,5,7,0,13,4,0,-1,-1,-1,0,4,0,0,1,0
I4,4,0,0,3,5,0,0,6,0,6,4,0,5,7,0,13,4,0,-1,-1,-1,0,4,0,0,1,0
AGTAACCAGCTTGTTG-1,4,0,0,3,5,0,0,6,0,6,4,0,5,7,0,13,4,0,-1,-1,-1,0,4,0,0,1,0
CTATCTATCGAGTCTA-1,4,0,0,3,5,0,0,6,0,6,4,0,5,7,0,13,4,0,-1,-1,-1,3,4,0,0,1,0
GTGTTCCCACTAACCA-1,4,0,0,3,5,0,9,6,0,6,4,0,5,7,0,13,4,0,-1,-1,-1,0,4,0,0,1,0
TGTACAGGTCAAATCC-1,4,0,0,3,5,0,0,6,0,6,4,0,5,7,0,13,4,0,6,32,0,0,4,0,0,1,0
AAGGTAACATCGAGCC-1,4,0,0,3,5,0,8,6,0,6,4,0,5,7,0,0,4,0,3,0,0,6,4,0,0,1,0
AACCTTTCATGGGTTT-1,4,0,1,3,5,0,5,6,0,6,4,0,5,7,0,0,4,0,-1,-1,-1,4,4,0,-1,-1,-1
(((((CGTCAAAGTCTGTGTA-1:5.001,(GCAACATTCCCTCGAT-1:4.001,TAAGTCGCATAACCCA-1:6.001)I14:0)I13:3.024,(TAGGGTTCAGGTTTAC-1:6.228,GTCGAATTCTCATGCC-1:3.228)I12:3.832)I11:3.105,TTACAGGTCTCCGCAT-1:14.13)I10:0.889,(((TCATTGTTCTGGGATT-1:4.057,TAGGTACCAGTAGGAC-1:0.413)I9:4.61,AAAGTGATCCGGGACT-1:1.246)I8:1.758,(((TTCTCTCTCAGACTGT-1:1.012,TCGGTCTGTCTCAGGC-1:3.012)I7:1.026,(AGAGCAGTCATAAGGA-1:6.079,TTAGTCTGTTGGCCGT-1:2.414)I6:1.624)I5:3.016,(ACTGTGACAGGCGATA-1:4.088,(GGCGTCATCGAAGGAC-1:2.903,TGAGGAGGTGTACATC-1:5.102)I4:1.186)I3:2.971)I2:1.955)1:7.014)I1:0.982)I0;
I0,0,0,0,0,0,0,0,0,0,0,0,0,0,0,0,0,0,0,0,0,0,0,0,0,0,0,0
I1,0,0,0,0,0,0,0,0,0,0,0,0,0,0,0,0,0,0,0,0,0,0,0:0.02/1:0.98,0,0,0,0
1,0,2,0,0,0,0,1,2,0,0,2,0,1,2,0,0,1,0,0,0,0,0,1,0,0,0,0
I2,0,2,0,0,0,0,1,2,0,0,2,0,1,2,0,0:0.03/6:0.97,1,0,0,0,0,0:0.02/3:0.98,1,0,0,0,0
I3,0,2,0,0,0,0,1,2,0,0,2,0,1,2,0,6,1,0,0:0.03/-1:0.97,0:0.03/-1:0.97,0:0.03/-1:0.97,3,1,0,0,0,0
I4,0:0.09/3:0.91,2,0,0,0,0,1,2,0,0,2,0,1,2,0,6,1,0,-1:0.99/1:0.001/2:0.009/3:0.003/5:0.002/6:0.009/7:0.006/8:0.003/9:0.002/11:0.002/12:0.005/13:0.002/16:0.001/17:0.008,-1:0.99/1:0.001/2:0.006/3:0.009/4:0.005/5:0.008/7:0.001/8:0.001/9:0.002/11:0.001/12:0.001/13:0.001/14:0.006/16:0.001/17:0.002/18:0.001/19:0.009/20:0.002/21:0.002/22:0.001/23:0.001/24:0.001/25:0.003/27:0.001/29:0.005/30:0.004/31:0.009/32:0.001,-1:0.99/2:0.001,3,1,0,0,0:0.8/19:0.2,0
TGAGGAGGTGTACATC-1,3,2,0,27,46,0,1,2,0,0,2,0,1,2,0,6,1,0,-1,-1,-1,3,1,0,-1,-1,-1
GGCGTCATCGAAGGAC-1,3,2,0,0,39,6,1,2,0,0,2,0,1,2,0,6,1,0,-1,-1,-1,3,1,0,0,19,0
ACTGTGACAGGCGATA-1,0,2,0,12,14,0,1,2,0,8,2,0,1,2,0,6,1,0,-1,-1,-1,3,1,0,0,6,0
I5,0,2,0,0,0,0,1,2,0,0,2,0,1,2,0,6,1,0,0,0,0,3,1,0,0:0.01/-1:0.99,0:0.01/-1:0.99,0:0.01/-1:0.99
I6,0:0.07/3:0.93,2,0,0,0:0.78/3:0.22,0,1,2,0,0,2,0,1,2,0,6,1,0,0:0.78/2:0.22,0:0.78/2:0.22,0,3,1,0,-1,-1,-1
TTAGTCTGTTGGCCGT-1,3,2,0,0,3,0,1,2,0,0,2,0,1,2,0,6,1,0,2,2,0,3,1,0,-1,-1,-1
AGAGCAGTCATAAGGA-1,3,2,0,-1,-1,-1,1,2,0,0,2,0,1,2,0,6,1,0,-1,-1,-1,3,1,0,-1,-1,-1
I7,0,2,0,0,0,0,1,2,0,0,2,0,1,2,0,6,1,0,0,0:0.01/30:0.99,0,3,1,0,-1,-1,-1
TCGGTCTGTCTCAGGC-1,0,2,0,-1,-1,-1,1,2,0,0,2,0,1,2,0,6,1,0,0,30,0,3,1,0,-1,-1,-1
TTCTCTCTCAGACTGT-1,0,2,0,0,0,0,1,2,0,8,2,0,1,2,0,6,1,0,0,30,0,3,1,0,-1,-1,-1
I8,0,2,0,0,0,0,1,2,0,0,2,0,1,2,0,0,1,0,0,0:0.02/2:0.98,0,0,1,0,0:0.61/1:0.39,0:0.61/1:0.39,0
AAAGTGATCCGGGACT-1,0,2,0,0,0,0,1,2,0,0,2,0,1,2,0,0,1,0,0,2,0,0,1,0,1,1,0
I9,0,2,0,0,0:0.36/1:0.64,0,1,2,0,0,2,0,1,2,0,0:0.01/10:0.99,1,0,0,2,0,0,1,0,0:0.01/-1:0.98/1:0.01,0:0.01/-1:0.98/1:0.01,0:0.01/-1:0.98/1:0.006
TAGGTACCAGTAGGAC-1,0,2,0,0,1,0,1,2,0,0,2,0,1,2,0,10,1,0,0,2,0,0,1,0,-1,-1,-1
TCATTGTTCTGGGATT-1,0,2,0,-1,-1,-1,1,2,0,0,2,0,1,2,0,10,1,0,0,2,0,8,1,0,-1,-1,-1
I10,0,0,0,0,0,0,0,0,0,0,0,0,0,0,0,0,0:0.13/11:0.87,0,0,0,0,0,1,0,0,0,0
TTACAGGTCTCCGCAT-1,0,26,0,30,48,0,27,34,0,12,11,0,10,18,0,9,11,0,-1,-1,-1,0,1,0,0,8,0
I11,0,0,0,0,31,0,0,0,0,0,0:0.01/24:0.99,0,0,0,0,0:0.02/10:0.98,11,0,0,0,0,0,1,0,0,0,0
I12,0,0,0,0,31,0,0,0:0.02/23:0.98,0,0,24,0,0,0,0,10,11,0,0,0,0,0,1,0,0:0.06/-1:0.93/1:0.006/2:0.008/3:0.009/4:0.009/5:0.006/6:0.001/7:0.002/8:0.003/10:0.003/11:0.001/13:0.007,0:0.06/-1:0.93/1:0.009/2:0.008/3:0.004/4:0.001/5:0.003/6:0.004/7:0.006/10:0.009/11:0.009/13:0.001/14:0.002/15:0.003/16:0.003/17:0.002/18:0.001/19:0.008/20:0.001/21:0.005/22:0.003/23:0.001/24:0.005,0:0.06/-1:0.93/1:0.006
GTCGAATTCTCATGCC-1,3,3,2,0,31,0,0,23,0,0,24,0,0,0,0,10,11,0,0,0,0,0,1,0,-1,-1,-1
TAGGGTTCAGGTTTAC-1,0,23,0,0,31,0,0,23,0,5,24,0,0,0,0,10,11,2,17,2,0,8,1,0,-1,-1,-1
I13,0,0,0,0,31,0,0,0,0,1,24,0,0,0,0,10,11,0,13,21,0,0,1,0,0,0,0
I14,0,0,0,0,31,0,0,0,0,1,24,0,0,0,0,10,11,0,13,21,0,0,1,0,0,0,0
TAAGTCGCATAACCCA-1,0,22,0,0,31,0,0,23,0,1,24,0,0,0,0,10,11,0,13,21,0,8,1,0,-1,-1,-1
GCAACATTCCCTCGAT-1,0,12,0,0,31,0,0,4,0,1,24,0,0,0,0,10,11,0,13,21,0,0,1,0,4,5,0
CGTCAAAGTCTGTGTA-1,-1,-1,-1,0,31,0,0,24,0,1,24,0,0,0,0,10,11,0,13,21,0,0,1,0,0,10,0
(((TCCTCCCTCACTTCTA-1:8.254,AGACAAACAGTTGTTG-1:1.888)I2:9.14,GAAGGACGTAACTAAG-1:17.97)I1:4.465)I0;
I0,0,0,0,0,0,0,0,0,0,0,0,0,0,0,0,0,0,0,0,0,0,0,0,0,0,0,0
I1,0:0.83/3:0.17,0:0.83/1:0.17,0,0:0.33/-1:0.63/1:0.036/3:0.018/4:0.008/5:0.007/6:0.004/7:0.028/8:0.034/9:0.004/10:0.008/11:0.002/12:0.034/13:0.032/14:0.01/16:0.002/17:0.003/21:0.014/22:0.007/23:0.002/24:0.033/25:0.025/26:0.002/27:0.01/28:0.011/29:0.001/30:0.008/31:0.005,0:0.33/-1:0.63/1:0.037/2:0.004/3:0.035/4:0.019/5:0.016/6:0.008/7:0.007/8:0.011/10:0.001/11:0.013/12:0.004/14:0.003/15:0.03/16:0.002/17:0.009/19:0.004/20:0.033/22:0.012/24:0.035/25:0.005/26:0.001/27:0.015/29:0.02/30:0.004/33:0.001/35:0.001/36:0.025/37:0.015/38:0.004/40:0.025/42:0.005/43:0.003/44:0.006/45:0.002/46:0.01/47:0.011/48:0.008,0:0.33/-1:0.63/1:0.002/5:0.001/7:0.023,0,0,0,0:0.11/12:0.89,0:0.1/11:0.9,0,0,0,0,0,0,0,0:0.83/6:0.17,0:0.83/11:0.17,0,0,0,0,0,0,0
GAAGGACGTAACTAAG-1,3,1,0,-1,-1,-1,-1,-1,-1,12,11,0,19,0,4,6,9,0,-1,-1,-1,6,21,4,8,15,0
I2,0:0.03/-1:0.95/3:0.02,0:0.03/-1:0.95/1:0.02,0:0.04/-1:0.95/1:0.001/2:0.006,0:0.01/-1:0.98/1:0.009/3:0.005/4:0.002/5:0.002/6:0.001/7:0.007/8:0.009/9:0.001/10:0.002/11:0.001/12:0.008/13:0.008/14:0.003/17:0.001/21:0.003/22:0.002/23:0.001/24:0.008/25:0.006/27:0.003/28:0.003/30:0.002/31:0.001,0:0.01/-1:0.98/1:0.009/2:0.001/3:0.009/4:0.005/5:0.004/6:0.002/7:0.002/8:0.003/11:0.003/12:0.001/14:0.001/15:0.008/17:0.002/19:0.001/20:0.008/22:0.003/24:0.009/25:0.001/27:0.004/29:0.005/30:0.001/36:0.006/37:0.004/38:0.001/40:0.006/42:0.001/43:0.001/44:0.002/46:0.003/47:0.003/48:0.002,0:0.01/-1:0.98/1:0.001/7:0.006,0,0,0,12,11,0,0,0,0,9,0:0.01/11:0.99,0,0:0.32/6:0.68,0:0.32/11:0.68,0,0,0:0.01/1:0.99,0,0,8,0
AGACAAACAGTTGTTG-1,-1,-1,-1,-1,-1,-1,0,0,0,12,11,0,0,17,0,9,11,0,6,11,0,0,1,0,0,8,0
TCCTCCCTCACTTCTA-1,-1,-1,-1,-1,-1,-1,-1,-1,-1,12,11,0,1,2,0,9,11,0,-1,-1,-1,0,1,0,0,8,0
(((((((GTCAAGTCACCAGTAT-1:0,((TACCCGTGTTGTATGC-1:0,TGATGGTTCTTAGCTT-1:0)I27:0,GATCAGTTCCGGTAAT-1:0)I26:0)I25:3.012,(GTACAACGTTGCGGAA-1:1,TTTGGAGTCTTACGGA-1:0)I24:0.011)I23:3.062,GGAATCTGTGGAGGTT-1:1.072)I22:2.974,ACCTGAAAGGAATCGC-1:6.034)I21:6.141,(GCGGATCTCGCTGTTC-1:4.025,GATTTCTCACCGGAAA-1:2.227)I20:10.948)I19:0.825,(((CTACTATCAGAATGTA-1:3.961,(AACGAAACACGACAAG-1:4,(((GTAATCGCAACGGTAG-1:4.987,GCACATAGTTTAGAGA-1:4.987)I18:0.013,TCACTATCACTTGTGA-1:4)I17:0,(ATTCATCGTAGCTTAC-1:2,ACAGGGATCCATGCAA-1:1)I16:0)I15:0)I14:3.22)I13:3.075,GTTACGACACTCCCTA-1:4.95)I12:11.05,((GCCAGGTAGATCCCGC-1:2.379,CACCAAACATCCGAAT-1:3.037)I11:15.818,(ACTTTCAAGTTGGCGA-1:16.074,(((CTCTCAGGTGAGTGAC-1:0,(GCGAGAAGTTTACCAG-1:0,TCTCAGCAGTTGCTGT-1:0)I10:0)I9:3.017,TACGTCCCATTCAGGT-1:0.255)I8:15.824,(ATGCCTCCAGCGTAGA-1:11.069,(TCATGCCCACAATGCT-1:0.119,AACAAGACACCGCTAG-1:3.006)I7:14.95)I6:0.005)I5:0)I4:3.116)I3:0.814)I2:0)I1:0)I0;
I0,0,0,0,0,0,0,0,0,0,0,0,0,0,0,0,0,0,0,0,0,0,0,0,0,0,0,0
I1,0,0,0,0,0,0,0,0,0,0,0,0,0,0,0,0,0,0,0,0,0,0,0,0,0,0,0
I2,0,0,0,0,0,0,0,0,0,0,0,0,0,0,0,0,0,0,0,0,0,0,0,0,0,0,0
I3,0,0,0,0:0.19/1:0.81,0,0,0,0,0,0,0,0,0,0,0,0,0,0,0,0,0,0,0,0,0,0,0
I4,0,0,0,1,0,0,0,0,0,0,0,0,0,0,0,0,0,0,0,0,0,0,0,0,0:0.02/-1:0.98,0:0.02/-1:0.98,0:0.02/-1:0.98
I5,0,0,0,1,0,0,0,0,0,0,0,0,0,0,0,0,0,0,0,0,0,0,0,0,0:0.02/-1:0.98,0:0.02/-1:0.98,0:0.02/-1:0.98
I6,0,0,0,1,0,0,0,0,0,0,0,0,0,0,0,0,0,0,0,0,0,0,0,0,0:0.02/-1:0.98,0:0.02/-1:0.98,0:0.02/-1:0.98
I7,2,1,0,1,2,2,0,0:0.11/7:0.89,0,2,3,0,2,3,0,1,2,0,2,3,0,2,2,0,-1,-1,-1
AACAAGACACCGCTAG-1,2,1,0,1,2,2,-1,-1,-1,2,3,0,2,3,0,1,2,0,2,3,0,2,2,0,-1,-1,-1
TCATGCCCACAATGCT-1,2,1,0,1,2,2,0,7,0,2,3,0,2,3,0,1,2,0,2,3,0,2,2,0,-1,-1,-1
ATGCCTCCAGCGTAGA-1,0,7,0,1,21,4,0,0,0,0,19,0,13,21,0,0,19,0,9,17,0,14,15,0,-1,-1,-1
I8,2,1,0,1,0:0.12/2:0.88,0:0.12/2:0.88,0,7,0,2,3,0,2,3,0,1,2,0,-1,-1,-1,2,2,0,-1,-1,-1
TACGTCCCATTCAGGT-1,2,1,0,1,2,2,0,7,0,2,3,0,2,3,0,1,2,0,-1,-1,-1,2,2,0,-1,-1,-1
I9,2,1,0,-1,-1,-1,0,7,0,2,3,0,2,3,0,1,2,0,-1,-1,-1,2,2,0,-1,-1,-1
I10,2,1,0,-1,-1,-1,0,7,0,2,3,0,2,3,0,1,2,0,-1,-1,-1,2,2,0,-1,-1,-1
TCTCAGCAGTTGCTGT-1,2,1,0,-1,-1,-1,0,7,0,2,3,0,2,3,0,1,2,0,-1,-1,-1,2,2,0,-1,-1,-1
GCGAGAAGTTTACCAG-1,2,1,0,-1,-1,-1,0,7,0,2,3,0,2,3,0,1,2,0,-1,-1,-1,2,2,0,-1,-1,-1
CTCTCAGGTGAGTGAC-1,2,1,0,-1,-1,-1,0,7,0,2,3,0,2,3,0,1,2,0,-1,-1,-1,2,2,0,-1,-1,-1
ACTTTCAAGTTGGCGA-1,2,1,0,1,2,2,12,7,0,2,3,0,2,3,0,1,2,0,0,10,0,2,2,1,-1,-1,-1
I11,2,1,0,0:0.03/1:0.97,0:0.16/2:0.84,0:0.16/2:0.84,0,7,0,2,3,0,2,3,0,1,2,0,0:0.01/-1:0.99,0:0.01/-1:0.99,0:0.01/-1:0.99,2,2,0,0,0,0
CACCAAACATCCGAAT-1,2,1,0,-1,-1,-1,0,7,0,2,3,0,2,3,0,1,2,0,-1,-1,-1,2,2,0,0,0,0
GCCAGGTAGATCCCGC-1,2,1,0,1,2,2,0,7,0,2,3,0,2,3,0,1,2,0,-1,-1,-1,2,2,0,11,18,0
I12,2,0:0.01/1:0.99,0,0,0,0,6,0:0.01/7:0.99,0,0,0,0,2,3,0,5,2,0,0,0,0,2,2,0,0:0.46/2:0.54,0:0.46/5:0.54,0
GTTACGACACTCCCTA-1,2,1,0,14,36,0,6,7,0,0,29,0,2,3,0,5,2,0,0,3,0,2,2,0,2,5,0
I13,2,1,0,0,0,0,6,7,0,0,0,0,2,3,0,5,2,0,0,0:0.74/22:0.26,0,2,2,0,0:0.03/-1:0.93/2:0.04,0:0.03/-1:0.93/5:0.04,0:0.07/-1:0.93
I14,2,1,0,0,0,0,6,7,0,0,0,0,2,3,0,5,2,0,-1,-1,-1,2,2,0,-1,-1,-1
I15,2,1,0,0,0,0,6,7,0,0,0,0,2,3,0,5,2,0,-1,-1,-1,2,2,0,-1,-1,-1
I16,2,1,0,0,0,0,6,7,0,0,0,0,2,3,0,5,2,0,-1,-1,-1,2,2,0,-1,-1,-1
ACAGGGATCCATGCAA-1,2,1,0,0,10,0,6,7,0,0,0,0,2,3,0,5,2,0,-1,-1,-1,2,2,0,-1,-1,-1
ATTCATCGTAGCTTAC-1,2,1,0,0,0,0,6,7,0,12,11,0,2,3,0,5,2,0,-1,-1,-1,2,2,0,-1,-1,-1
I17,2,1,0,0,0,0,6,7,0,0,0,0,2,3,0,5,2,0,-1,-1,-1,2,2,0,-1,-1,-1
TCACTATCACTTGTGA-1,2,1,0,-1,-1,-1,6,7,0,0,4,0,2,3,0,5,2,0,-1,-1,-1,2,2,0,-1,-1,-1
I18,2,1,0,0,0,0,6,7,0,0,0,0,2,3,0,5,2,0,-1,-1,-1,2,2,0,-1,-1,-1
GCACATAGTTTAGAGA-1,2,1,0,24,37,0,6,7,0,-1,-1,-1,2,3,0,5,2,0,-1,-1,-1,2,2,0,-1,-1,-1
GTAATCGCAACGGTAG-1,2,1,0,25,40,0,6,7,0,-1,-1,-1,2,3,0,5,2,0,-1,-1,-1,2,2,0,-1,-1,-1
AACGAAACACGACAAG-1,2,1,0,4,6,0,6,7,0,7,6,0,2,3,0,5,2,0,-1,-1,-1,2,2,0,-1,-1,-1
CTACTATCAGAATGTA-1,2,1,0,0,0,0,6,7,0,23,25,0,2,3,0,5,2,0,0,22,0,2,2,3,-1,-1,-1
I19,0,0,0,0,0,0,0,0:0.18/7:0.82,0,0,0,0,0,0,0,0,0,0,0,0,0,0,0,0,0,0,0
I20,6,6,0,24,36,0,20,7,0,0,12,0,21,31,0,0,0:0.2/1:0.8,0,0,4,0,0,26,0,0,0,0
GATTTCTCACCGGAAA-1,6,6,0,24,36,0,20,7,0,0,12,0,21,31,0,0,1,0,0,4,0,0,26,0,10,16,0
GCGGATCTCGCTGTTC-1,6,6,0,24,36,0,20,7,0,0,12,0,21,31,0,-1,-1,-1,0,4,0,0,26,0,0,3,0
I21,0,10,0,0,0,0,0,7,0,0,0:0.01/6:0.99,0,0,0:0.01/13:0.99,0,8,10,0,0,7,0,0,0,0,0,0,0
ACCTGAAAGGAATCGC-1,8,10,0,8,11,0,0,7,0,0,6,0,0,13,0,8,10,0,0,7,0,0,0,0,-1,-1,-1
I22,0,10,0,0,0,0,0,7,0,0,6,0,0,13,0,8,10,0,0,7,0,0:0.02/-1:0.98,0:0.02/-1:0.98,0:0.02/-1:0.98,0,0,0
GGAATCTGTGGAGGTT-1,0,10,0,0,24,0,0,7,0,0,6,0,0,13,0,8,10,0,0,7,0,-1,-1,-1,0,0,0
I23,0,10,0,0,0,0,0,7,0,0,6,0,0,13,0,8,10,0,0,7,0,-1,-1,-1,-1,-1,-1
I24,0,10,0,0,0,0,0,7,0,0,6,0,0,13,0,8,10,0,0,7,0,-1,-1,-1,-1,-1,-1
TTTGGAGTCTTACGGA-1,0,10,0,0,0,0,0,7,0,0,6,0,0,13,0,8,10,0,0,7,0,-1,-1,-1,-1,-1,-1
GTACAACGTTGCGGAA-1,0,10,0,0,20,0,0,7,0,0,6,0,0,13,0,8,10,0,0,7,0,-1,-1,-1,-1,-1,-1
I25,0,10,0,-1,-1,-1,0,7,0,0,6,0,0,13,0,8,10,0,0,7,0,-1,-1,-1,-1,-1,-1
I26,0,10,0,-1,-1,-1,0,7,0,0,6,0,0,13,0,8,10,0,0,7,0,-1,-1,-1,-1,-1,-1
GATCAGTTCCGGTAAT-1,0,10,0,-1,-1,-1,0,7,0,0,6,0,0,13,0,8,10,0,0,7,0,-1,-1,-1,-1,-1,-1
I27,0,10,0,-1,-1,-1,0,7,0,0,6,0,0,13,0,8,10,0,0,7,0,-1,-1,-1,-1,-1,-1
TGATGGTTCTTAGCTT-1,0,10,0,-1,-1,-1,0,7,0,0,6,0,0,13,0,8,10,0,0,7,0,-1,-1,-1,-1,-1,-1
TACCCGTGTTGTATGC-1,0,10,0,-1,-1,-1,0,7,0,0,6,0,0,13,0,8,10,0,0,7,0,-1,-1,-1,-1,-1,-1
GTCAAGTCACCAGTAT-1,0,10,0,-1,-1,-1,0,7,0,0,6,0,0,13,0,8,10,0,0,7,0,-1,-1,-1,-1,-1,-1
