((((GAGAGGTCACCGTCGA-1:1.935,(((ACGATGTGTGTATTGC-1:2.006,GTTCATTGTTCGGTAT-1:4.006)I19:0.994,((((GATAGCTAGACCATTC-1:1,(CTACCCAAGAACTGAT-1:1,AGTTCGAAGCTGCGAA-1:1)I18:0)I17:0,GAACACTGTGTCACAT-1:2)I16:0,(GCTGGGTTCTACCCAC-1:0.002,TAAGCACAGCGGATCA-1:1.002)I15:2.998)I14:0,TCGATTTAGTATTCCG-1:4)I13:0)I12:0.002,(TTGCATTCACCTGTCT-1:4,(((GAACACTTCCTCACTG-1:0,TGTAGACGTTTAGTCG-1:2)I11:0,GAACACTGTGGCTACC-1:3)I10:0,CCTGTTGTCAATCTTC-1:4)I9:0)I8:3.002)I7:2.999)I6:0.066,ATCCACCTCTGATTCT-1:8.001)I5:1.043,(((ACGTCCTAGACATACA-1:2,GAGTGTTGTATGGAGC-1:0)I4:0.01,(ACCCAAAGTCGTGATT-1:4.057,CCTAACCGTGCGACAA-1:0.559)I3:3.452)I2:6.362,GGGATGACAACTGTGT-1:7.372)I1:3.708)10:2.967)I0;
I0,0,0,0,0,0,0,0,0,0,0,0,0,0,0,0,0,0,0,0,0,0,0,0,0,0,0,0,0,0,0
10,0,0,0,0,0,0,0,0,0,0,0,0,0,0,0,0,0,0,0,0,0,0,0,0,0,0,0,0:0.01/-1:0.99,0:0.01/-1:0.99,0:0.01/-1:0.99
I1,0,0,0,0,0,0,0,0,0,0,0,0,0,0,0,0,0,0,0:0.11/-1:0.88/2:0.001/3:0.002/5:0.009/6:0.006/7:0.002/8:0.003/9:0.002/11:0.008/12:0.001/14:0.007,0:0.11/-1:0.88/1:0.005/2:0.001/3:0.001/4:0.002/5:0.009/6:0.008/7:0.009/8:0.008/10:0.003/11:0.002/12:0.002/13:0.009/16:0.002/17:0.004/18:0.004/20:0.002/22:0.003/23:0.001,0:0.11/-1:0.88/1:0.001,0,0,0,0,0:0.01/2:0.99,0,-1,-1,-1
GGGATGACAACTGTGT-1,0,16,0,0,0,0,4,22,0,0,0,0,18,22,0,0,0,0,-1,-1,-1,0,19,0,7,2,0,-1,-1,-1
I2,0,9,0,0,8,0,0,9,0,0,9,0,0,10,0,0,4,0,-1,-1,-1,0,0,0,0,2,0,-1,-1,-1
I3,0,9,0,0,8,0,0,9,0,0,9,0,0,10,0,0,4,0,-1,-1,-1,0,0:0.5/7:0.5,0,0:0.02/-1:0.98,-1:0.98/2:0.02,0:0.02/-1:0.98,-1,-1,-1
CCTAACCGTGCGACAA-1,0,9,0,0,8,0,0,9,0,0,9,0,0,10,0,0,4,0,-1,-1,-1,0,7,0,-1,-1,-1,-1,-1,-1
ACCCAAAGTCGTGATT-1,0,9,0,0,8,0,0,9,0,0,9,0,0,10,0,7,4,0,-1,-1,-1,-1,-1,-1,-1,-1,-1,-1,-1,-1
I4,0,9,0,0,8,0,0,9,0,0,9,0,0,10,0,0,4,0,-1,-1,-1,0,0,0,0,2,0,-1,-1,-1
GAGTGTTGTATGGAGC-1,0,9,0,0,8,0,0,9,0,0,9,0,0,10,0,0,4,0,-1,-1,-1,0,0,0,0,2,0,-1,-1,-1
ACGTCCTAGACATACA-1,0,9,0,0,8,0,0,9,0,0,9,0,0,10,0,0,4,0,-1,-1,-1,3,5,0,0,2,0,-1,-1,-1
I5,0,0,0,0,0,0,0,0,0,0,0,0,0,0,0,0,12,0,0,0,0,0,0,0,0,0,0,-1,-1,-1
ATCCACCTCTGATTCT-1,0,0,0,0,0,0,0,0,0,0,0,0,0,0,0,0,12,0,-1,-1,-1,-1,-1,-1,9,11,0,-1,-1,-1
I6,0,0,0,0,0,0,0,0,0,0,0,0,0,0,0,0,12,0,0,0,0,0,0,0,0,0:0.93/2:0.07,0,-1,-1,-1
I7,0,0,0,0,0,0,0,0,0,0,0,0,0,0,0,0,12,0,0,0,0,0,0,0,-1,-1,-1,-1,-1,-1
I8,0,0,0,0,0,0,0,0,0,0,0,0,0,0,0,0,12,0,-1,-1,-1,0,0,0,-1,-1,-1,-1,-1,-1
I9,0,0,0,0,0,0,0,0,0,0,0,0,0,0,0,0,12,0,-1,-1,-1,0,0,0,-1,-1,-1,-1,-1,-1
CCTGTTGTCAATCTTC-1,0,0,0,0,0,0,6,0,0,0,0,0,0,0,0,0,12,0,-1,-1,-1,-1,-1,-1,-1,-1,-1,-1,-1,-1
I10,0,0,0,0,0,0,0,0,0,0,0,0,0,0,0,0,12,0,-1,-1,-1,0,0,0,-1,-1,-1,-1,-1,-1
GAACACTGTGGCTACC-1,0,0,0,0,0,0,6,0,0,0,0,0,0,0,0,0,12,0,-1,-1,-1,0,16,2,-1,-1,-1,-1,-1,-1
I11,0,0,0,0,0,0,0,0,0,0,0,0,0,0,0,0,12,0,-1,-1,-1,0,0,0,-1,-1,-1,-1,-1,-1
TGTAGACGTTTAGTCG-1,0,0,0,0,0,0,0,0,0,0,0,0,0,0,0,0,12,0,-1,-1,-1,14,1,0,-1,-1,-1,-1,-1,-1
GAACACTTCCTCACTG-1,0,0,0,0,0,0,0,0,0,0,0,0,0,0,0,0,12,0,-1,-1,-1,0,0,0,-1,-1,-1,-1,-1,-1
TTGCATTCACCTGTCT-1,0,0,0,0,0,0,0,0,0,0,0,7,0,0,0,0,12,0,-1,-1,-1,25,21,4,-1,-1,-1,-1,-1,-1
I12,0,0,0,0,0,0,0,0,0,0,0,0,0,0,0,0,12,0,0,0,0,0,0,0,-1,-1,-1,-1,-1,-1
I13,0,0,0,0,0,0,0,0,0,0,0,0,0,0,0,0,12,0,0,0,0,0,0,0,-1,-1,-1,-1,-1,-1
TCGATTTAGTATTCCG-1,0,18,0,0,0,0,0,24,0,0,0,0,0,0,0,0,12,0,0,0,0,3,5,0,-1,-1,-1,-1,-1,-1
I14,0,0,0,0,0,0,0,0,0,0,0,0,0,0,0,0,12,0,0,0,0,0,0,0,-1,-1,-1,-1,-1,-1
I15,0,0,0,0,0,0,0,0,0,0,0,0,0,0,0,0,12,0,0,0,0,-1,-1,-1,-1,-1,-1,-1,-1,-1
TAAGCACAGCGGATCA-1,0,0,0,0,0,0,0,0,0,0,0,0,7,0,0,0,12,0,0,0,0,-1,-1,-1,-1,-1,-1,-1,-1,-1
GCTGGGTTCTACCCAC-1,0,0,0,0,0,0,0,0,0,0,0,0,0,0,0,0,12,0,0,0,0,-1,-1,-1,-1,-1,-1,-1,-1,-1
I16,0,0,0,0,0,0,0,0,0,0,0,0,0,0,0,0,12,0,0,0,0,0,0,0,-1,-1,-1,-1,-1,-1
GAACACTGTGTCACAT-1,0,0,0,0,0,0,0,0,0,0,0,0,0,0,0,0,12,0,0,0,0,2,17,0,-1,-1,-1,-1,-1,-1
I17,0,0,0,0,0,0,0,0,0,0,0,0,0,0,0,0,12,0,0,0,0,0,0,0,-1,-1,-1,-1,-1,-1
I18,0,0,0,0,0,0,0,0,0,0,0,0,0,0,0,0,12,0,0,0,0,0,0,0,-1,-1,-1,-1,-1,-1
AGTTCGAAGCTGCGAA-1,0,0,0,0,0,0,0,0,0,0,0,0,0,0,0,0,12,0,0,0,0,0,14,0,-1,-1,-1,-1,-1,-1
CTACCCAAGAACTGAT-1,0,0,0,0,0,0,0,0,0,0,0,0,0,0,0,0,12,0,0,13,0,0,0,0,-1,-1,-1,-1,-1,-1
GATAGCTAGACCATTC-1,0,0,0,0,0,0,6,0,0,0,0,0,0,0,0,0,12,0,0,0,0,0,0,0,-1,-1,-1,-1,-1,-1
I19,0,0,0,0,0,0,0,0:0.01/12:0.99,0,0,0,0,0,0,0,0,12,0,0,0,0,0,0,0,-1,-1,-1,-1,-1,-1
GTTCATTGTTCGGTAT-1,0,0,0,0,0,0,0,12,0,0,0,0,0,0,0,0,12,0,-1,-1,-1,0,5,0,-1,-1,-1,-1,-1,-1
ACGATGTGTGTATTGC-1,0,0,0,0,0,0,0,12,0,0,0,0,0,0,0,0,12,0,0,0,0,6,7,0,-1,-1,-1,-1,-1,-1
GAGAGGTCACCGTCGA-1,0,0,0,0,0,0,0,0,0,0,19,0,0,0,0,0,12,0,0,0,0,0,0,0,0,2,0,-1,-1,-1
((((ACCGTTCAGCAGGTCA-1:0.04,(TTACGCCCATACTGTG-1:2.054,ACGGGTCCATAGGTTC-1:2.054)I14:2.989)I13:8.976,(((TGAATCGCACGTTGGC-1:0,(TCCGGGATCGTACCTC-1:0,TCATGGAGTCCCTGAG-1:0)I12:0)I11:4,CAATCGAGTCACCGCA-1:0.017)I10:0.067,((GACGCTGCATATCGGT-1:0.265,AGGTTACTCTAGAACC-1:3.015)I9:3.493,(CCTAAGAAGCGCTGCT-1:0,CGAAGTTAGATGCTGG-1:0)I8:5.056)I7:12.325)I6:0)I5:1.13,((GTGCACGAGCACTTTG-1:5.002,(GTCAGCGCAGTGCGCT-1:1.002,(CATCGTCAGCCGAATG-1:1.005,AGGTCTAGTATGAGAT-1:0.005)I4:2.998)I3:0)I2:2.155,TGCTTGCTCATTTGTC-1:7.157)I1:13.091)17:2.805)I0;
I0,0,0,0,0,0,0,0,0,0,0,0,0,0,0,0,0,0,0,0,0,0,0,0,0,0,0,0,0,0,0
17,0,0,0,0,0,0,0,0,0,0,0,0,0,0,0,0,0,0,0,0,0,0,0,0,0,0,0,0:0.06/-1:0.93/1:0.002,0:0.06/-1:0.93/1:0.002/2:0.009,0:0.06/-1:0.93/1:0.01
I1,0,0:0.01/9:0.99,0,0:0.01/-1:0.98/2:0.005/3:0.009/4:0.002/5:0.009/6:0.008/7:0.001/8:0.001/9:0.001/10:0.008/12:0.007/13:0.001/15:0.002/16:0.006/19:0.001,0:0.01/-1:0.98/1:0.008/2:0.008/6:0.003/7:0.009/8:0.006/10:0.001/11:0.003/12:0.001/13:0.004/14:0.005/15:0.001/16:0.009/17:0.001/24:0.006/28:0.003/33:0.009,0:0.01/-1:0.98/8:0.006,9,0:0.01/1:0.99,0,0,0:0.01/7:0.99,0,0,14,0,0,0,0,0:0.01/-1:0.98/2:0.001/3:0.002/5:0.009/6:0.006/7:0.002/8:0.003/9:0.002/11:0.008/12:0.001/14:0.007,0:0.01/-1:0.98/1:0.005/2:0.001/3:0.001/4:0.002/5:0.009/6:0.008/7:0.009/8:0.008/10:0.003/11:0.002/12:0.002/13:0.009/16:0.002/17:0.004/18:0.004/20:0.002/22:0.003/23:0.001,0:0.01/-1:0.98/1:0.001,0,0:0.01/1:0.99,0,0,0:0.01/8:0.99,0,-1,-1,-1
TGCTTGCTCATTTGTC-1,9,9,0,-1,-1,-1,9,1,0,17,7,6,11,14,0,0,20,0,-1,-1,-1,14,1,0,15,8,0,-1,-1,-1
I2,8,9,0,-1,-1,-1,9,1,0,0,7,0,0,14,0,0,0,0,-1,-1,-1,11,1,0,0,8,0,-1,-1,-1
I3,8,9,0,-1,-1,-1,9,1,0,0,7,0,0,14,0,0,0,0,-1,-1,-1,11,1,0,0,8,0,-1,-1,-1
I4,8,9,0,-1,-1,-1,9,1,0,0,7,0,0,14,0,-1,-1,-1,-1,-1,-1,11,1,0,0,8,0,-1,-1,-1
AGGTCTAGTATGAGAT-1,8,9,0,-1,-1,-1,9,1,0,0,7,0,0,14,0,-1,-1,-1,-1,-1,-1,11,1,0,0,8,0,-1,-1,-1
CATCGTCAGCCGAATG-1,8,9,0,-1,-1,-1,9,1,0,0,7,0,0,14,0,-1,-1,-1,-1,-1,-1,11,1,0,14,8,0,-1,-1,-1
GTCAGCGCAGTGCGCT-1,8,9,0,-1,-1,-1,9,1,0,0,7,0,0,14,0,0,24,0,-1,-1,-1,11,1,0,0,8,0,-1,-1,-1
GTGCACGAGCACTTTG-1,8,9,0,-1,-1,-1,9,1,0,0,7,0,0,14,1,0,1,0,-1,-1,-1,11,1,0,-1,-1,-1,-1,-1,-1
I5,0,0,0,0,0,0,0,0,0,0,0,0,0,0,0,0,0,0,0,0,0,0,0,0,0,0:0.08/10:0.92,0,-1,-1,-1
I6,0,0,0,0,0,0,0,0,0,0,0,0,0,0,0,0,0,0,0,0,0,0,0,0,0,0:0.08/10:0.92,0,-1,-1,-1
I7,0,0:0.01/12:0.99,0,0,18,0,0:0.01/10:0.99,6,0,10,0:0.01/11:0.99,0,10,0:0.01/10:0.99,0,0:0.01/15:0.99,17,0,0:0.35/7:0.65,0:0.35/16:0.65,0,0,13,0,0,10,0,-1,-1,-1
I8,10,12,0,0,18,0,10,6,0,10,11,0,10,10,0,15,17,0,-1,-1,-1,17,13,0,0,10,0,-1,-1,-1
CGAAGTTAGATGCTGG-1,10,12,0,0,18,0,10,6,0,10,11,0,10,10,0,15,17,0,-1,-1,-1,17,13,0,0,10,0,-1,-1,-1
CCTAAGAAGCGCTGCT-1,10,12,0,0,18,0,10,6,0,10,11,0,10,10,0,15,17,0,-1,-1,-1,17,13,0,0,10,0,-1,-1,-1
I9,0:0.01/9:0.99,12,0,0:0.01/5:0.99,18,0,10,6,0,10,11,0,10,10,0,15,17,0,0:0.12/7:0.88,0:0.12/16:0.88,0,0,13,0,6,10,0,-1,-1,-1
AGGTTACTCTAGAACC-1,9,12,0,5,18,0,10,6,0,10,11,0,10,10,0,15,17,0,-1,-1,-1,0,13,0,6,10,0,-1,-1,-1
GACGCTGCATATCGGT-1,9,12,0,5,18,0,10,6,0,10,11,0,10,10,0,15,17,0,7,16,0,0,13,0,6,10,0,-1,-1,-1
I10,0,0,0,0,0,0,0,0,0,0,0,0,0,0,0,0,0,0,0,0,0,0,0,0,0,0:0.02/10:0.98,0,-1,-1,-1
CAATCGAGTCACCGCA-1,0,0,0,0,0,0,0,0,0,0,0,0,0,0,0,0,0,0,0,0,0,0,0,0,0,10,0,-1,-1,-1
I11,0,0,0,0,0,0,0,0,0,0,11,0,0,0,0,0,0,0,0,0,0,0,0,0,-1,-1,-1,-1,-1,-1
I12,0,0,0,0,0,0,0,0,0,0,11,0,0,0,0,0,0,0,0,0,0,0,0,0,-1,-1,-1,-1,-1,-1
TCATGGAGTCCCTGAG-1,0,0,0,0,0,0,0,0,0,0,11,0,0,0,0,0,0,0,0,0,0,0,0,0,-1,-1,-1,-1,-1,-1
TCCGGGATCGTACCTC-1,0,0,0,0,0,0,0,0,0,0,11,0,0,0,0,0,0,0,0,0,0,0,0,0,-1,-1,-1,-1,-1,-1
TGAATCGCACGTTGGC-1,0,0,0,0,0,0,0,0,0,0,11,0,0,0,0,0,0,0,0,0,0,0,0,0,-1,-1,-1,-1,-1,-1
I13,0,10,0,0,9,0,-1:0.99/2:0.008/3:0.008/4:0.008/5:0.005/6:0.009/7:0.003/8:0.006/10:0.009/12:0.002/15:0.007/16:0.001,-1:0.99/1:0.008/3:0.004/5:0.008/6:0.005/7:0.009/8:0.003/10:0.005/11:0.001/12:0.002/14:0.009/15:0.006/17:0.003/18:0.002/20:0.001/21:0.005/22:0.003/23:0.001/24:0.009,-1:0.99/3:0.006,0,0,0,0,0,0,0,9,0,0,0,0,0,0,0,-1:0.99/2:0.001/4:0.002/6:0.002/7:0.008/8:0.009/9:0.001/10:0.001/11:0.001/12:0.008/14:0.001/15:0.006/17:0.008/18:0.001/19:0.003/20:0.002,-1:0.99/10:0.01,-1:0.99/1:0.001,-1,-1,-1
I14,0,10,0,0,9,0,-1,-1,-1,0,0,0,0,0,0,0,9,0,0:0.02/-1:0.98,0:0.02/-1:0.98,0:0.02/-1:0.98,0,0,0,-1,-1,-1,-1,-1,-1
ACGGGTCCATAGGTTC-1,0,10,0,0,9,0,-1,-1,-1,0,0,0,0,0,0,0,9,0,-1,-1,-1,7,10,0,-1,-1,-1,-1,-1,-1
TTACGCCCATACTGTG-1,0,10,0,0,9,0,-1,-1,-1,0,0,0,0,0,0,0,9,0,-1,-1,-1,12,12,0,-1,-1,-1,-1,-1,-1
ACCGTTCAGCAGGTCA-1,0,10,0,0,9,0,-1,-1,-1,0,0,0,0,0,0,0,9,0,0,0,0,0,0,0,-1,-1,-1,-1,-1,-1
(((((CTAACCCTCGTTAGAC-1:0.466,(AACGGGAAGCCGTCGT-1:1,(AGAAATGTCTACGGTA-1:0,CATCCGTGTAAGTTGA-1:1)I9:0)I8:3.014)I7:5.056,(TGATGCACAGTCTCTC-1:1.176,AACCTGAAGTGACACG-1:6.176)I6:2.905)I5:2.501,((CAACCTCAGCAGGCAT-1:4.011,CTGCAGGAGGATGAGA-1:5.103)I4:3.61,(GCTCAAACACTCCGGA-1:3.083,AGCGTATAGCCGAACA-1:2.083)I3:4.974)I2:2.403)I1:5.562,AGCCAATCATATACCG-1:11.585)5:3.469)I0;
I0,0,0,0,0,0,0,0,0,0,0,0,0,0,0,0,0,0,0,0,0,0,0,0,0,0,0,0,0,0,0
5,0,0,0,0,0,0,0,0,0,0,0,0,0,0,0,0,0,0,0,0,0,0,0:0.08/7:0.92,0,0,0,0,0:0.15/-1:0.83/1:0.004,0:0.15/-1:0.83/1:0.004/2:0.018,0:0.15/-1:0.83/1:0.02
AGCCAATCATATACCG-1,0,0,0,0,7,0,8,7,0,0,11,0,0,0,0,10,10,0,0,11,0,1,7,0,-1,-1,-1,-1,-1,-1
I1,0,7,0,0,6,0,0,0,0,3,5,0,0,0,0,0,4,0,0,0,0,0,7,0,0,0,0,-1,-1,-1
I2,0,7,0,0,6,0,0,0,0,3,5,0,0,0,0,0:0.01/12:0.99,4,0,0,0:0.03/6:0.97,0,0,7,0,0:0.79/13:0.21,0:0.79/14:0.21,0,-1,-1,-1
I3,0,7,0,0:0.01/5:0.99,6,0,0,0,0,3,5,0:0.02/3:0.98,0,0,0,12,4,0,0,6,0,0,7,0,0:0.01/-1:0.98/13:0.01,0:0.01/-1:0.98/14:0.01,0:0.01/-1:0.98/1:0.001,-1,-1,-1
AGCGTATAGCCGAACA-1,7,7,0,5,6,0,0,0,0,3,5,3,0,0,0,12,4,0,0,6,0,10,7,0,-1,-1,-1,-1,-1,-1
GCTCAAACACTCCGGA-1,0,7,0,5,6,0,2,3,0,3,5,3,0,6,0,12,4,0,0,6,0,0,7,0,-1,-1,-1,-1,-1,-1
I4,0,7,0,0:0.03/12:0.97,6,0,0,0,0,3,5,0,0:0.03/6:0.97,0:0.04/6:0.96,0,12,4,0,0,6,0,0,7,0,0:0.45/13:0.55,0:0.45/14:0.55,0,-1,-1,-1
CTGCAGGAGGATGAGA-1,0,7,0,12,6,0,0,20,0,3,5,0,6,6,0,12,4,0,0,6,0,1,7,0,-1,-1,-1,-1,-1,-1
CAACCTCAGCAGGCAT-1,0,7,0,12,6,0,0,7,0,3,5,0,6,6,0,12,4,0,5,6,0,14,7,0,13,14,0,-1,-1,-1
I5,0,7,0,0,6,0,0,0,0,3,5,0,0,0:0.03/6:0.97,0,0:0.03/4:0.97,4,0,0,0,0,0,7,0,0:0.73/9:0.27,0:0.73/11:0.27,0,-1,-1,-1
I6,0,7,0,0,6,0,0,0,0,3,5,0,0,6,0,4,4,0,0,0,0,0,7,0,0:0.04/-1:0.94/9:0.02,0:0.04/-1:0.94/11:0.02,0:0.05/-1:0.94/1:0.001,-1,-1,-1
AACCTGAAGTGACACG-1,0,7,0,-1,-1,-1,0,6,0,3,5,0,0,6,0,4,4,0,0,5,0,4,7,0,-1,-1,-1,-1,-1,-1
TGATGCACAGTCTCTC-1,0,7,0,0,6,0,0,0,0,3,5,0,0,6,0,4,4,0,0,6,0,0,7,0,-1,-1,-1,-1,-1,-1
I7,0,7,0,4,6,0,3,7,0,3,5,0,0,6,0,4,4,0,0,6,0,0,7,0,0:0.23/9:0.77,0:0.23/11:0.77,0,-1,-1,-1
I8,0,7,0,4,6,0,3,7,0,3,5,0,0,6,0,4,4,0,0,6,0,0,7,0,-1,-1,-1,-1,-1,-1
I9,0,7,0,4,6,0,3,7,0,3,5,0,0,6,0,4,4,0,0,6,0,0,7,0,-1,-1,-1,-1,-1,-1
CATCCGTGTAAGTTGA-1,0,7,0,4,6,0,3,7,0,3,5,0,11,6,0,4,4,0,0,6,0,0,7,0,-1,-1,-1,-1,-1,-1
AGAAATGTCTACGGTA-1,0,7,0,4,6,0,3,7,0,3,5,0,0,6,0,4,4,0,0,6,0,0,7,0,-1,-1,-1,-1,-1,-1
AACGGGAAGCCGTCGT-1,5,7,0,4,6,0,3,7,0,3,5,0,0,6,0,4,4,0,0,6,0,0,7,0,-1,-1,-1,-1,-1,-1
CTAACCCTCGTTAGAC-1,0,7,0,4,6,0,3,7,0,3,5,0,0,6,0,4,4,0,0,6,0,0,7,0,9,11,0,-1,-1,-1
(((((TGACAGTTCTGGCCGA-1:3.084,TCATTTGTCGATTGAC-1:5.084)I6:0.916,(GGCGTCACAGCGTGAA-1:4,AGAGAATTCGCCATAA-1:4)I5:0)I4:1.042,((GGAGATGCACACGTGC-1:2.001,AAGGTAAGTGTACAGG-1:1.001)I3:1.02,TGTCCCACATGACTCA-1:1.021)I2:3.024)I1:3.025,AGCGCCATCATGTCAG-1:2.064)7:11.95)I0;
I0,0,0,0,0,0,0,0,0,0,0,0,0,0,0,0,0,0,0,0,0,0,0,0,0,0,0,0,0,0,0
7,0,8,0,0,0,0,0:0.01/4:0.99,7,0,5,8,0,0,0,0,5,7,0,0,0,0,0,8,0,0,5,0,0:0.01/-1:0.99,0:0.01/-1:0.99,0:0.01/-1:0.99
AGCGCCATCATGTCAG-1,0,8,0,0,0,0,4,7,0,5,8,0,0,0,0,5,7,0,0,0,0,9,8,0,3,5,0,-1,-1,-1
I1,0,8,0,0,0,0,4,7,0,5,8,0,0,0,0,5,7,0,0:0.01/-1:0.99,0:0.01/-1:0.99,0:0.01/-1:0.99,0,8,0,0,5,0,-1,-1,-1
I2,0,8,0,0:0.01/-1:0.99,0:0.01/-1:0.99,0:0.01/-1:0.99,4,7,0,5,8,0,0,0,0,5,7,0,-1,-1,-1,0,8,0,0,5,0,-1,-1,-1
TGTCCCACATGACTCA-1,0,8,0,-1,-1,-1,4,7,0,5,8,0,0,0,0,5,7,0,-1,-1,-1,13,8,0,0,5,0,-1,-1,-1
I3,0,8,0,-1,-1,-1,4,7,0,5,8,0,0,0,0,5,7,0,-1,-1,-1,0,8,0,3,5,0,-1,-1,-1
AAGGTAAGTGTACAGG-1,0,8,0,-1,-1,-1,4,7,0,5,8,0,0,0,0,5,7,0,-1,-1,-1,5,8,0,3,5,0,-1,-1,-1
GGAGATGCACACGTGC-1,0,8,0,-1,-1,-1,4,7,0,5,8,0,0,0,0,5,7,0,-1,-1,-1,20,8,3,3,5,0,-1,-1,-1
I4,0,8,0,0,0,0,4,7,0,5,8,0,0,0,0,5,7,0,-1,-1,-1,0,8,0,3,5,0,-1,-1,-1
I5,0,8,0,0,0,0,4,7,0,5,8,0,0,0,0,5,7,0,-1,-1,-1,0,8,0,3,5,0,-1,-1,-1
AGAGAATTCGCCATAA-1,0,8,0,6,7,0,4,7,0,5,8,0,0,11,0,5,7,0,-1,-1,-1,8,8,0,3,5,0,-1,-1,-1
GGCGTCACAGCGTGAA-1,14,8,0,0,10,0,4,7,0,5,8,0,0,19,0,5,7,0,-1,-1,-1,0,8,0,3,5,2,-1,-1,-1
I6,0,8,0,0,0,0,4,7,0,5,8,0,0,0,0,5,7,0,-1,-1,-1,0:0.08/5:0.92,8,0,3,5,0,-1,-1,-1
TCATTTGTCGATTGAC-1,0,8,0,0,32,5,4,7,3,5,8,0,22,27,0,5,7,0,-1,-1,-1,5,8,0,3,5,0,-1,-1,-1
TGACAGTTCTGGCCGA-1,0,8,0,0,4,1,4,7,0,5,8,0,0,4,0,5,7,0,-1,-1,-1,5,8,0,3,5,0,-1,-1,-1
(((((TCATACTCACAGCATT-1:5,((AGCCACGAGCTCAGAG-1:2,CACAGGCAGCCTCATA-1:2)I8:0,CCCGGAAGTTATGTCG-1:5)I7:0)I6:3.001,((GCTACAACAAGTCATC-1:1,TCATTACTCTGGAGAG-1:3)I5:0.001,CACCGTTGTACGAAAT-1:5.001)I4:0)I3:3.064,ATTGGGTCAGAATGTA-1:5.453)I2:7.83,TCTACCGGTGCGGTAA-1:17.378)I1:1.802)I0;
I0,0,0,0,0,0,0,0,0,0,0,0,0,0,0,0,0,0,0,0,0,0,0,0,0,0,0,0,0,0,0
I1,0,0,0,0,0,0,0,0,0,0,0,0,0,0,0,0,0,0,0,0,0,0,0,0,0,0:0.89/4:0.11,0,0:0.43/-1:0.54/1:0.005,0:0.43/-1:0.54/1:0.005/2:0.028,0:0.43/-1:0.54/1:0.03
TCTACCGGTGCGGTAA-1,13,5,0,0,7,0,5,5,0,4,18,0,14,16,0,1,0,0,6,13,0,0,5,0,-1,-1,-1,-1,-1,-1
I2,0,8,0,0,0,0,0,0,0,0:0.01/3:0.99,0:0.01/5:0.99,0,0,13,0,11,14,0,0,0,0,0,0,0,0,0:0.39/4:0.61,0,0:0.01/-1:0.99,0:0.01/-1:0.99,0:0.01/-1:0.99
ATTGGGTCAGAATGTA-1,0,8,0,3,7,0,0,0,0,3,5,0,0,13,0,11,14,0,0,0,0,-1,-1,-1,0,4,0,-1,-1,-1
I3,0,8,0,0,0,0,0,0,0,3,5,0,0,13,0,11,14,0,0,0,0,0,0,0,-1,-1,-1,-1,-1,-1
I4,0,8,0,0,0,0,0,0,0,3,5,0,0,13,0,11,14,0,0,0,0,0,0,0,-1,-1,-1,-1,-1,-1
CACCGTTGTACGAAAT-1,0,8,0,14,22,2,0,0,0,3,5,0,0,13,0,11,14,0,0,0,0,15,15,0,-1,-1,-1,-1,-1,-1
I5,0,8,0,0,0,0,0,0,0,3,5,0,0,13,0,11,14,0,0,0,0,0,0,0,-1,-1,-1,-1,-1,-1
TCATTACTCTGGAGAG-1,0,8,0,0,0,0,10,3,0,3,5,0,0,13,0,11,14,0,0,0,0,0,7,0,-1,-1,-1,-1,-1,-1
GCTACAACAAGTCATC-1,0,8,0,0,0,0,0,0,0,3,5,0,0,13,0,11,14,0,0,0,0,0,14,0,-1,-1,-1,-1,-1,-1
I6,0,8,0,0,0,0,0,0,0,3,5,0,0,13,0,11,14,0,0,0,0,-1,-1,-1,-1,-1,-1,-1,-1,-1
I7,0,8,0,0,0,0,0,0,0,3,5,0,0,13,0,11,14,0,0,0,0,-1,-1,-1,-1,-1,-1,-1,-1,-1
CCCGGAAGTTATGTCG-1,0,8,0,15,23,3,12,18,0,3,5,0,0,13,0,11,14,0,0,0,0,-1,-1,-1,-1,-1,-1,-1,-1,-1
I8,0,8,0,0,0,0,0,0,0,3,5,0,0,13,0,11,14,0,0,0,0,-1,-1,-1,-1,-1,-1,-1,-1,-1
CACAGGCAGCCTCATA-1,0,8,0,13,21,0,0,0,0,3,5,0,0,13,0,11,14,0,0,0,0,-1,-1,-1,-1,-1,-1,-1,-1,-1
AGCCACGAGCTCAGAG-1,0,8,0,8,15,0,0,0,0,3,5,0,0,13,0,11,14,0,0,0,0,-1,-1,-1,-1,-1,-1,-1,-1,-1
TCATACTCACAGCATT-1,0,8,0,-1,-1,-1,16,14,0,3,5,0,0,13,0,11,14,0,0,0,0,-1,-1,-1,-1,-1,-1,-1,-1,-1
(((((((((CCTTTGGTCGAGAACG-1:2.002,TGGATCAGTTGCTCAA-1:0.002)I23:0.01,CCTCCTCCAATAGGGC-1:5.012)I22:2.999,(AGGCCACAGTGAGCCA-1:5.01,TCGCTTGAGCAATTAG-1:4.01)I21:0)I20:2.994,(TTACCGCGTGGAGAAA-1:3.002,CTGCGAGTCGATCCAA-1:6.002)I19:0)I18:1.045,(AGTACCACAGGCCTGT-1:6.068,(AGAGCAGGTTGTCTAG-1:5.04,(TTTGATCTCGGTCTAA-1:4.022,AGATGCTTCGCTGATA-1:2.022)I17:1.018)I16:1.029)I15:3.986)I14:3.041,TGATGGTGTACAGCGA-1:14.821)I13:4.134,((((AAGGAATTCTTCCGTG-1:0,CCTCACATCACGATCA-1:0)I12:7.092,ATTCGTTTCGAGCACC-1:1.79)I11:6.182,GAAATGACAACCGTGC-1:12.28)I10:2.186,((AGTCAACGTCTGTGGC-1:2.885,(((TCTGCCACAAGCGATG-1:5,(AGGTGTTTCCAATGCA-1:1,AGAGCCCCACACCGAC-1:2)I9:0)I8:1.013,TACAGGTAGACTAGAT-1:2.014)I7:1.028,CTCCTTTCATGATGCT-1:3.042)I6:2.963)I5:1.661,CAAGACTTCGCGTGAC-1:10.035)I4:5.609)I3:2.861)I2:1.072,CACTTCGCAAAGGAGA-1:3.026)I1:0.974)I0;
I0,0,0,0,0,0,0,0,0,0,0,0,0,0,0,0,0,0,0,0,0,0,0,0,0,0,0,0,0,0,0
I1,0,0,0,0,0,0,0,0,0,0,0,0,0,0,0,0,0,0,0,0,0,0,0:0.03/5:0.97,0,0,0,0,0,0,0
CACTTCGCAAAGGAGA-1,0,0,0,0,0,0,0,0,0,0,0,0,0,0,0,0,0,0,0,13,0,16,5,0,0,15,0,0,0,0
I2,0,5,0,0,0,0,0,0,0,0,0,0,0,0,0,0,0,0,0,0,0,0,5,0,0,0,0,0,0:0.95/2:0.05,0
I3,0,5,0,0,0,0,0,0,0,0,0,0,0,0,0,0,0,0,0,0,0,0,5,0,0,0,0,0:0.05/-1:0.95,0:0.05/-1:0.95,0:0.05/-1:0.95
I4,0,5,0,7,12,0,0,0,0,0,0,0,0,0:0.02/8:0.98,0,0,0:0.01/13:0.99,0,0,0:0.3/9:0.7,0,0,5,0,0:0.61/7:0.39,0:0.61/8:0.39,0,-1,-1,-1
CAAGACTTCGCGTGAC-1,6,5,0,7,12,0,0,17,0,0,0,0,7,8,0,5,13,0,-1,-1,-1,0,5,0,-1,-1,-1,-1,-1,-1
I5,0,5,0,7,12,0,0,13,0,0,0,0,0,8,0,0,13,0,0,9,0,0,5,0,0:0.44/7:0.56,0:0.44/8:0.56,0,-1,-1,-1
I6,0,5,0,7,12,0,0,13,0,0,0,0,0,8,0,0,13,0,0,9,0,0,5,0,0:0.01/-1:0.99,0:0.01/-1:0.99,0:0.01/-1:0.99,-1,-1,-1
CTCCTTTCATGATGCT-1,0,5,0,7,12,0,14,13,0,0,17,0,0,8,0,8,13,0,0,9,0,0,5,0,-1,-1,-1,-1,-1,-1
I7,0,5,0,7,12,0,0,13,0,0,0,0,0,8,0,0:0.01/5:0.99,13,0,0,9,0,0,5,0,-1,-1,-1,-1,-1,-1
TACAGGTAGACTAGAT-1,0,5,0,7,12,0,15,13,0,0,0,0,0,8,0,5,13,0,0,9,0,1,5,0,-1,-1,-1,-1,-1,-1
I8,0,5,0,7,12,0,7,13,0,0,0,0,0,8,0,5,13,0,0,9,0,0,5,0,-1,-1,-1,-1,-1,-1
I9,0,5,0,7,12,0,7,13,0,0,0,0,0,8,0,5,13,0,0,9,0,0,5,0,-1,-1,-1,-1,-1,-1
AGAGCCCCACACCGAC-1,0,5,0,7,12,0,7,13,0,8,7,0,0,8,0,5,13,0,0,9,0,0,5,0,-1,-1,-1,-1,-1,-1
AGGTGTTTCCAATGCA-1,0,5,0,7,12,0,7,13,0,0,0,0,9,8,0,5,13,0,0,9,0,0,5,0,-1,-1,-1,-1,-1,-1
TCTGCCACAAGCGATG-1,0,5,0,7,12,0,7,13,0,0,11,0,23,8,0,5,13,0,-1,-1,-1,0,5,0,-1,-1,-1,-1,-1,-1
AGTCAACGTCTGTGGC-1,0,5,0,7,12,0,4,13,0,0,0,0,0,8,0,5,13,0,0,9,0,0,5,0,7,8,0,-1,-1,-1
I10,0,5,0,0,0:0.12/7:0.88,0,0,0:0.11/5:0.89,0,0,0,0,0,0,0,0,0,0,0,0,0,0,5,0,0:0.85/11:0.15,0:0.85/13:0.15,0,0:0.01/-1:0.98/1:0.002,0:0.01/-1:0.98/2:0.01,0:0.01/-1:0.98/1:0.01
GAAATGACAACCGTGC-1,13,5,0,0,7,0,5,5,0,4,18,0,14,16,0,1,0,0,6,13,0,0,5,0,-1,-1,-1,-1,-1,-1
I11,0,5,0,0,7,0,0,5,0,0,0:0.02/7:0.98,0,0,0:0.02/8:0.98,0,0:0.01/4:0.99,0:0.02/6:0.98,0,0,0:0.02/7:0.98,0,0,5,0,0:0.35/11:0.65,0:0.35/13:0.65,0,-1,-1,-1
ATTCGTTTCGAGCACC-1,0,5,0,0,7,0,0,5,0,13,7,0,0,8,0,4,6,0,0,7,0,0,5,0,11,13,0,-1,-1,-1
I12,6,5,0,5,7,0,3,5,0,4,7,0,0,8,0,4,6,0,0,7,0,0,5,0,-1,-1,-1,-1,-1,-1
CCTCACATCACGATCA-1,6,5,0,5,7,0,3,5,0,4,7,0,0,8,0,4,6,0,0,7,0,0,5,0,-1,-1,-1,-1,-1,-1
AAGGAATTCTTCCGTG-1,6,5,0,5,7,0,3,5,0,4,7,0,0,8,0,4,6,0,0,7,0,0,5,0,-1,-1,-1,-1,-1,-1
I13,0,5,0,0,0,0,0,0:0.04/5:0.96,0,0,0:0.02/10:0.98,0,0:0.01/8:0.99,0:0.01/12:0.99,0,0,0,0,0,0,0,0,5,0,0,0,0,0,0:0.74/2:0.26,0
TGATGGTGTACAGCGA-1,2,5,0,12,36,0,6,5,0,13,10,5,8,12,0,-1,-1,-1,12,23,0,0,5,0,-1,-1,-1,0,2,0
I14,0,5,0,0,0,0,0,5,0,0,10,0,8,12,0,0,0,0,0,0,0,0,5,0,0,0,0,0:0.01/-1:0.98/1:0.002,0:0.01/-1:0.98/2:0.01,0:0.01/-1:0.98/1:0.01
I15,0,5,0,0,0,0,0,5,0,0,10,0,8,12,0,0,0,0,0,0:0.01/8:0.99,0,0,5,0,0:0.02/-1:0.98,0:0.02/-1:0.98,0:0.02/-1:0.98,-1,-1,-1
I16,0,5,0,0:0.04/5:0.96,0,0,0,5,0,0,10,0,8,12,0,0,0,0,0,8,0,0,5,0,-1,-1,-1,-1,-1,-1
I17,0,5,0,5,0:0.02/13:0.98,0,0,5,0,0,10,0,8,12,0,0,0,0,0,8,0,0,5,0,-1,-1,-1,-1,-1,-1
AGATGCTTCGCTGATA-1,0,5,0,5,13,0,4,5,0,9,10,0,8,12,0,0,0,0,0,8,0,0,5,0,-1,-1,-1,-1,-1,-1
TTTGATCTCGGTCTAA-1,8,5,0,5,13,0,2,5,0,17,10,0,8,12,0,0,20,0,0,8,0,0,5,0,-1,-1,-1,-1,-1,-1
AGAGCAGGTTGTCTAG-1,0,5,0,5,11,0,6,5,0,0,10,0,8,12,0,-1,-1,-1,0,8,0,0,5,0,-1,-1,-1,-1,-1,-1
AGTACCACAGGCCTGT-1,0,5,0,3,19,0,6,5,0,11,10,0,8,12,0,16,6,0,0,8,0,0,5,0,-1,-1,-1,-1,-1,-1
I18,0,5,0,0,0,0,6,5,0,0,10,0,8,12,0,0,0,0,0,0,0,0,5,0,0,0,0,-1,-1,-1
I19,0,5,0,0,0,0,6,5,0,0,10,0,8,12,0,0,0,0,0,0,0,0,5,0,0,0,0,-1,-1,-1
CTGCGAGTCGATCCAA-1,0,5,0,0,0,0,6,5,0,0,10,0,8,12,0,5,7,0,0,15,0,0,5,0,-1,-1,-1,-1,-1,-1
TTACCGCGTGGAGAAA-1,0,5,0,0,0,0,6,5,0,0,10,0,8,12,0,0,0,0,0,8,0,0,5,0,20,22,0,-1,-1,-1
I20,0,5,0,0,0,0,6,5,0,0,10,0,8,12,0,0,0,0,-1,-1,-1,0,5,0,0,0,0,-1,-1,-1
I21,0,5,0,0,0,0,6,5,0,0,10,0,8,12,0,0,0,0,-1,-1,-1,0,5,0,0,0,0,-1,-1,-1
TCGCTTGAGCAATTAG-1,0,5,0,0,34,0,6,5,0,0,10,0,8,12,0,22,27,0,-1,-1,-1,0,5,0,0,10,0,-1,-1,-1
AGGCCACAGTGAGCCA-1,0,5,0,6,16,0,6,5,0,0,10,0,8,12,0,5,6,0,-1,-1,-1,0,5,0,0,8,0,-1,-1,-1
I22,0,5,0,0,0,0,6,5,0,0,10,0,8,12,0,0,0,0,-1,-1,-1,0,5,0,-1,-1,-1,-1,-1,-1
CCTCCTCCAATAGGGC-1,2,5,0,0,0,0,6,5,0,13,10,0,8,12,0,5,4,0,-1,-1,-1,18,5,0,-1,-1,-1,-1,-1,-1
I23,0,5,0,0,0,0,6,5,0,0,10,0,8,12,0,0,0,0,-1,-1,-1,0,5,0,-1,-1,-1,-1,-1,-1
TGGATCAGTTGCTCAA-1,0,5,0,0,0,0,6,5,0,0,10,0,8,12,0,0,0,0,-1,-1,-1,0,5,0,-1,-1,-1,-1,-1,-1
CCTTTGGTCGAGAACG-1,11,5,0,0,0,0,6,5,0,4,10,0,8,12,0,0,0,0,-1,-1,-1,0,5,0,-1,-1,-1,-1,-1,-1
(((((((GGTCTGGTCACTTCTA-1:1.001,TACTTACGTAGTTAGA-1:0.001)I34:3.005,(CGTGCTTGTGCCCGTA-1:4.961,CTGATCCTCAACGAGG-1:6.961)I33:0.086)I32:7.382,(TATTCCAAGCAATTAG-1:3.039,(GTATTTCAGCATGATA-1:6.055,GGGTTTAAGCGTCAGA-1:9.041)I31:0.983)I30:5.35)I29:2.648,(TGCACGGGTTGCGAAG-1:9.116,(TCATGCCAGTAAATGC-1:4.539,AAAGAACTCTTACACT-1:3.753)I28:9.265)I27:5.474)I26:0.021,((((AAGCATCGTATGATCC-1:6.331,GATAGAAAGCTGTCCG-1:4.331)I25:2.717,CTAACCCCACGCGGTT-1:8.973)I24:0.027,(GCATCTCCACGGCGTT-1:10,GGTGGCTTCCATCAGA-1:10)I23:0)I22:0.001,(TCCTCGACAACTAGAA-1:9.022,((AAACGCTAGTAACCTC-1:5.053,CGTGATATCGCCAGTG-1:3.053)I21:0.951,((GCTTTCGTCCTCAGGG-1:4.098,(CTGATCCGTGTTACTG-1:1.089,GCCAACGTCAGTAGGG-1:9.21)I20:1.009)I19:2.91,((CTCCCAATCCTCAGAA-1:4.47,TGATCTTGTGGACCTC-1:6.033)I18:2.53,(((ACATCGATCTACCCAC-1:4,((TCACGGGGTTGCCTAA-1:3,(CCCTAACCATCGGAAG-1:2,GCTTTCGCAGCCCACA-1:2)I17:0)I16:0,GCAACATGTACAAAGT-1:2)I15:0)I14:0,ATTCACTGTGGTTCTA-1:5)I13:0.001,GGAGCAAGTGCTGATT-1:7.002)I12:0.998)I11:0)I10:2.004)I9:0.018)I8:2.98)I7:6)I6:0.006,((TGTTCCGAGACACACG-1:6.042,GACTGATAGCGATGAC-1:5.311)I5:6.505,(CCTTGTGGTATCGCGC-1:1.001,(ACCTGTCGTGCTATTG-1:1,ATGACCACAAGGTTGG-1:1)I4:0.001)I3:14.148)I2:3.191)I1:2.994)I0;
I0,0,0,0,0,0,0,0,0,0,0,0,0,0,0,0,0,0,0,0,0,0,0,0,0,0,0,0,0,0,0
I1,0,0,0,0,0,0,0,0,0,0,0,0,0,0,0,0,0,0,0,0,0,0,0,0,0,0,0,-1,-1,-1
I2,0,0,0,0,0:0.02/10:0.98,0,0:0.07/5:0.93,0:0.06/10:0.94,0,0,0,0,0,0,0,0,0,0,0:0.83/5:0.17,0:0.83/17:0.17,0,0,0,0,0,0,0,-1,-1,-1
I3,5,11,0,0,10,0,5,10,0,-1,-1,-1,6,10,0,8,10,0,-1,-1,-1,0,0,0,4,7,0,-1,-1,-1
I4,5,11,0,0,10,0,5,10,0,-1,-1,-1,6,10,0,8,10,0,-1,-1,-1,0,0,0,4,7,0,-1,-1,-1
ATGACCACAAGGTTGG-1,5,11,0,0,10,0,5,10,0,-1,-1,-1,6,10,1,8,10,0,-1,-1,-1,0,0,0,4,7,0,-1,-1,-1
ACCTGTCGTGCTATTG-1,5,11,0,0,10,0,5,10,0,-1,-1,-1,6,10,0,8,10,0,-1,-1,-1,0,0,0,4,7,1,-1,-1,-1
CCTTGTGGTATCGCGC-1,5,11,0,0,10,0,5,10,0,-1,-1,-1,6,10,0,8,10,0,-1,-1,-1,0,5,0,4,7,0,-1,-1,-1
I5,0,0:0.03/15:0.97,0,0,10,0,5,10,0,0,0,0,0,0:0.48/19:0.52,0,19,21,0,0:0.4/5:0.6,0:0.4/17:0.6,0,0,18,0,0,0:0.01/17:0.99,0,-1,-1,-1
GACTGATAGCGATGAC-1,0,15,0,2,10,0,5,10,0,-1,-1,-1,0,19,0,19,21,0,5,17,0,0,18,0,0,17,0,-1,-1,-1
TGTTCCGAGACACACG-1,0,15,0,0,10,0,5,10,0,0,0,0,-1,-1,-1,19,21,0,-1,-1,-1,0,18,0,0,17,0,-1,-1,-1
I6,0,0,0,0,0,0,0,0,0,0,0,0,0,0,0,0,0,0,0,0,0,0,0,0,0,0,0,-1,-1,-1
I7,1,1,0,0,0,0,0,0,0,0,0,0,0,0,0,0,0,0,1,1,0,1,1,0,0,0,0,-1,-1,-1
I8,1,1,0,0,0,0,0,0,0,0,0,0,0,0,0,0,0,0,1,1,0,1,1,0,0:0.01/-1:0.99,0:0.01/-1:0.99,0:0.01/-1:0.99,-1,-1,-1
I9,1,1,0,0,0,0,0,0,0,0,0,0,0,0,0,0,0,0,1,1,0,1,1,0,-1,-1,-1,-1,-1,-1
I10,1,1,0,0,0,0,0,0,0,0,0,0,0,0,0,6,8,0,1,1,0,1,1,0,-1,-1,-1,-1,-1,-1
I11,1,1,0,0,0,0,0,0,0,0,0,0,0,0,0,6,8,0,1,1,0,1,1,0,-1,-1,-1,-1,-1,-1
I12,1,1,0,0,0,0,0,1,0,0,0,0,0,0,0,6,8,0,1,1,0,1,1,0,-1,-1,-1,-1,-1,-1
GGAGCAAGTGCTGATT-1,1,1,0,18,26,0,0,1,0,17,22,0,-1,-1,-1,6,8,0,1,1,0,1,1,0,-1,-1,-1,-1,-1,-1
I13,1,1,0,0,0,0,0,1,0,0,0,0,0,0,0,6,8,0,1,1,0,1,1,0,-1,-1,-1,-1,-1,-1
ATTCACTGTGGTTCTA-1,1,1,0,11,20,0,0,1,0,12,12,0,0,2,0,6,8,0,1,1,0,1,1,0,-1,-1,-1,-1,-1,-1
I14,1,1,0,0,0,0,0,1,0,0,0,0,0,0,0,6,8,0,1,1,0,1,1,0,-1,-1,-1,-1,-1,-1
I15,1,1,0,0,0,0,0,1,0,0,0,0,0,0,0,6,8,0,1,1,0,1,1,0,-1,-1,-1,-1,-1,-1
GCAACATGTACAAAGT-1,1,1,0,0,0,0,0,1,0,15,20,0,0,0,0,6,8,0,1,1,0,1,1,0,-1,-1,-1,-1,-1,-1
I16,1,1,0,0,0,0,0,1,0,0,0,0,0,0,0,6,8,0,1,1,0,1,1,0,-1,-1,-1,-1,-1,-1
I17,1,1,0,0,0,0,0,1,0,0,0,0,0,0,0,6,8,0,1,1,0,1,1,0,-1,-1,-1,-1,-1,-1
GCTTTCGCAGCCCACA-1,1,1,0,0,0,0,0,1,0,16,21,0,0,0,0,6,8,0,1,1,0,1,1,0,-1,-1,-1,-1,-1,-1
CCCTAACCATCGGAAG-1,1,1,0,0,0,0,0,1,0,8,14,0,0,0,0,6,8,0,1,1,0,1,1,0,-1,-1,-1,-1,-1,-1
TCACGGGGTTGCCTAA-1,1,1,0,0,0,0,0,1,0,0,0,0,21,26,3,6,8,0,1,1,0,1,1,0,-1,-1,-1,-1,-1,-1
ACATCGATCTACCCAC-1,1,1,0,0,0,0,0,1,0,7,2,0,5,9,0,6,8,0,1,1,0,1,1,0,-1,-1,-1,-1,-1,-1
I18,1,1,0,0,0,0,0,0,0,0:0.72/3:0.28,0:0.72/5:0.28,0,0:0.02/8:0.98,0:0.02/12:0.98,0,6,8,0,1,1,0,1,1,0,-1,-1,-1,-1,-1,-1
TGATCTTGTGGACCTC-1,1,1,0,0,35,6,0,24,0,-1,-1,-1,8,12,0,6,8,0,1,1,0,1,1,0,-1,-1,-1,-1,-1,-1
CTCCCAATCCTCAGAA-1,1,1,0,4,6,0,0,1,0,3,5,0,8,12,0,6,8,0,1,1,0,1,1,0,-1,-1,-1,-1,-1,-1
I19,1,1,0,0:0.03/-1:0.97,0:0.03/-1:0.97,0:0.03/-1:0.97,0,0,0,0,0,0,0,0,0,6,8,0,1,1,0,1,1,0,-1,-1,-1,-1,-1,-1
I20,1,1,0,0:0.01/-1:0.99,0:0.01/-1:0.99,0:0.01/-1:0.99,0,0,0,0,0:0.18/11:0.82,0,0,0:0.88/18:0.12,0,6,8,0,1,1,0,1,1,0,-1,-1,-1,-1,-1,-1
GCCAACGTCAGTAGGG-1,1,1,0,-1,-1,-1,-1,-1,-1,0,11,0,-1,-1,-1,6,8,0,-1,-1,-1,1,1,0,-1,-1,-1,-1,-1,-1
CTGATCCGTGTTACTG-1,1,1,0,-1,-1,-1,0,0,0,0,11,0,0,18,0,6,8,0,1,1,0,1,1,0,-1,-1,-1,-1,-1,-1
GCTTTCGTCCTCAGGG-1,1,1,0,-1,-1,-1,0,1,0,0,2,0,17,21,0,6,8,0,1,1,0,1,1,0,-1,-1,-1,-1,-1,-1
I21,1,1,0,0,0,0,0,0:0.05/1:0.95,0,0,0,0,0,0,0,0,0,0,1,1,0,1,1,0,-1,-1,-1,-1,-1,-1
CGTGATATCGCCAGTG-1,1,1,0,0,0,0,0,1,0,0,15,0,14,16,0,0,0,0,1,1,0,1,1,0,-1,-1,-1,-1,-1,-1
AAACGCTAGTAACCTC-1,1,1,0,0,0,0,0,1,0,1,1,1,1,1,0,0,0,0,1,1,0,1,1,0,-1,-1,-1,-1,-1,-1
TCCTCGACAACTAGAA-1,1,1,0,23,33,0,4,7,0,-1,-1,-1,0,0,0,21,25,0,1,1,0,1,1,0,-1,-1,-1,-1,-1,-1
I22,1,1,0,0,0,0,0,0,0,0,0,0,0,0,0,0,0,0,1,1,0,1,1,0,0,0,0,-1,-1,-1
I23,1,1,0,0,0,0,0,0,0,0,0,0,0,0,0,0,0,0,1,1,0,1,1,0,0,0,0,-1,-1,-1
GGTGGCTTCCATCAGA-1,1,1,0,20,29,0,0,7,0,1,1,1,0,4,0,4,4,0,1,1,0,1,1,0,0,2,0,-1,-1,-1
GCATCTCCACGGCGTT-1,1,1,0,17,25,0,10,21,2,0,0,0,16,20,0,20,22,0,1,1,0,1,1,0,0,18,0,-1,-1,-1
I24,1,1,0,0:0.99/16:0.01,0:0.99/24:0.01,0,0,0,0,0,0,0,0,0,0,0,0,0,1,1,0,1,1,0,0,0,0,-1,-1,-1
CTAACCCCACGCGGTT-1,1,1,0,16,24,0,12,18,0,0,0,0,0,17,0,6,8,0,1,1,0,1,1,0,16,16,0,-1,-1,-1
I25,1,1,0,0:0.09/-1:0.89/16:0.02,0:0.09/-1:0.89/24:0.02,0:0.09/-1:0.89/1:0.001/6:0.001/8:0.011,0,0,0,0,0,0,0,0,0,0,0,0,1,1,0,1,1,0,0,0,0,-1,-1,-1
GATAGAAAGCTGTCCG-1,1,1,0,-1,-1,-1,0,1,0,0,0,0,0,0,0,0,6,0,1,1,0,1,1,0,12,6,0,-1,-1,-1
AAGCATCGTATGATCC-1,1,1,0,-1,-1,-1,0,8,0,0,6,0,4,7,0,0,1,0,1,1,0,1,1,0,0,4,0,-1,-1,-1
I26,0,0,0,0,0,0,0,0,0,0,0,0,0,0,0,0,0,0,0,0,0,0,0,0,0:0.99/12:0.01,0:0.99/20:0.01,0,-1,-1,-1
I27,0,2,0,0,0:0.06/1:0.94,0,0,2,0,0,0,0,0,0,0,0,0:0.05/1:0.95,0,0,0,0,0,2,0,0:0.69/12:0.31,0:0.69/20:0.31,0,-1,-1,-1
I28,0:0.02/2:0.98,2,0,0,1,0,1,2,0,2,0:0.01/2:0.99,0,2,0:0.01/2:0.99,0,0:0.01/1:0.99,1,0,0,0:0.35/2:0.65,0:0.35/1:0.65,0,2,0,0:0.24/12:0.76,0:0.24/20:0.76,0,-1,-1,-1
AAAGAACTCTTACACT-1,2,2,0,0,1,0,1,2,0,2,2,0,2,2,0,1,1,0,0,2,1,0,2,0,-1,-1,-1,-1,-1,-1
TCATGCCAGTAAATGC-1,2,2,0,0,1,0,1,2,0,2,2,0,2,2,0,1,1,0,-1,-1,-1,23,2,0,12,20,0,-1,-1,-1
TGCACGGGTTGCGAAG-1,0,2,0,0,1,0,3,2,0,0,0,0,24,28,0,23,1,0,13,24,0,0,2,0,-1,-1,-1,-1,-1,-1
I29,0,0,0,0,0,0,0,0,0,0,0,0,0,0,0,0,0,0,0,0,0,0,0,0,0:0.12/-1:0.87/12:0.01,0:0.12/-1:0.87/20:0.01,0:0.12/-1:0.87/1:0.001,-1,-1,-1
I30,0,17,0,0,0,0,0,0,0,0,0:0.01/4:0.99,0,0,0,0,0,4,0,0,0:0.02/17:0.98,0,0,0:0.01/5:0.99,0,-1,-1,-1,-1,-1,-1
I31,0,17,0,0,0,0,0,0:0.03/23:0.97,0,0,4,0,0,0,0,0,4,0,0,0:0.01/17:0.99,0,0,5,0,-1,-1,-1,-1,-1,-1
GGGTTTAAGCGTCAGA-1,9,17,0,19,27,0,0,23,0,8,4,0,19,23,0,0,4,0,-1,-1,-1,0,5,0,-1,-1,-1,-1,-1,-1
GTATTTCAGCATGATA-1,0,17,0,21,30,4,0,23,0,0,4,0,0,24,0,4,4,0,0,17,0,14,5,0,-1,-1,-1,-1,-1,-1
TATTCCAAGCAATTAG-1,0,17,0,0,0,0,0,0,0,13,4,0,0,0,0,5,4,0,0,17,0,14,5,0,-1,-1,-1,-1,-1,-1
I32,12,14,0,0,0,0,0,0,0,0,16,0,0,10,0,0,6,0,0,1,0,0,7,0,-1,-1,-1,-1,-1,-1
I33,12,14,0,0:0.98/3:0.02,0:0.98/14:0.02,0,0:0.98/5:0.02,0:0.98/5:0.02,0,0,16,0,0,10,0,0,6,0,0,1,0,0,7,0,-1,-1,-1,-1,-1,-1
CTGATCCTCAACGAGG-1,12,14,0,3,14,0,-1,-1,-1,14,16,0,0,10,0,16,6,0,0,1,0,0,7,0,-1,-1,-1,-1,-1,-1
CGTGCTTGTGCCCGTA-1,12,14,0,-1,-1,-1,5,5,0,0,16,0,0,10,0,0,6,0,0,1,0,0,7,0,-1,-1,-1,-1,-1,-1
I34,12,14,0,0,0,0,0,0,0,19,16,0,0,10,0,4,6,0,0,1,0,1,7,0,-1,-1,-1,-1,-1,-1
TACTTACGTAGTTAGA-1,12,14,0,0,0,0,0,0,0,19,16,0,0,10,0,4,6,0,0,1,0,1,7,0,-1,-1,-1,-1,-1,-1
GGTCTGGTCACTTCTA-1,12,14,0,0,28,0,0,0,0,19,16,0,0,10,0,4,6,0,0,1,0,1,7,0,-1,-1,-1,-1,-1,-1
((GAGGCAAGTAAGTAGT-1:19.578,(TTTACCAAGTAGCAAT-1:3.065,((CTGCCATGTGAATGAT-1:0.008,GTACAACTCATCTACT-1:2.008)I5:1.004,(AGGTGTTTCGAGTACT-1:0.007,GTGAGGATCGTTCGCT-1:2.007)I4:1.004)I3:4.055)I2:13.468)I1:0.512)I0;
I0,0,0,0,0,0,0,0,0,0,0,0,0,0,0,0,0,0,0,0,0,0,0,0,0,0,0,0,0,0,0
I1,0,0,0,0,0,0,0,0,0,0,0,0,0,0,0,0,0,0,0,0,0,0:0.97/12:0.03,0:0.97/12:0.03,0,0,0,0,0:0.85/-1:0.14/1:0.002,0:0.85/-1:0.14/1:0.002/2:0.009,0:0.85/-1:0.14/1:0.01
I2,0,13,0,9,17,0,0,0:0.01/14:0.99,0,0,0:0.01/7:0.99,0,0,15,0,0,16,0,0,0,0,12,12,0,5,9,0,0:0.01/-1:0.99,0:0.01/-1:0.99,0:0.01/-1:0.99
I3,0,13,0,9,17,0,0,14,0,0,7,0,0,15,0,14,16,0,-1,-1,-1,12,12,0,5,9,0,-1,-1,-1
I4,0,13,0,9,17,0,0,14,0,0:0.01/8:0.99,7,0,0,15,0,14,16,0,-1,-1,-1,12,12,0,5,9,0,-1,-1,-1
GTGAGGATCGTTCGCT-1,0,13,0,9,17,0,0,14,0,8,7,0,0,15,0,14,16,3,-1,-1,-1,12,12,3,5,9,0,-1,-1,-1
AGGTGTTTCGAGTACT-1,0,13,0,9,17,0,0,14,0,8,7,0,0,15,0,14,16,0,-1,-1,-1,12,12,0,5,9,0,-1,-1,-1
I5,0,13,0,9,17,0,0:0.01/10:0.99,14,0,0,7,0,0,15,0,14,16,0,-1,-1,-1,12,12,0,5,9,0,-1,-1,-1
GTACAACTCATCTACT-1,9,13,0,9,17,0,10,14,0,20,7,0,0,15,0,14,16,0,-1,-1,-1,12,12,0,5,9,0,-1,-1,-1
CTGCCATGTGAATGAT-1,0,13,0,9,17,0,10,14,0,0,7,0,0,15,0,14,16,0,-1,-1,-1,12,12,0,5,9,0,-1,-1,-1
TTTACCAAGTAGCAAT-1,6,13,0,9,17,0,0,14,0,0,7,0,5,15,0,5,16,0,0,0,0,12,12,0,5,9,0,-1,-1,-1
GAGGCAAGTAAGTAGT-1,0,5,0,0,4,1,0,5,0,1,1,1,0,4,0,4,4,0,-1,-1,-1,-1,-1,-1,0,2,0,-1,-1,-1
(((AAAGGTAGTGACTCTA-1:6.017,(CATCCCAGTTTGTTCT-1:1.033,TCCCACATCTTGGAAC-1:4.033)I30:1.985)I29:7.983,((((TTTAGTCCAGATAAAC-1:6.036,TACCCGTTCAGAGCGA-1:1.299)I28:10.701,(AGCATCACACAAGGTG-1:9.234,(ATCTCTAAGGCATCGA-1:8.035,(TCCTTTCGTATGCTTG-1:9.137,ATTCTACTCCTTTGAT-1:7.007)I27:1.159)I26:6.597)I25:1.108)I24:0,((GGAAGTGTCTTCACAT-1:1,(((CTTCCGATCTTAGTTC-1:3,((ATTCGTTGTCCTTAAG-1:3,((CACTTCGTCTGGTTGA-1:2,CGAAGGAGTAAGTCAA-1:2)I23:0,(GTGACGCGTAGTTACC-1:0,GTAACACCATCCTCAC-1:0)I22:1)I21:0)I20:1,((TTGAACGGTGCAGTGA-1:4,AAAGTGACACGCAAAG-1:4)I19:0,(GTAATCGCAAGTGACG-1:0,AGGAGGTGTCCACATA-1:2)I18:0)I17:0)I16:1)I15:0,(TCCTCTTTCCAGCAAT-1:2.001,GGGATCCAGCCATATC-1:1.001)I14:0.999)I13:0,GCAACATCAGCGTACC-1:3)I12:0)I11:3.004,(GCTGGGTTCATTACTC-1:1,((CTAGGTAGTTGATCGT-1:5.151,(AATCGTGAGAAACCAT-1:2.591,ATCGTAGCATGACAGG-1:3.018)I10:1.407)I9:1.002,ATCACGAGTAGACGGT-1:6)I8:0)I7:1.004)I6:6.996)I5:0,((CTTCAATAGGCCGCTT-1:5.01,AAGATAGCAGAGACTG-1:0.569)I4:0.889,AACAAGATCGTTAGTG-1:13.24)I3:3.583)I2:0)I1:3)I0;
I0,0,0,0,0,0,0,0,0,0,0,0,0,0,0,0,0,0,0,0,0,0,0,0,0,0,0,0,0,0,0
I1,0,0,0,0,0,0,0,0,0,0,0,0,0,0,0,0,0,0,0,0,0,0,0,0,0,0,0,-1,-1,-1
I2,0,0,0,0,0,0,0,0,0,0,0,0,0,0,0,0,0,0,0,0,0,0,0,0,0,0,0,-1,-1,-1
I3,0,0,0,0,0,0,0,0,0,0,0,0,0,0,0,0,0,0,0:0.07/-1:0.92/2:0.001/3:0.002/5:0.009/6:0.006/7:0.002/8:0.003/9:0.002/11:0.008/12:0.001/14:0.007,0:0.07/-1:0.92/1:0.005/2:0.001/3:0.001/4:0.002/5:0.009/6:0.008/7:0.009/8:0.008/10:0.003/11:0.002/12:0.002/13:0.009/16:0.002/17:0.004/18:0.004/20:0.002/22:0.003/23:0.001,0:0.07/-1:0.92/1:0.001,0,0,0,0:0.61/2:0.39,0:0.61/3:0.39,0,-1,-1,-1
AACAAGATCGTTAGTG-1,4,6,1,3,5,0,0,0,0,0,4,0,3,5,0,0,5,0,-1,-1,-1,0,6,0,-1,-1,-1,-1,-1,-1
I4,0,0,0,0,0,0,0,0,0,0,0,0,0,0,0,0,0,0,-1,-1,-1,0,0,0,0:0.28/2:0.72,0:0.28/3:0.72,0,-1,-1,-1
AAGATAGCAGAGACTG-1,0,0,0,0,0,0,0,0,0,0,0,0,0,0,0,0,0,0,-1,-1,-1,0,0,0,2,3,0,-1,-1,-1
CTTCAATAGGCCGCTT-1,0,0,0,0,0,0,0,0,0,0,0,0,0,0,0,0,20,0,-1,-1,-1,0,14,0,-1,-1,-1,-1,-1,-1
I5,0,0,0,0,0,0,0,0,0,0,0,0,0,0,0,0,0,0,0,0,0,0,0,0,0,0,0,-1,-1,-1
I6,0,4,0,1,3,0,0,4,0,0,3,0,0,0,0,0,0,0,0,0,0,0,4,1,0,0,0,-1,-1,-1
I7,0,4,0,1,3,0,0,4,0,0,3,0,0,0,0,0,0,0,0,0,0,2,4,1,0,0,0,-1,-1,-1
I8,0,4,0,1,3,0,0,4,0,0,3,0,0,0,0,0,0,0,0,0,0,2,4,1,0,0,0,-1,-1,-1
ATCACGAGTAGACGGT-1,0,4,0,1,3,0,0,4,0,0,3,0,0,0,0,-1,-1,-1,4,0,0,2,4,1,8,2,0,-1,-1,-1
I9,0,4,0,1,3,0,0,4,0,0,3,0:0.15/2:0.85,0,0,0,0,0,0,0,0,0,2,4,1,0,0:0.85/6:0.15,0,-1,-1,-1
I10,0,4,0,1,3,0,0,4,0,6,3,0:0.02/2:0.98,0,0,0,0,0,0,0,0,0,2,4,1,0,0:0.57/6:0.43,0,-1,-1,-1
ATCGTAGCATGACAGG-1,0,4,0,1,3,0,0,4,0,6,3,2,0,0,0,0,0,0,0,0,0,2,4,1,-1,-1,-1,-1,-1,-1
AATCGTGAGAAACCAT-1,0,4,0,1,3,0,0,4,0,6,3,2,0,0,0,5,4,0,0,0,0,2,4,1,0,6,0,-1,-1,-1
CTAGGTAGTTGATCGT-1,0,4,0,1,3,0,0,4,0,0,3,2,0,0,0,12,4,0,0,0,0,2,4,1,-1,-1,-1,-1,-1,-1
GCTGGGTTCATTACTC-1,0,4,0,1,3,0,0,4,0,0,3,0,0,0,0,0,0,0,0,0,0,2,4,1,0,16,0,-1,-1,-1
I11,0,4,0,1,3,0,0,4,0,0,3,0,0,0,0,0,0,0,0,0,0,0,4,1,-1,-1,-1,-1,-1,-1
I12,0,4,0,1,3,0,0,4,0,0,3,0,0,0,0,0,0,0,0,0,0,0,4,1,-1,-1,-1,-1,-1,-1
GCAACATCAGCGTACC-1,0,4,0,1,3,0,0,4,0,0,3,0,0,0,0,-1,-1,-1,0,0,0,0,4,1,-1,-1,-1,-1,-1,-1
I13,0,4,0,1,3,0,0,4,0,0,3,0,0,0,0,0,0,0,0,0,0,0,4,1,-1,-1,-1,-1,-1,-1
I14,0,4,0,1,3,0,0,4,0,18,3,0,0,0,0,0,0,0,0,0,0,0,4,1,-1,-1,-1,-1,-1,-1
GGGATCCAGCCATATC-1,0,4,0,1,3,0,0,4,0,18,3,0,0,0,0,0,23,0,0,0,0,0,4,1,-1,-1,-1,-1,-1,-1
TCCTCTTTCCAGCAAT-1,0,4,0,1,3,0,0,4,0,18,3,0,0,0,0,0,26,4,0,0,0,0,4,1,-1,-1,-1,-1,-1,-1
I15,0,4,0,1,3,0,0,4,0,0,3,0,0,0,0,0,0,0,0,0,0,0,4,1,-1,-1,-1,-1,-1,-1
I16,0,4,0,1,3,0,0,4,0,0,3,0,0,0,0,0,0,0,0,0,0,2,4,1,-1,-1,-1,-1,-1,-1
I17,0,4,0,1,3,0,0,4,0,0,3,0,0,0,0,0,0,0,0,0,0,2,4,1,-1,-1,-1,-1,-1,-1
I18,0,4,0,1,3,0,0,4,0,0,3,0,0,0,0,0,0,0,0,0,0,2,4,1,-1,-1,-1,-1,-1,-1
AGGAGGTGTCCACATA-1,0,4,0,1,3,0,0,4,0,0,3,0,0,0,0,13,15,0,0,0,0,2,4,1,-1,-1,-1,-1,-1,-1
GTAATCGCAAGTGACG-1,0,4,0,1,3,0,0,4,0,0,3,0,0,0,0,0,0,0,0,0,0,2,4,1,-1,-1,-1,-1,-1,-1
I19,0,4,0,1,3,0,0,4,0,0,3,0,0,0,0,0,0,0,0,0,0,2,4,1,-1,-1,-1,-1,-1,-1
AAAGTGACACGCAAAG-1,0,4,0,1,3,0,0,4,0,0,3,0,0,0,0,3,3,0,3,4,0,2,4,1,-1,-1,-1,-1,-1,-1
TTGAACGGTGCAGTGA-1,2,4,0,1,3,0,0,4,0,0,3,0,0,0,0,9,11,1,0,0,0,2,4,1,-1,-1,-1,-1,-1,-1
I20,0,4,0,1,3,0,0,4,0,0,3,0,0,0,0,0,0,0,4,0,0,2,4,1,-1,-1,-1,-1,-1,-1
I21,0,4,0,1,3,0,0,4,0,0,3,0,0,0,0,0,0,0,4,0,0,2,4,1,-1,-1,-1,-1,-1,-1
I22,0,4,0,1,3,0,0,4,0,0,3,0,0,0,0,0,4,0,4,0,0,2,4,1,-1,-1,-1,-1,-1,-1
GTAACACCATCCTCAC-1,0,4,0,1,3,0,0,4,0,0,3,0,0,0,0,0,4,0,4,0,0,2,4,1,-1,-1,-1,-1,-1,-1
GTGACGCGTAGTTACC-1,0,4,0,1,3,0,0,4,0,0,3,0,0,0,0,0,4,0,4,0,0,2,4,1,-1,-1,-1,-1,-1,-1
I23,0,4,0,1,3,0,0,4,0,0,3,0,0,0,0,0,0,0,4,0,0,2,4,1,-1,-1,-1,-1,-1,-1
CGAAGGAGTAAGTCAA-1,0,4,0,1,3,0,0,4,0,0,3,0,0,0,0,18,6,0,4,0,0,2,4,1,-1,-1,-1,-1,-1,-1
CACTTCGTCTGGTTGA-1,0,4,0,1,3,0,0,4,0,0,3,0,0,0,0,17,19,0,4,0,0,2,4,1,-1,-1,-1,-1,-1,-1
ATTCGTTGTCCTTAAG-1,0,4,0,1,3,0,0,4,0,0,3,0,0,0,0,-1,-1,-1,4,0,0,2,4,1,-1,-1,-1,-1,-1,-1
CTTCCGATCTTAGTTC-1,0,4,0,1,3,0,0,4,0,0,3,0,6,0,0,0,4,0,0,0,0,5,4,1,-1,-1,-1,-1,-1,-1
GGAAGTGTCTTCACAT-1,0,4,0,1,3,0,0,4,0,0,3,0,0,0,0,0,12,0,0,0,0,0,4,1,-1,-1,-1,-1,-1,-1
I24,0,0,0,0,0,0,0,0,0,0,0,0,0,0,0,0,0,0,0,0,0,0,0,0,0,0,0,-1,-1,-1
I25,0,0,0,0,0,0,0,0,0,0,0,0,0,0,0,0,0,0,0,0,0,0,0:0.23/11:0.77,0,0:0.83/10:0.17,0:0.83/12:0.17,0,-1,-1,-1
I26,0,0,0,0:0.01/10:0.99,0:0.01/7:0.99,0,0,0,0,0,0,0,0,0,0,0:0.01/5:0.99,18,0,0:0.63/11:0.37,0:0.63/22:0.37,0,0,11,0,10,12,0,-1,-1,-1
I27,0,0,0,10,7,0,0,16,0,0,0,0,0,0,0,5,18,0,0:0.56/11:0.44,0:0.56/22:0.44,0,0,11,0,10,12,0,-1,-1,-1
ATTCTACTCCTTTGAT-1,0,0,0,10,7,0,0,16,0,0,0,0,0,0,0,5,18,2,-1,-1,-1,0,11,0,-1,-1,-1,-1,-1,-1
TCCTTTCGTATGCTTG-1,8,9,0,10,7,0,0,16,0,21,7,4,0,14,0,5,18,5,11,22,0,24,11,0,10,12,0,-1,-1,-1
ATCTCTAAGGCATCGA-1,0,11,0,10,7,0,4,15,0,0,10,0,0,6,0,5,18,0,-1,-1,-1,0,11,0,10,12,0,-1,-1,-1
AGCATCACACAAGGTG-1,0,12,0,0,14,0,0,14,0,0,0,0,0,0,0,0,3,0,0,10,0,1,11,0,-1,-1,-1,-1,-1,-1
I28,0,0,0,0,31,0,0:0.01/6:0.99,23,0,0:0.01/3:0.99,0:0.01/5:0.99,0,0,25,0,0,0:0.01/10:0.99,0,0,19,0,22,0:0.01/20:0.99,0,0,0:0.26/19:0.74,0,-1,-1,-1
TACCCGTTCAGAGCGA-1,0,7,0,0,31,0,6,23,0,3,5,0,0,25,0,0,10,0,0,19,0,22,20,0,0,19,0,-1,-1,-1
TTTAGTCCAGATAAAC-1,0,5,0,5,31,8,6,23,0,3,5,0,0,25,0,0,10,0,0,19,0,22,20,0,-1,-1,-1,-1,-1,-1
I29,0,3,0,0,0:0.01/2:0.99,0,0,3,0,0,0,0,0,3,0,0,2,0,2,3,0,0,3,0,0,0,0,-1,-1,-1
I30,0,3,0,0:0.02/10:0.98,2,0,0,3,0,0,0,0,0,3,0,0:0.01/5:0.99,2,0,2,3,0,0,3,0,0,0,0,-1,-1,-1
TCCCACATCTTGGAAC-1,0,3,0,10,2,0,0,3,0,21,23,0,0,3,0,5,2,0,2,3,0,0,3,0,18,21,0,-1,-1,-1
CATCCCAGTTTGTTCT-1,0,3,0,10,2,0,0,3,0,0,13,0,0,3,0,5,2,0,2,3,0,0,3,0,0,0,0,-1,-1,-1
AAAGGTAGTGACTCTA-1,0,3,0,0,2,0,2,3,0,-1,-1,-1,0,3,0,2,2,0,2,3,0,0,3,0,0,1,0,-1,-1,-1
(((GGGCGTTTCGCCGAGT-1:9.143,CATGCAATCAACTGAC-1:4.862)I30:13.118,((CTTGATTGTCAAACGG-1:2.052,TTGTGGACACAAACGG-1:6.052)I29:11.001,(CCTCCTCCATGACTAC-1:16.008,(TGATCAGGTCGTGTTA-1:15.001,(CATCGGGCATCTAACG-1:15,(((((TCCCATGTCTACTATC-1:5.001,((ATTTCACCACAGAGCA-1:2.037,GACCGTGGTGTAACGG-1:1.037)I28:2.968,TAGACTGTCATCAGTG-1:2)I27:0.001)I26:12.999,(ATTGTTCCAAACGGCA-1:17,((((((GCACGGTTCCAGTACA-1:1.125,TCATGGAGTTGTAAAG-1:4.113)I25:3.768,(CCGGTGATCACGTCCT-1:1.038,GTCTAGAAGGGTAGCT-1:2.038)I24:4.079)I23:1.463,ACGATGTAGGTTACAA-1:5.086)I22:4.702,TGCGGGTCAATGGCAG-1:9.289)I21:3.287,TAATCTCTCGTGACTA-1:12.048)I20:5.383,(AGAGAGCCATGCGGTC-1:1.03,TGGAGGAGTTAGCGGA-1:3.03)I19:16.976)I18:0.02)I17:0.021)I16:0,((AACAACCTCCGTAATG-1:0,CCGTGAGTCATCGCAA-1:0)I15:1,(GACACGCCACGGCTAC-1:1,ATGAGTCGTCGATGCC-1:1)I14:0)I13:19)I12:0,((ATGGAGGGTTGCATTG-1:0,((GCGTTTCCACAAGCCC-1:0,CTGCAGGTCAGGAACG-1:0)I11:0,TAACTTCCAGGCATGA-1:0)I10:0)I9:3.016,ATCTTCATCGGTCAGC-1:0.224)I8:15.78)I7:0,TAGTGCATCGAAGAAT-1:19)I6:0)I5:0.001)I4:0.007)I3:0.045)I2:2.949)I1:0.019)I0;
I0,0,0,0,0,0,0,0,0,0,0,0,0,0,0,0,0,0,0,0,0,0,0,0,0,0,0,0,0,0,0
I1,0,0,0,0,0,0,0,0,0,0,0,0,0,0,0,0,0,0,0,0,0,0,0,0,0,0,0,0:0.99/1:0.01,0:0.99/1:0.01,0
I2,0,0,0,0,0,0,0,0,0,0,0,0,0,0,0,0,0,0,0,0,0,0,0,0,0,0,0,0:0.02/-1:0.98,0:0.02/-1:0.98,0:0.02/-1:0.98
I3,0,0,0,0,0,0,0,0,0,0,0,0,0,0,0,0,0,0,0,0,0,0,0,0,0,0,0,-1,-1,-1
I4,0,0,0,0,0,0,0,0,0,0,0,0,0,0,0,0,0,0,0,0,0,0,0,0,0,0,0,-1,-1,-1
I5,0,0,0,0,0,0,0,0,0,0,0,0,0,0,0,0,0,0,0,0,0,0,0,0,0,0,0,-1,-1,-1
I6,0,0,0,0,0,0,0,0,0,0,0,0,0,0,0,0,0,0,0,0,0,0,0,0,0,0,0,-1,-1,-1
TAGTGCATCGAAGAAT-1,2,5,0,0,4,1,3,5,0,1,1,1,7,4,0,4,4,0,0,18,0,1,5,0,-1,-1,-1,-1,-1,-1
I7,0,0,0,0,0,0,0,0,0,0,0,0,0,0,0,0,0,0,0,0,0,0,0,0,0,0,0,-1,-1,-1
I8,0,5,0,0,4,1,0,5,0,1,1,1,0,4,0,4,4,0,0:0.1/5:0.9,0:0.1/12:0.9,0,-1,-1,-1,0,2,0,-1,-1,-1
ATCTTCATCGGTCAGC-1,0,5,0,0,4,1,0,5,0,1,1,1,0,4,0,4,4,0,5,12,0,-1,-1,-1,0,2,0,-1,-1,-1
I9,0,5,0,0,4,1,0,5,0,1,1,1,0,4,0,4,4,0,-1,-1,-1,-1,-1,-1,0,2,0,-1,-1,-1
I10,0,5,0,0,4,1,0,5,0,1,1,1,0,4,0,4,4,0,-1,-1,-1,-1,-1,-1,0,2,0,-1,-1,-1
TAACTTCCAGGCATGA-1,0,5,0,0,4,1,0,5,0,1,1,1,0,4,0,4,4,0,-1,-1,-1,-1,-1,-1,0,2,0,-1,-1,-1
I11,0,5,0,0,4,1,0,5,0,1,1,1,0,4,0,4,4,0,-1,-1,-1,-1,-1,-1,0,2,0,-1,-1,-1
CTGCAGGTCAGGAACG-1,0,5,0,0,4,1,0,5,0,1,1,1,0,4,0,4,4,0,-1,-1,-1,-1,-1,-1,0,2,0,-1,-1,-1
GCGTTTCCACAAGCCC-1,0,5,0,0,4,1,0,5,0,1,1,1,0,4,0,4,4,0,-1,-1,-1,-1,-1,-1,0,2,0,-1,-1,-1
ATGGAGGGTTGCATTG-1,0,5,0,0,4,1,0,5,0,1,1,1,0,4,0,4,4,0,-1,-1,-1,-1,-1,-1,0,2,0,-1,-1,-1
I12,0,0,0,0,0,0,0,0,0,0,0,0,0,0,0,0,0,0,0,0,0,0,0,0,0,0,0,-1,-1,-1
I13,3,5,0,2,4,1,2,5,0,1,1,1,0,4,0,4,4,0,-1,-1,-1,3,5,0,0,2,0,-1,-1,-1
I14,3,5,0,2,4,1,2,5,0,1,1,1,0,4,0,4,4,0,-1,-1,-1,3,5,0,0,2,0,-1,-1,-1
ATGAGTCGTCGATGCC-1,3,5,0,2,4,1,2,5,0,1,1,1,0,4,0,4,4,0,-1,-1,-1,3,5,0,8,2,0,-1,-1,-1
GACACGCCACGGCTAC-1,3,5,0,2,4,1,2,5,0,1,1,1,5,4,0,4,4,0,-1,-1,-1,3,5,0,0,2,0,-1,-1,-1
I15,3,5,0,2,4,1,2,5,0,1,1,1,0,4,0,4,4,0,-1,-1,-1,3,5,0,1,2,0,-1,-1,-1
CCGTGAGTCATCGCAA-1,3,5,0,2,4,1,2,5,0,1,1,1,0,4,0,4,4,0,-1,-1,-1,3,5,0,1,2,0,-1,-1,-1
AACAACCTCCGTAATG-1,3,5,0,2,4,1,2,5,0,1,1,1,0,4,0,4,4,0,-1,-1,-1,3,5,0,1,2,0,-1,-1,-1
I16,0,0,0,0,0,0,0,0,0,0,0,0,0,0,0,0,0,0,0,0,0,0,0,0,0,0,0,-1,-1,-1
I17,0,0,0,0,0,0,0,0,0,0,0,0,0,0,0,0,0,0,0:0.99/14:0.01,0:0.99/5:0.01,0,0,0,0,0,0,0,-1,-1,-1
I18,0,0,0,0,0,0,0,0,0,0,0,0,0,0,0,0,0,0,0:0.98/14:0.02,0:0.98/5:0.02,0,0,0,0,0,0,0,-1,-1,-1
I19,2,5,0,0,4,1,0,5,0,1,1,1,7,4,0,4,4,0,-1,-1,-1,0,5,0,0,2,0,-1,-1,-1
TGGAGGAGTTAGCGGA-1,2,5,0,0,4,1,17,5,0,1,1,1,7,4,0,4,4,0,-1,-1,-1,1,5,0,8,2,0,-1,-1,-1
AGAGAGCCATGCGGTC-1,2,5,0,0,4,1,0,5,0,1,1,1,7,4,0,4,4,0,-1,-1,-1,2,5,0,0,2,0,-1,-1,-1
I20,0,0,0,0,0,0,0,0,0,0,0:0.04/2:0.96,0,0,9,0,9,11,0:0.01/1:0.99,0:0.76/14:0.24,0:0.76/5:0.24,0,0,0,0,0,0,0,-1,-1,-1
TAATCTCTCGTGACTA-1,2,9,0,0,0,0,0,0,0,11,2,0,20,9,1,9,11,1,-1,-1,-1,21,9,0,17,13,0,-1,-1,-1
I21,0,0,0,0,0,0,0,0:0.01/11:0.99,0,7,2,0,0,9,0,9,11,1,0:0.63/14:0.37,0:0.63/5:0.37,0,0,0,0,0,0:0.03/1:0.97,0,-1,-1,-1
TGCGGGTCAATGGCAG-1,8,9,0,0,2,0,3,11,0,7,2,0,15,9,0,9,11,1,14,5,0,11,1,0,19,1,0,-1,-1,-1
I22,0,0,0,0,0,0,0,11,0,7,2,0,0,9,0,9,11,1,0:0.02/-1:0.97/14:0.01,0:0.02/-1:0.97/5:0.01,0:0.03/-1:0.97,0,9,0,0:0.25/15:0.75,0:0.01/1:0.99,0,-1,-1,-1
ACGATGTAGGTTACAA-1,0,9,0,0,0,0,0,11,0,7,2,0,0,9,0,9,11,1,-1,-1,-1,2,9,0,-1,-1,-1,-1,-1,-1
I23,0,0,0,0,0:0.77/16:0.23,0,0,11,0,7,2,0,0:0.07/5:0.93,9,0,9,11,1,-1,-1,-1,0,9,0,0:0.03/15:0.97,1,0,-1,-1,-1
I24,0,0,0,0:0.01/-1:0.99,0:0.01/-1:0.99,0:0.01/-1:0.99,0,11,0,7,2,0,5,9,0,9,11,1,-1,-1,-1,3,9,0,15,1,0,-1,-1,-1
GTCTAGAAGGGTAGCT-1,2,13,0,-1,-1,-1,0,11,0,7,2,0,5,9,0,9,11,1,-1,-1,-1,3,9,0,15,1,0,-1,-1,-1
CCGGTGATCACGTCCT-1,0,12,0,-1,-1,-1,0,11,0,7,2,0,5,9,0,9,11,1,-1,-1,-1,3,9,0,15,1,0,-1,-1,-1
I25,0:0.03/-1:0.97,0:0.03/-1:0.97,0:0.03/-1:0.97,0,0:0.01/16:0.99,0,0,11,0,7,2,0,5,9,0,9,11,1,-1,-1,-1,0,9,0,0:0.01/15:0.99,1,0,-1,-1,-1
TCATGGAGTTGTAAAG-1,-1,-1,-1,0,16,0,0,11,0,7,2,0,5,9,0,9,11,1,-1,-1,-1,3,9,0,-1,-1,-1,-1,-1,-1
GCACGGTTCCAGTACA-1,-1,-1,-1,0,16,0,0,11,0,7,2,0,5,9,0,9,11,1,-1,-1,-1,19,9,0,15,1,0,-1,-1,-1
ATTGTTCCAAACGGCA-1,0,5,0,6,4,1,0,5,0,1,1,1,0,4,0,4,4,0,-1,-1,-1,0,5,0,12,2,0,-1,-1,-1
I26,0,5,0,0,4,1,11,5,0,1,1,1,0,4,0,4,4,0,0,0,0,0,5,0,0,2,0,-1,-1,-1
I27,0,5,0,0,4,1,11,5,0,1,1,1,0,4,0,4,4,0,0,0,0,0,5,0,0,2,0,-1,-1,-1
TAGACTGTCATCAGTG-1,0,5,0,0,4,1,11,5,0,1,1,1,0,4,0,4,4,0,9,20,0,0,5,0,0,2,0,-1,-1,-1
I28,0,5,0,0,4,1,11,5,0,1,1,1,0,4,0,4,4,0,0:0.01/-1:0.99,0:0.01/-1:0.99,0:0.01/-1:0.99,0,5,0,0,2,0,-1,-1,-1
GACCGTGGTGTAACGG-1,0,5,0,0,4,1,11,5,0,1,1,1,0,4,2,4,4,0,-1,-1,-1,0,5,0,0,2,0,-1,-1,-1
ATTTCACCACAGAGCA-1,0,5,0,0,4,1,11,5,0,1,1,1,0,4,0,4,4,0,-1,-1,-1,13,5,0,7,2,0,-1,-1,-1
TCCCATGTCTACTATC-1,0,5,0,22,4,1,11,5,0,1,1,1,0,4,0,4,4,3,10,21,2,0,5,0,0,2,0,-1,-1,-1
CATCGGGCATCTAACG-1,0,5,0,0,4,1,0,5,0,1,1,1,0,4,0,4,4,0,0,14,0,-1,-1,-1,0,2,0,-1,-1,-1
TGATCAGGTCGTGTTA-1,15,5,0,0,4,1,10,5,0,1,1,1,0,4,0,4,4,0,0,0,0,20,2,0,0,2,0,-1,-1,-1
CCTCCTCCATGACTAC-1,0,5,0,0,4,1,13,19,1,1,1,1,13,4,0,4,4,0,0,9,0,0,14,0,0,2,0,-1,-1,-1
I29,0,5,0,0,0,0,11,0:0.01/5:0.99,0,1,1,0:0.01/1:0.99,0,0:0.01/4:0.99,0,0:0.01/4:0.99,0:0.01/4:0.99,0,0,0,0,0,0:0.01/5:0.99,0,0,2,0,-1,-1,-1
TTGTGGACACAAACGG-1,0,5,0,24,37,7,11,5,0,1,1,1,0,4,0,4,4,0,-1,-1,-1,0,5,0,0,2,0,-1,-1,-1
CTTGATTGTCAAACGG-1,0,5,0,0,0,0,11,5,0,1,1,1,15,4,0,4,4,0,0,0,0,0,5,0,15,2,0,-1,-1,-1
I30,0,0,0,0,4,0:0.01/1:0.99,0,0:0.02/5:0.98,0,1,1,0:0.02/1:0.98,0,0:0.02/4:0.98,0,0:0.02/4:0.98,0:0.02/4:0.98,0,0,0,0,0,0:0.02/5:0.98,0,0:0.03/8:0.97,2,0,0:0.36/1:0.64,0:0.36/1:0.64,0
CATGCAATCAACTGAC-1,0,5,0,0,4,1,0,5,0,1,1,1,12,4,0,4,4,0,0,5,0,1,5,0,8,2,0,1,1,0
GGGCGTTTCGCCGAGT-1,0,0,0,2,4,1,2,5,0,1,1,1,15,4,0,4,4,0,8,18,0,3,5,0,8,2,0,-1,-1,-1
