true_nu,true_phi,prioridx,rep,startle_phi,startle_nu,cassg_phi,cassg_nu,truetopo_phi,truetopo_nu,problin_nu,problin_phi,true_llh,startle_NLLH,cassg_NLLH,truetopo_NLLH,problin_NLLH,startle_wp,cassg_wp,truetopo_wp,problin_wp,startle_rf,cassg_rf,problin_rf
s0,100,01,r01, 0.25866389348472224, 9.115169692921896e-06, 0.2586608806255526, 1.7316072093438666e-05, 0.2586658023225615, 3.1267509608217175e-06, 9.67260408669411e-06, 0.2586636597680107,7824.212343865195, 7748.425470910568, 8266.967365601868, 7700.821810187736, 7733.7643405420085, 4936.476432332216, 5971.193460764693, 4922.278525101896, 4935.802431673383, 0.473684, 0.712551, 0.388664
s0,100,01,r02, 0.25786530691289355, 4.562383557343512e-06, 0.25786241567324, 1.2002383441360999e-05, 0.25786231750859995, 1.2643114463203556e-05, 5.905823531872377e-06, 0.2578647921023433,7950.614446428411, 7816.154827724136, 8233.58818151072, 7818.562316914336, 7790.715482314379, 5115.52534814698, 6021.161732940391, 5192.579110450235, 5120.731943612875, 0.441296, 0.665992, 0.352227
s0,100,01,r03, 0.2530538577658086, 3.657854536850761e-05, 0.25136571808176217, 0.004157298470085264, 0.253065900284487, 2.7162472841335054e-06, 0.000178128056299885, 0.25299955634853555,7953.023789787517, 7831.814622001981, 8200.43842788025, 7816.743433999719, 7798.578570694469, 5162.182334925829, 5948.965632560175, 5210.843912909917, 5166.2749925076105, 0.530364, 0.688259, 0.481781
s0,100,01,r04, 0.2535988953204332, 3.891926561925584e-06, 0.25359775770763876, 6.5204626238188015e-06, 0.2535992372333665, 2.744850219861071e-06, 2.7938619229228528e-06, 0.2535992361195215,7803.670363920751, 7690.490574353205, 8069.601115666544, 7666.944746041248, 7661.59560582511, 4935.150842717446, 5689.669812254166, 4997.032269073344, 4969.791817440261, 0.449393, 0.684211, 0.396761
s0,100,01,r05, 0.2534374767510521, 0.003025423434444043, 0.25427206310813166, 0.0006851134972781712, 0.24986052937002845, 0.01236237324059174, 0.006817506009386573, 0.2519102396230344,7961.144672651604, 7824.367828014812, 8301.929837186617, 7821.8780922197, 7788.641763032805, 5139.954971320061, 6150.591979516972, 5236.487449836409, 5162.382095838242, 0.477733, 0.734818, 0.368421
s0,100,02,r01, 0.24785163855389894, 3.838564613457477e-05, 0.2478620386790557, 1.2618183677445429e-05, 0.24773411884049104, 0.0003251767738173628, 3.767679659106094e-05, 0.2478516647790874,8736.92311699321, 8640.435500247793, 9258.573019976426, 8601.965175589508, 8614.982193418076, 6833.583436492428, 8178.429592068873, 6813.808383671127, 6831.502807618989, 0.336032, 0.611336, 0.238866
s0,100,02,r02, 0.24893123417836532, 6.2885115368478295e-06, 0.24893225238640015, 3.2651450996575514e-06, 0.2489319803697846, 4.085463889526262e-06, 1.1986091935125225e-05, 0.24892910086026446,8825.832111668069, 8703.465780629636, 9191.400046196113, 8676.359747241644, 8691.621966990528, 6975.542464261969, 8102.418373491934, 6968.076775450425, 6991.66708217412, 0.352227, 0.611336, 0.259109
s0,100,02,r03, 0.2458303360389098, 9.627403534860441e-05, 0.24563984881778272, 0.0005639665416403404, 0.24408579337611486, 0.004363502133390499, 0.004603725004999822, 0.24402547890897203,8852.643167112237, 8718.982240856867, 9248.551726152447, 8700.298891703158, 8685.095700915976, 7059.129564553568, 8171.566020721465, 7087.871136073205, 7059.886812436245, 0.319838, 0.605263, 0.186235
s0,100,02,r04, 0.2519991614969526, 2.7496123082062776e-06, 0.251994449136849, 1.4840516671520004e-05, 0.25199936482247653, 2.128184816046217e-06, 2.0996335550713765e-06, 0.2519993896198966,8885.107544645845, 8752.970029954344, 9519.442696464357, 8746.399855600248, 8735.585418859526, 7033.2104738228545, 8812.300176679528, 7081.318432634599, 7037.356643452941, 0.271255, 0.641700, 0.190283
s0,100,02,r05, 0.24546522292342596, 4.720174827442417e-06, 0.24546470183118818, 6.003929303598312e-06, 0.24546542063245824, 4.060605096450428e-06, 3.6368681752249945e-06, 0.24546559347718372,8786.344856902577, 8661.294696922312, 9080.832422659989, 8652.62221336351, 8632.797633376738, 6877.703769095843, 7899.725639835678, 6945.753358715946, 6897.445365251019, 0.344130, 0.564777, 0.238866
s0,100,03,r01, 0.25653234131091623, 3.3808496439035123e-06, 0.25653134818392154, 5.873183683062243e-06, 0.25653275591957436, 2.0434241554857504e-06, 3.1392155344187635e-06, 0.25653239898779967,8112.982856254633, 8017.874582684473, 8630.072151510445, 7977.5110455252325, 7987.104825651159, 5575.559631987411, 6896.987267352317, 5553.2723689060285, 5580.863504495164, 0.400810, 0.696356, 0.356275
s0,100,03,r02, 0.2498646166024031, 6.780323911020193e-06, 0.24903666858417242, 0.0022153787258393873, 0.2498629205430158, 1.128347613593275e-05, 1.2980739842987532e-05, 0.24986244901389865,8123.403084403753, 8034.723258028014, 8598.383926478306, 7986.098402296916, 7987.123176327797, 5713.129019226406, 6905.388977750104, 5723.389633691722, 5698.701209328262, 0.502024, 0.708502, 0.404858
s0,100,03,r03, 0.24893191966619643, 4.436506207917119e-06, 0.24893078971325586, 7.155435850460486e-06, 0.24893231429968102, 3.3048105569106073e-06, 4.0696688339176095e-06, 0.24893203364013808,8253.900325439354, 8136.305868331923, 8684.37403706848, 8117.908928898861, 8114.658135167032, 5862.922382307641, 7111.228470992275, 5952.96539790897, 5883.195446295063, 0.421053, 0.712551, 0.344130
s0,100,03,r04, 0.24973118432128208, 6.691179992238e-06, 0.24973048486278154, 8.180072115321933e-06, 0.24973259327778474, 2.737719460726562e-06, 2.0656765259773295e-05, 0.24972645513041739,8110.305904551335, 8032.264937615867, 8500.684029204558, 7986.159478470719, 8002.353838754393, 5720.017303608562, 6642.742621034754, 5730.526767947787, 5721.340684144272, 0.441296, 0.700405, 0.340081
s0,100,03,r05, 0.2578660739018945, 2.3112515133398622e-06, 0.2578656732343317, 3.3433375013120984e-06, 0.2578655527980142, 3.8069568747141654e-06, 2.1157052205151695e-06, 0.25786613604537173,8051.222431178556, 7966.604959600617, 8408.949818838651, 7910.991013858842, 7901.716042819303, 5428.872961914176, 6446.527462026808, 5388.165168558429, 5363.919160730049, 0.477733, 0.663968, 0.331984
s0,100,04,r01, 0.2595995047616662, 2.096645726817699e-06, 0.2582660835896265, 0.00299346464561383, 0.25959923767937687, 2.9451305942428293e-06, 1.83237109449253e-06, 0.259599560105634,8180.214448673172, 8068.7767709294, 8402.940545815023, 8043.86436642553, 8031.262317749604, 5561.446848994376, 6359.586872587611, 5628.517570090492, 5572.483929329384, 0.384615, 0.609312, 0.315789
s0,100,04,r02, 0.2541048196299073, 7.976514994567012e-05, 0.254131276784554, 6.448933102842407e-06, 0.25413037302584507, 8.928954245803091e-06, 2.37928880721146e-05, 0.25412508195334815,8094.324976619954, 7948.017862844931, 8389.876487778925, 7939.724714096981, 7913.210779916638, 5449.759981369122, 6413.8662484045735, 5494.357776601606, 5432.655397501831, 0.388664, 0.623482, 0.291498
s0,100,04,r03, 0.24946380335567017, 8.9585580562118e-06, 0.2494638776050163, 8.303653797334923e-06, 0.2494655038320258, 3.6169172735320205e-06, 5.81072038976099e-06, 0.24946481706460216,8250.121565779056, 8146.689192369994, 8481.011348806582, 8099.768111104067, 8105.8987917942295, 5874.83098371821, 6668.360548543079, 5865.155991404789, 5879.473894232181, 0.502024, 0.582996, 0.376518
s0,100,04,r04, 0.2611388576919909, 0.002334722595891645, 0.2619958496795817, 1.2496453373380064e-05, 0.2619956423931342, 1.2978975605803421e-05, 0.0005962943581870976, 0.26177246141307997,8259.562075421381, 8138.778017093516, 8511.74616656996, 8112.040489167739, 8105.655442404309, 5683.490741919512, 6511.01622592887, 5737.5312500265045, 5712.259935123187, 0.469636, 0.601215, 0.388664
s0,100,04,r05, 0.25332868055277785, 0.0017823234881812625, 0.25389905186149264, 0.00026843536943619184, 0.2531276401227303, 0.0022825640212593237, 0.002602263208994574, 0.25301308763563374,8318.412624803701, 8191.072411990135, 8638.131560527383, 8170.447007232264, 8159.194973544461, 5912.72699297542, 6822.647539663579, 5922.533858436091, 5895.84097889031, 0.408907, 0.605263, 0.372470
s0,100,05,r01, 0.251199356243906, 2.521846888774703e-06, 0.2511815306411553, 4.7233808210038343e-05, 0.2511996228902884, 1.5531799285709318e-06, 3.036420388144497e-06, 0.2511991830438619,7780.438123163998, 7705.206515313041, 8221.749944485866, 7639.575376837185, 7655.4536084828205, 4487.792049438902, 5464.771617145687, 4525.466823581305, 4491.067846114047, 0.623482, 0.718623, 0.534413
s0,100,05,r02, 0.24373191895757493, 5.156863048234431e-06, 0.2437218200123114, 3.280174377156269e-05, 0.24373004564943962, 1.0615013044434538e-05, 4.862631277580256e-06, 0.24373197798963425,7607.393962421372, 7526.596409650977, 8110.100503327573, 7471.010319332226, 7474.238159363581, 4288.3928530008, 5420.853220051323, 4309.771915071192, 4270.5608355467275, 0.582996, 0.724696, 0.510121
s0,100,05,r03, 0.2509315783892617, 5.90600370918521e-06, 0.247847949402667, 0.007861021405994201, 0.25093265054145925, 2.433043485717522e-06, 5.437605200660524e-06, 0.25093170886634336,7617.990413992467, 7622.515590658722, 8259.232582460412, 7463.643806217026, 7547.187527249381, 4455.546908996373, 5607.768661906023, 4302.606292353986, 4440.633097765702, 0.623482, 0.759109, 0.514170
s0,100,05,r04, 0.25013092239955415, 8.00382597333611e-06, 0.24928244291102467, 0.0021145692888470745, 0.2501325306125873, 2.926872378375046e-06, 3.97287632529377e-06, 0.25013220545413245,7648.263315320767, 7629.23435840549, 8143.524750421219, 7504.611484495634, 7580.589564434287, 4444.644481847311, 5444.938918465143, 4333.715211149624, 4482.410009124377, 0.595142, 0.759109, 0.493927
s0,100,05,r05, 0.25386543970063585, 4.357168014477039e-06, 0.25386079415577734, 1.5626979959381162e-05, 0.2538659755561962, 2.6538383611606652e-06, 3.0777049621407966e-06, 0.2538658378375188,7542.072639726223, 7496.912009943499, 8148.179548406569, 7406.693079347311, 7449.551227127826, 4150.451738077003, 5311.7325228302125, 4119.650838649164, 4189.424989170449, 0.587045, 0.757085, 0.522267
s0,100,06,r01, 0.2513199811758398, 3.560217640898015e-05, 0.24763381420110722, 0.008462713545955042, 0.25133148649667103, 5.676207772966098e-06, 0.0032616054188451646, 0.2500451749283352,7791.289895560262, 7675.188272012799, 8261.53481945914, 7669.857427773333, 7648.4328660413885, 5071.14156695025, 6294.9993806064185, 5132.381852063909, 5086.529943080094, 0.392713, 0.702429, 0.307692
s0,100,06,r02, 0.25399968365686115, 1.3984078130991e-06, 0.25399497367041357, 1.5057898823176508e-05, 0.25399936943550755, 2.301042740280627e-06, 1.9552123000025137e-06, 0.2539995101813799,7845.534227437424, 7703.985040881957, 8270.96831675332, 7712.495889921044, 7672.656403474866, 5058.390720847032, 6290.568726107122, 5158.4673321536675, 5058.9098218746885, 0.469636, 0.732794, 0.368421
s0,100,06,r03, 0.25279933339908905, 2.3983906040604815e-06, 0.2505278182476433, 0.005222970184617584, 0.2527993343756806, 2.3926164612572258e-06, 3.178195556116233e-06, 0.2527990854587903,7884.467592062416, 7786.7384997873105, 8310.85807740587, 7747.800688167771, 7768.5113683874815, 5218.6085522776875, 6287.165639728993, 5193.227344668353, 5225.926046940963, 0.453441, 0.702429, 0.425101
s0,100,06,r04, 0.2569322489843876, 3.5653323730909696e-06, 0.25680668960132447, 0.0003110399026011858, 0.256931856132236, 4.5737846692577135e-06, 4.039645756294249e-06, 0.2569320269587397,7929.4165400981465, 7903.714769989282, 8576.736280742303, 7793.909510568426, 7877.250284514934, 5397.844482713614, 6831.777949733325, 5268.222813577444, 5399.701348204278, 0.489879, 0.769231, 0.425101
s0,100,06,r05, 0.25319910966122294, 3.263695476649704e-06, 0.24888709802379896, 0.009541795716760422, 0.25319908387461004, 3.3097786547825766e-06, 3.4394185729630935e-06, 0.2531990228689445,7729.74051155946, 7624.237839666785, 8246.906544503447, 7604.126711852772, 7593.939465294076, 4943.0307486544525, 6181.860483684975, 4983.574404206698, 4952.042011701884, 0.497976, 0.728745, 0.408907
s0,100,07,r01, 0.24773204143985894, 4.482306030651697e-06, 0.244988537186464, 0.006637563861007404, 0.24773239231998845, 3.3047173115809482e-06, 4.426509707880282e-06, 0.24773202960637342,8140.0036843811595, 8050.709892656794, 8605.940734654096, 8017.249871591111, 8022.563060425982, 5758.764789415667, 6905.945835365279, 5759.243366330317, 5773.864080506683, 0.433198, 0.712551, 0.384615
s0,100,07,r02, 0.24693282703846262, 2.0249768996675897e-06, 0.24693271527001176, 1.976824102725931e-06, 0.2469330057950482, 1.3824878476792958e-06, 1.4327458896919274e-06, 0.24693299503730073,8074.144285843915, 7968.728134072587, 8547.184660759234, 7950.019986475818, 7935.583201002481, 5675.614508846127, 6856.807404137871, 5717.117850572168, 5687.839851470457, 0.400810, 0.627530, 0.307692
s0,100,07,r03, 0.24786507100542207, 5.327958414409984e-06, 0.2478525413374712, 3.882896505025808e-05, 0.2478646079086313, 6.672292319901878e-06, 5.871014536792353e-06, 0.2478648826050324,8149.497378071862, 8029.034508626267, 8534.062393031556, 8028.587385697012, 8013.788844676037, 5688.189164852298, 6835.151027462686, 5744.728510159081, 5699.641097187997, 0.364372, 0.623482, 0.327935
s0,100,07,r04, 0.24961403261769471, 0.0006981706458001303, 0.24798363663307957, 0.004698497725297826, 0.24917575027623481, 0.0018772541982382698, 0.00144355397984073, 0.2493388012782776,8014.8754391129505, 7892.395448272185, 8580.745971184397, 7889.06315273348, 7863.49658231288, 5504.802265155109, 6962.289127409866, 5577.403194604787, 5512.232866678945, 0.417004, 0.659919, 0.259109
s0,100,07,r05, 0.25293217659138734, 4.172548716404487e-06, 0.2529281217458136, 1.4847892091009012e-05, 0.25293145999209865, 6.151431627883201e-06, 3.4417185414807757e-06, 0.25293237177778916,8085.405881200898, 7993.937169206656, 8532.806481762182, 7955.646171794639, 7932.850071762557, 5597.023461714618, 6720.718395485538, 5593.0899337821875, 5547.866175883818, 0.481781, 0.680162, 0.348178
s0,100,08,r01, 0.2518564286597103, 0.007398338619301752, 0.25383153003118497, 0.0029892547872468304, 0.25377383422966876, 0.0028971424503097093, 0.005209780766859952, 0.25273951318660487,7747.940405221538, 7683.678803075091, 8006.613016820436, 7616.968105119081, 7642.315914527727, 4609.058825321982, 5406.306204966908, 4594.162897138252, 4630.614241050879, 0.502024, 0.665992, 0.392713
s0,100,08,r02, 0.25066501455659423, 5.441128236116185e-06, 0.2494612112687029, 0.002970709989983663, 0.25066526317773213, 4.489792736360118e-06, 5.394270395777235e-06, 0.250665012098501,7695.953138875092, 7661.936599456521, 8050.038317015176, 7580.151666700157, 7605.201154687178, 4578.183827172523, 5403.831107286152, 4544.922524674062, 4576.411662545179, 0.566802, 0.710526, 0.493927
s0,100,08,r03, 0.24653023752861938, 8.713916711784437e-06, 0.2465317165713755, 4.792338748217826e-06, 0.24653186358793885, 4.231869029424398e-06, 2.625932225533312e-06, 0.24653247496093691,7669.278475723987, 7597.343764808925, 8086.622196561576, 7542.991360677742, 7537.215194045164, 4570.417147371298, 5616.777794302335, 4576.703457497725, 4576.942577137313, 0.502024, 0.700405, 0.376518
s0,100,08,r04, 0.2506385291303712, 0.003382224241356595, 0.25185760937730445, 2.565012328528047e-05, 0.2518602145208931, 1.896522648346117e-05, 0.008135847009766434, 0.24877893058215955,7617.885025274533, 7577.896641435026, 7891.172706693534, 7488.469224302692, 7526.935997071613, 4436.510095662284, 5146.465723976865, 4401.745364393574, 4453.738394354804, 0.591093, 0.657895, 0.510121
s0,100,08,r05, 0.2498656225290825, 3.5013844785712063e-06, 0.24982487824505376, 0.00010553665893311372, 0.24986606353196472, 2.221238631940145e-06, 2.9022476453487415e-06, 0.24986581798320123,7657.0732948801715, 7621.3022085633465, 8168.686395333465, 7528.256778903942, 7577.007980648564, 4593.02906419583, 5760.222128175146, 4512.276442265815, 4581.975912736506, 0.611336, 0.789474, 0.542510
s0,100,09,r01, 0.2610641264000552, 9.048136957794051e-06, 0.26105598707086186, 3.0088911654123524e-05, 0.2610647685498321, 6.442383497394469e-06, 5.295288737936579e-06, 0.26106518605343254,8112.594705083214, 8050.174157998568, 8690.35336530995, 7979.142110818187, 8015.378806390404, 5235.229889679587, 6595.08819709281, 5172.182185566111, 5231.528442225018, 0.469636, 0.684211, 0.348178
s0,100,09,r02, 0.25946110106799913, 1.8411909827968482e-05, 0.2566071329273489, 0.007837677192590322, 0.2594592868146186, 2.4102345849941314e-05, 0.009772625941334545, 0.2558878389035522,8199.291040785354, 8100.494461497662, 8674.011869344808, 8072.343061581347, 8071.501996543506, 5290.390280335355, 6464.169482123676, 5305.246796134848, 5290.7857890804935, 0.493927, 0.678138, 0.417004
s0,100,09,r03, 0.24973036981918573, 8.664245241640467e-06, 0.24973079572639545, 7.630761590743683e-06, 0.24973188669001323, 4.295807282508848e-06, 1.2959665004827276e-05, 0.24972876653835926,8207.141327167068, 8107.1152146387485, 8649.856191712666, 8078.016052771158, 8094.3836802185015, 5513.532294850651, 6739.135856370899, 5508.94043613266, 5516.944567621685, 0.461538, 0.692308, 0.380567
s0,100,09,r04, 0.24999346208984743, 2.0859152077644814e-05, 0.2499973771289655, 8.424963968148586e-06, 0.24999695992290388, 9.943577059141812e-06, 7.606370580414991e-06, 0.2499976785225053,8086.887827538777, 8035.178126674153, 8532.153361714427, 7959.023940320904, 7975.673894116749, 5367.543613525508, 6468.8039655893535, 5274.801744231124, 5348.552677765282, 0.546559, 0.690283, 0.506073
s0,100,09,r05, 0.25933117657904375, 7.245770156895336e-06, 0.25933071235693894, 7.989733063161171e-06, 0.2593309470519385, 7.512215318695105e-06, 5.612360050322018e-06, 0.2593316548077079,8098.830801555203, 8092.349953708202, 8700.580637187677, 7966.292907415717, 8070.156332315521, 5366.82622695902, 6723.788836703965, 5203.897673964594, 5373.152365317716, 0.469636, 0.647773, 0.445344
s0,100,10,r01, 0.25306486155294905, 6.029764598560834e-06, 0.25301529584812943, 0.0001454231987524358, 0.25306517483950147, 5.133138864573409e-06, 4.5592954763079005e-06, 0.25306533919366725,8229.313316765114, 8100.662376915401, 8508.761847758327, 8093.800591100011, 8080.171888349903, 5477.006479601596, 6429.753622591902, 5583.516963594697, 5496.114249944791, 0.518219, 0.680162, 0.510121
s0,100,10,r02, 0.24773090793648125, 7.182815427418154e-06, 0.24560811765581886, 0.005358475800577103, 0.2477204743552964, 3.540879789284562e-05, 2.1291023573087103e-05, 0.24772578575099372,8077.022901967182, 7946.287603891955, 8326.827506344456, 7935.553758568988, 7920.155579848992, 5378.571492032876, 6173.282749700557, 5428.162513696241, 5384.692823210974, 0.433198, 0.582996, 0.376518
s0,100,10,r03, 0.2525325573157614, 2.778956748784921e-06, 0.2525318755131997, 4.3792779198557385e-06, 0.25253261588654297, 2.455002668623015e-06, 3.031577804358723e-06, 0.25253244869371216,8342.82641809139, 8231.600913790562, 8565.83572516327, 8216.204980657116, 8212.199187092112, 5824.107686113556, 6570.243599768237, 5858.097871694563, 5838.001438725729, 0.433198, 0.653846, 0.368421
s0,100,10,r04, 0.2502632642460304, 1.1021768107229944e-05, 0.2499587031273118, 0.000866600032148372, 0.24968988675256273, 0.0016332151634190371, 1.3432485386920272e-05, 0.25026247378316013,8212.622081190231, 8123.442201735682, 8487.314005793598, 8086.065797796964, 8107.0760735738595, 5623.519393848164, 6462.930742509715, 5670.963871924738, 5629.503146002666, 0.449393, 0.676113, 0.392713
s0,100,10,r05, 0.25546160088348135, 1.4715168160229296e-05, 0.25546321884523776, 9.955434122590073e-06, 0.2554659550492793, 2.4784488257638245e-06, 2.544823413491114e-05, 0.25545720021039137,8270.519630026012, 8179.696987596925, 8535.806700869307, 8145.940297115828, 8157.251240486695, 5578.533998536151, 6383.620653384419, 5602.800178972209, 5608.871111680097, 0.441296, 0.637652, 0.376518
s100,0,01,r01, 0.006115045318907761, 0.33562752604826235, 0, 0.3362803594132046, 0, 0.2946407232707509, 0.3098590920558377, 0,4954.039191620845, 5031.066566602292, 5642.4180634729155, 4825.488730736288, 4853.8325147325295, 4415.727460310393, 5309.311981994375, 4499.697290100453, 4437.86659158451, 0.421053, 0.556680, 0.255061
s100,0,01,r02, 0, 0.32158744675465406, 0, 0.3031901845334455, 0, 0.27040645225998533, 0.27648003389325027, 0,5111.862418262029, 5155.555970705451, 5770.376161721733, 4975.38009924989, 4992.0712227722515, 4697.657885761629, 5576.627509014377, 4797.057006688246, 4755.423327087091, 0.453441, 0.542510, 0.246964
s100,0,01,r03, 0.009638774507778884, 0.3038726793884586, 0, 0.3209309432484443, 0, 0.2801874568516621, 0.28317842643065705, 0,4872.567727289002, 4919.540399709699, 5326.197868101372, 4748.234472397095, 4734.529398146163, 4371.846609555299, 5000.319953812397, 4479.828192433868, 4426.807261098549, 0.396761, 0.437247, 0.161943
s100,0,01,r04, 0, 0.31064836697209086, 0, 0.3011962371969565, 0, 0.262601489495439, 0.26467691786699293, 0,5061.471878536485, 5109.9503034165, 5559.733306520509, 4925.307129757346, 4935.028118359045, 4738.686117048758, 5372.819459123764, 4794.332719626489, 4796.53903755952, 0.429150, 0.423077, 0.238866
s100,0,01,r05, 0, 0.320647669600476, 0, 0.29860388805356414, 0, 0.2645138201564985, 0.27750551606202123, 0,5109.743749094895, 5222.225160698209, 5575.134918877498, 4974.0179417985255, 5075.262525704867, 4836.434186565827, 5452.990531025741, 4802.591290589758, 4899.968817436349, 0.453441, 0.502024, 0.275304
s100,0,02,r01, 0.012986533573045432, 0.29769219024966886, 0.012026566520693541, 0.30187822309372675, 0.008449802115901572, 0.277336572378477, 0.28138040638560224, 0.008766478453108274,6021.439134034623, 6016.0786917634, 6435.859189556833, 5885.013296811847, 5892.980622248736, 5711.541624562078, 6398.984836189625, 5796.370444739538, 5761.1234769403245, 0.344130, 0.425101, 0.137652
s100,0,02,r02, 0.007862955388981374, 0.3160204918490236, 0, 0.3438432957173315, 0, 0.31379280130710624, 0.3191092693313776, 0,5924.7763771635255, 5898.388080968054, 6385.64114200127, 5786.448330062381, 5779.305235129357, 5630.962244394648, 6341.150794012331, 5664.741843829637, 5625.223723378844, 0.299595, 0.479757, 0.178138
s100,0,02,r03, 0, 0.3001940905849289, 0, 0.2893591393177736, 0, 0.26924505313465696, 0.27407120442952637, 0,6052.2569063788005, 6036.235281608613, 6413.868333311395, 5922.04970451634, 5934.924838431945, 5967.81098793136, 6643.906862336775, 6043.839928456422, 6029.251924876467, 0.299595, 0.384615, 0.121457
s100,0,02,r04, 0, 0.33082186101367705, 0, 0.328776024898508, 0, 0.30120693890875233, 0.30433884869103156, 0,5999.975632171005, 5960.545357404765, 6547.2292011921, 5865.391295282619, 5861.498421192251, 5669.496959142595, 6566.677710471951, 5748.520618116232, 5708.380313211423, 0.255061, 0.417004, 0.117409
s100,0,02,r05, 0.010655494214944798, 0.2757856064525087, 0.010003492827084027, 0.27602959595702226, 0.006676743245983565, 0.25853879959417037, 0.255975315834382, 0.008356060403704334,5978.5567920321855, 5986.773200618017, 6437.410692358459, 5855.2536099560275, 5881.537825830487, 5829.279050846802, 6488.149700762568, 5852.020361911611, 5872.369825476144, 0.275304, 0.412955, 0.125506
s100,0,03,r01, 0.011259347216432274, 0.30655765356144793, 0.0011432869425430762, 0.33095684201147624, 0, 0.2988439360376827, 0.3019585625379838, 0.004013347230541188,5158.577193010976, 5142.870217940175, 5411.819421399763, 5021.211937654093, 5025.403679146084, 4535.250982673278, 4870.640584610788, 4639.111859088719, 4545.3020913132705, 0.421053, 0.412955, 0.226721
s100,0,03,r02, 0, 0.3249075469793086, 0, 0.31390710409032785, 0, 0.28000915769394646, 0.28338196932330983, 0,5119.499813032838, 5114.274203083004, 5486.292267594698, 4973.958418448925, 4964.562237168774, 4571.186530879004, 5128.558450503863, 4664.486009869308, 4619.284384919584, 0.392713, 0.453441, 0.230769
s100,0,03,r03, 0.00424416698956178, 0.32084323894474076, 0.009164138268728127, 0.28609724282920856, 0.0007233483165188125, 0.29449491054654736, 0.2982667655630966, 0,5066.990695240921, 5077.511181056117, 5430.9058800897765, 4941.78912033777, 4932.045015868812, 4472.75775746191, 5009.780311310873, 4497.076107919435, 4476.624653485621, 0.352227, 0.396761, 0.153846
s100,0,03,r04, 0, 0.3340050983673275, 0, 0.31691691240632447, 0, 0.2868483812983443, 0.2898010386334443, 0,5181.039306290508, 5204.929607872984, 5704.983453088858, 5048.095396197219, 5034.925981784049, 4577.369470396362, 5309.912274915732, 4658.713160830253, 4627.3897994306335, 0.408907, 0.479757, 0.214575
s100,0,03,r05, 0, 0.3418581171746623, 0, 0.33130101014468843, 0, 0.298809712753604, 0.3045809385901678, 0,5132.224293051031, 5213.847114661444, 5592.505901386049, 5003.627436022467, 5046.621132595097, 4598.547259764734, 5097.255350503809, 4596.931304565234, 4618.557481556369, 0.417004, 0.459514, 0.178138
s100,0,04,r01, 0, 0.3268796979946086, 0, 0.32568781867293267, 0, 0.2902915104406613, 0.2926600605394669, 0,5479.489649845497, 5523.94214961672, 5801.015786033053, 5346.201082213787, 5386.404113746555, 5007.24972673755, 5424.582761508905, 5034.638349727337, 5047.423064609642, 0.360324, 0.384615, 0.186235
s100,0,04,r02, 0, 0.3409589400281527, 0, 0.33012034619074526, 0, 0.28714831941415986, 0.292908523785008, 0,5551.661003341296, 5597.986885476783, 5786.498889064995, 5405.324550974189, 5412.356992563568, 5109.122965286422, 5441.988044443665, 5182.637282545224, 5139.374175484606, 0.344130, 0.366397, 0.153846
s100,0,04,r03, 0, 0.3660001445648834, 0, 0.3439484841444014, 0, 0.3099849228559675, 0.3150290001684356, 0,5503.052458698019, 5671.812532879991, 5892.986164278186, 5348.302442948592, 5459.546806075821, 5018.0897483449635, 5376.512037443212, 4968.306335293852, 5092.277070710772, 0.384615, 0.441296, 0.210526
s100,0,04,r04, 0, 0.3153284640053837, 0, 0.3285232822517864, 0, 0.2815571445797835, 0.2841159549250045, 0,5500.178577370927, 5461.030543196394, 5846.987824553152, 5355.050416193736, 5340.662758593016, 5055.916260879401, 5526.728032340091, 5171.149903185908, 5095.178734897697, 0.327935, 0.449393, 0.202429
s100,0,04,r05, 0, 0.3571798450844653, 0, 0.3591017539187192, 0, 0.30534677149252876, 0.3131601737815498, 0,5377.490989754171, 5483.014424670194, 5865.612928659146, 5251.414878478232, 5290.293427636066, 4878.693444920368, 5393.91567369692, 4861.477740899683, 4876.595812978415, 0.376518, 0.475709, 0.174089
s100,0,05,r01, 0.004895783011653215, 0.28644876505027, 0.005954350969983058, 0.2814891315236984, 0, 0.26593316398815164, 0.27383928664081625, 0,5333.312097541533, 5402.692919383174, 5814.151705816098, 5215.171612389269, 5247.671340528199, 4160.678452747064, 4642.984232995487, 4200.93369103078, 4176.859321750565, 0.376518, 0.504049, 0.234818
s100,0,05,r02, 0.0001889164857291896, 0.2895515212328282, 0, 0.28303506480112084, 0, 0.26416093690974873, 0.26813116306244283, 0,5171.166595580511, 5165.038934234485, 5610.018478566339, 5049.785549099812, 5048.675842495979, 3962.5453239430926, 4519.114035175331, 4015.5507144640956, 3982.2024977842207, 0.331984, 0.475709, 0.198381
s100,0,05,r03, 0, 0.2995423262371702, 0, 0.2901672596496308, 0, 0.27446874876965177, 0.28150118893751014, 0,5172.488904268533, 5174.872036719718, 5523.183849681834, 5052.69865546106, 5070.763594635599, 3988.858274322209, 4470.6986010027595, 4049.2912030077446, 4011.257444671363, 0.336032, 0.504049, 0.238866
s100,0,05,r04, 0, 0.3084154876677757, 0, 0.2954976541100473, 0, 0.2807129695041181, 0.28733287820286363, 0,5181.390033743206, 5221.531185018404, 5586.108318289392, 5038.05432719476, 5093.8395028196, 3925.5321090090615, 4373.516421475269, 3972.074695620573, 3982.1643928590847, 0.400810, 0.463563, 0.226721
s100,0,05,r05, 0, 0.30235513570831585, 0, 0.28599295812632475, 0, 0.2641458322769539, 0.27391241852496584, 0,5331.759592374571, 5393.365276516413, 5925.515366951142, 5215.427496511334, 5245.484753735015, 4118.3789328198645, 4954.201738958675, 4186.341676078509, 4155.169087627443, 0.404858, 0.542510, 0.242915
s100,0,06,r01, 0.00017679240364404077, 0.32900296600469486, 0, 0.32929659731641514, 0, 0.28649034804789225, 0.2989739093953324, 0,5009.603571965592, 5053.971709547265, 5671.090775876411, 4889.521495945811, 4918.392411161305, 4190.777065854669, 4859.944368841849, 4211.728780321724, 4207.526474728444, 0.372470, 0.554656, 0.206478
s100,0,06,r02, 0.009229129529682358, 0.3316518908818805, 0, 0.33788874517825856, 0, 0.31096586362442846, 0.30979145962315685, 0,5013.888196740278, 5103.818814511347, 5434.930178841526, 4874.63930248867, 4879.038614190074, 4101.652772343291, 4536.9450936681515, 4115.177719226328, 4139.277354650197, 0.388664, 0.495951, 0.210526
s100,0,06,r03, 0, 0.35970083178672346, 0, 0.3279596948016307, 0, 0.3162478658892371, 0.3195660862233477, 0,5018.33503906444, 5050.139122471732, 5549.645712324217, 4891.228749029622, 4894.327739135303, 4027.0114197063876, 4679.692156526923, 4086.807188868464, 4057.3284866594227, 0.376518, 0.530364, 0.218623
s100,0,06,r04, 0.008427666416289344, 0.29949154555210866, 0.009035540452818715, 0.2853842755232465, 0, 0.28964360363630015, 0.2902364768770926, 0,5178.336798878354, 5219.6603230767005, 5658.862478319729, 5050.483436818045, 5078.14572422437, 4388.280345876185, 4956.5570409558495, 4388.102781872268, 4423.696452119845, 0.352227, 0.495951, 0.165992
s100,0,06,r05, 0.005347135345945878, 0.30114783490168234, 0, 0.3091347542976035, 0, 0.2784656726804823, 0.2840085344825495, 0,5179.639380469523, 5208.859546952298, 5774.3321967399, 5067.034923922794, 5087.091179419598, 4436.7046116751, 5213.088485713058, 4504.794299625047, 4468.2873046454215, 0.323887, 0.526316, 0.161943
s100,0,07,r01, 0, 0.3694833761021145, 0, 0.3568377379068639, 0, 0.2825535673875393, 0.30162445674216676, 0,5660.570369169151, 6088.998858737595, 6885.526971689445, 5515.367927739316, 5721.651225986421, 5365.356689266533, 6359.8990620343, 5152.929209472059, 5295.389186515442, 0.481781, 0.580972, 0.271255
s100,0,07,r02, 0, 0.35971748045631274, 0, 0.37365572010123166, 0, 0.3048383721973912, 0.3205764471999846, 0,5644.591189580506, 5723.321413664567, 6939.269973377835, 5493.676369309852, 5548.397594228691, 5002.364278126608, 6346.163318803214, 4985.842983273064, 4976.863720846623, 0.368421, 0.631579, 0.210526
s100,0,07,r03, 0, 0.34473699785261763, 0, 0.3492659080116056, 0, 0.29032865244900374, 0.3003811616104232, 0,5642.083139834521, 5764.705005665643, 7102.756411515032, 5518.441211990301, 5565.889150664439, 5084.77507363627, 6653.537352251294, 5081.474203925633, 5087.289655573407, 0.340081, 0.627530, 0.178138
s100,0,07,r04, 0, 0.354752922699943, 0, 0.3611805472032549, 0, 0.29327532565220626, 0.31006312708714545, 0,5642.4448423260465, 5773.324194768108, 6789.882072076394, 5497.020918840969, 5559.17824690294, 5039.820222560711, 6223.992122088895, 5060.356114620758, 5034.128846188337, 0.412955, 0.629555, 0.234818
s100,0,07,r05, 0, 0.37615809598336614, 0, 0.3591347513707282, 0, 0.3007789936996701, 0.31590409312036527, 0,5523.256037863173, 5742.193602293878, 6581.497873593269, 5400.911999071976, 5459.643959872878, 4874.970930722118, 5959.203067070455, 4854.826668802124, 4846.832192032121, 0.421053, 0.542510, 0.218623
s100,0,08,r01, 0, 0.34492842822138714, 0, 0.3385444968454089, 0, 0.29504137931503716, 0.3058667126014154, 0,5667.760541122886, 5758.568218078911, 6508.230679428881, 5524.989099373562, 5599.007094328526, 5016.010991518307, 5921.0002718986725, 5013.458335867903, 5044.833850834741, 0.368421, 0.550607, 0.198381
s100,0,08,r02, 0.001245866146741059, 0.3273587254460749, 0, 0.3324753275264443, 0.003782505768267853, 0.27722663913025697, 0.2993057583986156, 0,5645.745937192545, 5687.490076149682, 6310.92128710725, 5496.199576721124, 5537.084598563628, 4903.135458846484, 5653.583321402438, 4932.785021177985, 4926.632689982657, 0.352227, 0.473684, 0.251012
s100,0,08,r03, 0, 0.3475500784930752, 0, 0.3423201621309643, 0, 0.292318284527013, 0.3090979207064773, 0,5677.566323444344, 5826.049573256129, 6258.677237748967, 5520.898423563509, 5636.789879226965, 4991.391956651734, 5649.550623271105, 5011.267199172776, 5031.136840818579, 0.412955, 0.493927, 0.291498
s100,0,08,r04, 0, 0.32583232302754833, 0, 0.31054896872730287, 0, 0.2734263249074049, 0.28622531436614607, 0,5739.0027803020575, 5882.258851696157, 6298.244752719981, 5591.422081769077, 5661.167419148863, 5138.227820940742, 5746.035240049458, 5139.652912237519, 5134.5926503043465, 0.344130, 0.437247, 0.178138
s100,0,08,r05, 0, 0.34072625084361985, 0, 0.3310304021299832, 0, 0.2814508059080574, 0.2935281603957144, 0,5758.786452063394, 5947.344574374601, 6533.366562722943, 5628.492748037721, 5723.0064372995585, 5172.511935472508, 5934.435696806935, 5196.330547241523, 5222.348148768793, 0.445344, 0.566802, 0.295547
s100,0,09,r01, 0, 0.329374071124967, 0, 0.3436792353768836, 0, 0.284892254426811, 0.2920130393022638, 0,5716.04928867935, 5722.442073881787, 6286.387967610486, 5589.061627104558, 5595.652108056311, 5382.605818745051, 6064.357601797627, 5485.807110210075, 5453.741074029346, 0.307692, 0.437247, 0.153846
s100,0,09,r02, 0, 0.31536439438278346, 0, 0.3123946706972093, 0, 0.27618276155957866, 0.27781800018884584, 0,5541.798272024066, 5545.002641950509, 6057.317273316195, 5415.393609629586, 5420.940183308538, 5171.473030441768, 5924.307994630394, 5240.574062691998, 5240.9256908334955, 0.323887, 0.406883, 0.182186
s100,0,09,r03, 0.0038468253612316742, 0.29854535592565573, 0.006458178432316736, 0.2854226966239723, 0, 0.2772360856904462, 0.27918139686271914, 0,5773.91577496908, 5736.622043711521, 6076.444090983151, 5653.601713524849, 5646.03136328114, 5377.403942004872, 5865.401535659272, 5476.726697646888, 5446.592802005303, 0.283401, 0.372470, 0.101215
s100,0,09,r04, 0, 0.3132596586784799, 0, 0.3171236255522271, 0, 0.2683839090567113, 0.27575245029185974, 0,5709.27318391544, 5732.931786278405, 6165.724593931584, 5572.874566652516, 5570.604337548428, 5440.468553752415, 6045.472836578521, 5537.695710724237, 5483.913526398501, 0.299595, 0.398785, 0.133603
s100,0,09,r05, 0, 0.3099067717442329, 0, 0.3162756241213853, 0, 0.27240259723529564, 0.27667608919500447, 0,5655.253607534541, 5636.383599681597, 5918.176198719036, 5519.245474250772, 5525.440369777768, 5293.918458564777, 5637.264703076905, 5373.187256741681, 5342.637980486576, 0.295547, 0.370445, 0.137652
s100,0,10,r01, 0.008395780625949348, 0.3091796373277152, 0, 0.3148137486988731, 0, 0.2803178123808949, 0.2891411210640352, 0,5371.625289255293, 5612.423384377729, 5885.3561084741505, 5238.857536598519, 5271.277887298291, 5194.159866224143, 5677.664441227915, 5031.588490049817, 5011.601479107518, 0.465587, 0.497976, 0.218623
s100,0,10,r02, 0, 0.3292073577860581, 0, 0.3318560022624754, 0, 0.28869873193616363, 0.2928575347269898, 0,5242.424558940878, 5297.34340210008, 5649.656734539532, 5127.617912374296, 5127.560430089713, 4894.665589414866, 5346.030164111527, 4889.688199274762, 4865.437417796384, 0.303644, 0.396761, 0.109312
s100,0,10,r03, 0, 0.3454077517781575, 0, 0.34265762185341525, 0, 0.29027539942141, 0.30062585458451535, 0,5338.726337621475, 5444.268820258944, 5847.059222164622, 5210.9081553858405, 5242.089853927853, 5000.675949677223, 5511.811544132134, 4985.9195640661765, 4981.297236138664, 0.404858, 0.500000, 0.194332
s100,0,10,r04, 0.0018239160532496311, 0.3059361691137338, 0.0003276594721318756, 0.3245560587799931, 0, 0.28075702149958603, 0.28623038799074885, 0,5465.647885897893, 5434.377898850966, 5834.366540839876, 5332.717808455688, 5331.859017024904, 5065.302949579274, 5517.19056801421, 5125.14793855992, 5080.74624319642, 0.291498, 0.394737, 0.149798
s100,0,10,r05, 0, 0.3201730548615472, 0, 0.30794746883942853, 0, 0.2722761920893856, 0.2787932750003484, 0,5275.018643757149, 5338.783985816426, 5580.8439191447305, 5157.820740841729, 5157.4106794712, 4938.969181448661, 5329.283021005898, 5024.945754799454, 4964.322346480204, 0.331984, 0.382591, 0.133603
s25,75,01,r01, 0.19652331754853533, 0.06899956718427998, 0.1935725850299565, 0.07866237576021061, 0.1939053207641475, 0.07265201548099383, 0.07624969276744588, 0.19307565101056096,7592.499101151137, 7496.30366348538, 8155.459887455738, 7444.664914414597, 7464.068164061681, 5286.56697143873, 6521.751218721955, 5280.097274488559, 5304.7320472215715, 0.437247, 0.688259, 0.336032
s25,75,01,r02, 0.2048588541413749, 0.06662502532037726, 0.19522829943851763, 0.08718039682604038, 0.19897001142825615, 0.0738530193753609, 0.07441870464487937, 0.19934609436637404,7677.663383612674, 7720.997787369966, 8143.303305642077, 7537.099490003292, 7664.597201766979, 5443.017361741041, 6194.546625021554, 5212.689452413905, 5443.8713677099995, 0.510121, 0.623482, 0.388664
s25,75,01,r03, 0.19996869349724317, 0.07416421112884264, 0.19153362331274165, 0.09504552304471148, 0.1968977320281732, 0.07465700156966941, 0.07970824784486587, 0.19592747777414074,7559.379486696662, 7490.233470573037, 8198.274631962835, 7434.634479567748, 7455.434373415397, 5095.550275946762, 6440.6281811723475, 5108.119012414979, 5129.571622826266, 0.429150, 0.708502, 0.307692
s25,75,01,r04, 0.20358964786521572, 0.07565308537298687, 0.20303775215080438, 0.07771606818048667, 0.19926161396833134, 0.08128347222428117, 0.07467676863700527, 0.202433690135738,7612.920635277379, 7587.42391879711, 8134.637240283161, 7474.070578519051, 7512.558057013966, 5213.934068073825, 6286.10710717833, 5145.089259205545, 5178.144051836926, 0.449393, 0.678138, 0.364372
s25,75,01,r05, 0.21167275626485513, 0.05665594358939491, 0.19516428007433081, 0.09638067001286017, 0.20725106579392008, 0.062136037683756876, 0.0640046063510544, 0.20768843249087926,7511.834661897451, 7370.811374541744, 8183.867243118993, 7370.680757332252, 7334.159776642569, 4852.925419066427, 6310.271251187852, 4990.550874657447, 4874.345696562766, 0.445344, 0.726721, 0.392713
s25,75,02,r01, 0.19750756003579206, 0.07659680993280678, 0.19310497770592458, 0.08749975102221622, 0.19775205741863747, 0.06932547734269703, 0.06976560797783174, 0.19786862568060032,8185.882921685192, 8078.3389055448815, 8661.490176522733, 8054.6824835562165, 8039.6913375226395, 6333.847025885104, 7524.33582078637, 6394.837630572852, 6354.544266613055, 0.348178, 0.657895, 0.279352
s25,75,02,r02, 0.20716690766054463, 0.05184431000960975, 0.2037064907560486, 0.06367266294999875, 0.20655860837437093, 0.04909088988266105, 0.052110383842075954, 0.20581478789967642,8198.855772918838, 8076.784960265779, 8490.516810552352, 8063.436220417506, 8047.94217577103, 6283.799319602382, 7136.827866460271, 6342.733837103868, 6288.120446283929, 0.319838, 0.520243, 0.238866
s25,75,02,r03, 0.2144312614914005, 0.05472844122169318, 0.20635807417786914, 0.0783401597035171, 0.21482012197691652, 0.048571486518877674, 0.05513142140060409, 0.2123866712429461,8087.281795092964, 7991.590066500104, 8465.540411279118, 7941.721315718903, 7934.206598181601, 6047.7046514927115, 6927.956961971423, 6007.263608107405, 6037.8359402325905, 0.372470, 0.611336, 0.283401
s25,75,02,r04, 0.2077450665761719, 0.052734691752822895, 0.19987211549249578, 0.07360532740326924, 0.20683784790588264, 0.052885990023046864, 0.05399410308004879, 0.20676292067198737,8127.500906596655, 8039.51518823281, 8484.962041883166, 7996.971918932625, 7986.566185774117, 6210.435358564055, 7201.195695914032, 6234.784513639673, 6188.0836185139915, 0.384615, 0.621457, 0.218623
s25,75,02,r05, 0.2003742383174998, 0.05147108260375928, 0.19734805836885158, 0.05539443097671412, 0.1986086878700942, 0.04969707391020891, 0.04921439523190692, 0.19910751602038082,8098.387126348768, 8036.658802644564, 8420.425152392902, 7957.9615722447425, 7953.935498989491, 6338.132898220962, 7148.638026529516, 6322.248889828686, 6288.0237476452685, 0.392713, 0.522267, 0.263158
s25,75,03,r01, 0.1920860751468257, 0.074390609988277, 0.18121295108615953, 0.10147967581476097, 0.1893615888826452, 0.07868534267867663, 0.08218101298612317, 0.18800323280122408,7853.761611034371, 7719.662248092225, 8454.523758530166, 7704.719456602154, 7690.266295206214, 5848.439796545956, 7353.4863724627085, 5918.202976604943, 5862.658917548815, 0.319838, 0.568826, 0.251012
s25,75,03,r02, 0.18943885557217605, 0.1088607602864601, 0.18703734973764927, 0.11591585333357067, 0.189579942855216, 0.10134519359860221, 0.10707909717864367, 0.1870581882455346,7977.154797244749, 7916.246505827088, 8452.672103771432, 7849.38304918524, 7868.770678688958, 6094.946281587276, 7111.99002001339, 6050.157162344155, 6105.063996911298, 0.352227, 0.641700, 0.230769
s25,75,03,r03, 0.20030229993268614, 0.06841337064528369, 0.19023064336651166, 0.09684529934668529, 0.1975766260015463, 0.07266318524470214, 0.07176990239267313, 0.19739887708281922,7844.037854514838, 7742.407733865447, 8283.336020233126, 7713.983166962398, 7709.3298665489465, 5737.091635591203, 6843.906266422853, 5779.263022824262, 5746.294313540456, 0.360324, 0.601215, 0.259109
s25,75,03,r04, 0.205722131549988, 0.07816473143645242, 0.2029817979763941, 0.08860940591519863, 0.20348379184439636, 0.08063458265224197, 0.0840933982003222, 0.20204251236427637,7958.098938238478, 7827.797034559445, 8471.82780898299, 7826.2382661179445, 7804.003562474176, 5752.7292642394295, 7012.759361649475, 5824.590811755084, 5773.70130388677, 0.336032, 0.613360, 0.251012
s25,75,03,r05, 0.19493416517425455, 0.08189661622061925, 0.19088914305446805, 0.0886912295394232, 0.1943143689935228, 0.0764217074773773, 0.07674482316099841, 0.19490102948206037,7998.593899997024, 7909.89411287241, 8506.386119911574, 7870.7825929720375, 7879.731824325713, 6051.870480309068, 7351.366332246717, 6103.445906578739, 6074.793518944774, 0.372470, 0.580972, 0.299595
s25,75,04,r01, 0.20113904449527364, 0.06728135289886425, 0.19797705534691334, 0.0745839655529762, 0.19898040702527567, 0.0659463783038349, 0.07219535380566437, 0.19726530698310754,7784.560277729391, 7721.666079912473, 8328.928243832142, 7640.654535246755, 7675.932337291723, 5552.02470471969, 6705.822737076358, 5492.347510260395, 5578.35797796213, 0.380567, 0.623482, 0.344130
s25,75,04,r02, 0.2019941243528751, 0.05280235865113228, 0.19421035926812694, 0.07085986455001217, 0.19787452439311562, 0.05573610834856807, 0.05514563815865548, 0.19849944001582712,7828.950182505002, 7720.9178705967915, 8262.523064369767, 7687.869229375985, 7676.311978808105, 5567.005730411767, 6739.778597465722, 5656.968457737182, 5589.44480901996, 0.445344, 0.621457, 0.299595
s25,75,04,r03, 0.1990663910285494, 0.05657374704205089, 0.19397488540543611, 0.07293911024253502, 0.19692826526094034, 0.05800678925886542, 0.055435231099323516, 0.19738807185885532,7810.400737738946, 7698.147168872696, 8533.660309880463, 7677.926049517737, 7664.6685643168585, 5531.442002325895, 7090.14728124918, 5571.757896015973, 5577.548968720436, 0.384615, 0.712551, 0.344130
s25,75,04,r04, 0.19968867536865959, 0.05476655257807307, 0.1975282276612257, 0.06368227495911798, 0.19743242390337726, 0.056494895810425744, 0.05336126799144723, 0.19781638788891828,7772.082276475992, 7692.296345384977, 8581.791699466607, 7640.558370313525, 7648.846689974, 5507.365151095459, 7299.3168720617905, 5498.589766942216, 5531.923669911737, 0.388664, 0.682186, 0.295547
s25,75,04,r05, 0.19560021695145433, 0.0686852711521235, 0.1974314421482905, 0.06421664743802757, 0.19530035513793143, 0.06123310000633656, 0.06414094061943229, 0.19475327318501084,7826.035023971479, 7796.727860874158, 8478.300131551649, 7701.000901788188, 7742.627268209556, 5733.369093671068, 7032.329515282437, 5682.295252951161, 5759.3949725460225, 0.417004, 0.686235, 0.307692
s25,75,05,r01, 0.1943779205958038, 0.062251465067491386, 0.18874785927616747, 0.08056820678143117, 0.18841112486566536, 0.07334900786247397, 0.07592647835544712, 0.18724946861100558,6946.839856713599, 6909.063364413488, 7432.998398262847, 6827.978056865424, 6844.93003404715, 4043.2972927310416, 5010.147869063774, 4100.681681308683, 4083.7881116039416, 0.546559, 0.708502, 0.445344
s25,75,05,r02, 0.20037342353143192, 0.06488335208589131, 0.19215035454834578, 0.08115266717760505, 0.19991296389208663, 0.05686060455348057, 0.06527496591237472, 0.19787138931051598,6862.088609585813, 6828.133918332126, 7099.603873021196, 6737.957515737612, 6746.9789518750995, 3797.8535193762054, 4399.831253486344, 3849.6334787924025, 3814.804208527527, 0.506073, 0.621457, 0.372470
s25,75,05,r03, 0.20318017243343384, 0.061573637638233106, 0.1984800042199006, 0.07668555244939763, 0.2014133107764963, 0.05736314902198301, 0.053822604745862694, 0.20277681956958812,6946.6943991609605, 6909.2417940526575, 7375.621764907891, 6818.1465958564995, 6828.631975486496, 3991.067178104676, 4795.573434302658, 4020.2046054063385, 3989.266852562182, 0.550607, 0.676113, 0.433198
s25,75,05,r04, 0.1982502663057491, 0.06597723116290266, 0.19106846861812984, 0.08456248129498915, 0.19521391816242423, 0.06396600274010608, 0.06345411129907585, 0.1953517912337128,6896.604393529684, 6853.498286975712, 7409.8655000087165, 6757.51697217055, 6789.650054161116, 3931.0985484124976, 4901.974909624143, 3986.163486223261, 3986.277447266907, 0.611336, 0.692308, 0.518219
s25,75,05,r05, 0.20013897404336423, 0.06498991450225897, 0.197099297983246, 0.07407905449820006, 0.19740090916078032, 0.06603241555891756, 0.06449898049500324, 0.19828487974797276,6921.890314379227, 6822.639274421714, 7267.624193845033, 6797.890058550912, 6783.86378326913, 3867.8166141551037, 4702.79021986978, 3963.703619856267, 3903.620513404092, 0.417004, 0.625506, 0.336032
s25,75,06,r01, 0.18806592107224884, 0.07071893201409565, 0.18596454649538122, 0.08424096795104058, 0.18731107687743084, 0.06734428878990287, 0.06399986696792413, 0.188185523998985,7646.548784660173, 7510.850950121466, 7981.920173689981, 7495.78605609115, 7468.770559411187, 5553.518794150017, 6385.833662866244, 5641.0366508257075, 5576.180446685011, 0.331984, 0.574899, 0.202429
s25,75,06,r02, 0.20430257299028678, 0.06712562850790342, 0.198578299272617, 0.08417903091057949, 0.2032139568215289, 0.061124126496119854, 0.0658176246034272, 0.20174436090357767,7788.539981728862, 7643.4347400169, 8198.510110831088, 7639.928228122207, 7602.151577317319, 5548.9772893592735, 6551.604638841896, 5640.94316488656, 5564.0049508887905, 0.360324, 0.629555, 0.267206
s25,75,06,r03, 0.20251841827262684, 0.07513455355403631, 0.20093753645469092, 0.08941269985088253, 0.20026128809073285, 0.07539909832182637, 0.07583088240589596, 0.20077750659805804,7892.185969106548, 7772.30160929108, 8388.915875079125, 7750.037953758696, 7741.729033440538, 5727.92066230829, 6773.354478272529, 5755.6349778257, 5738.151811174946, 0.303644, 0.641700, 0.275304
s25,75,06,r04, 0.19954891634092276, 0.08156023694002154, 0.19407146492063573, 0.09223749374010379, 0.20005500775324309, 0.07290477683175592, 0.07963603756198215, 0.1977422540668727,7848.729348278556, 7732.178799434558, 8273.056913160528, 7693.9148268632935, 7694.591954734707, 5652.8426570389765, 6679.48640742495, 5677.466793495737, 5669.221527922065, 0.404858, 0.633603, 0.315789
s25,75,06,r05, 0.20161306589550465, 0.06903707467836545, 0.19844643921356253, 0.07984001371378642, 0.19883518781269527, 0.06712500505961647, 0.07038965727214473, 0.19908066857860227,7802.287433637106, 7686.404651730735, 8228.969656493811, 7652.708920987843, 7640.891334944767, 5610.29192726106, 6618.809341919512, 5689.6459030635, 5623.578644574422, 0.360324, 0.649798, 0.271255
s25,75,07,r01, 0.20324296884497103, 0.051829979099753724, 0.19330814142830724, 0.06840069478312316, 0.19906735426371183, 0.05630212896567297, 0.05092865506777791, 0.20114980188033152,7862.7072918798785, 7777.450638632671, 8294.28955692486, 7744.723514660799, 7729.278411119081, 5650.274425831179, 6903.984849731055, 5696.142764967233, 5654.843463584204, 0.311741, 0.645749, 0.194332
s25,75,07,r02, 0.21315682384694573, 0.048686751805389, 0.20162055002423412, 0.07479916864448834, 0.2129049783511638, 0.045958712659315754, 0.0462571146386117, 0.21306658346798926,8087.32127580105, 8043.898734637663, 8567.660351069087, 7954.403888931889, 8007.139200748365, 5975.004861684616, 7183.378576597424, 5932.102717182273, 6008.107211606777, 0.453441, 0.659919, 0.368421
s25,75,07,r03, 0.207678081666231, 0.036089977162407395, 0.2026125700278387, 0.050712638977154265, 0.20582600125644704, 0.03621303406825147, 0.03628853159936203, 0.20604375072601375,7902.4458520815015, 7803.5240629584105, 8220.6851072371, 7773.852989750778, 7767.516958589695, 5720.016226533979, 6626.908381711605, 5767.215140321177, 5733.4518090989695, 0.380567, 0.599190, 0.299595
s25,75,07,r04, 0.20784163058360158, 0.04870398227286673, 0.2054205976993062, 0.05205543884163752, 0.2071978140107235, 0.04539460159432405, 0.04929408987875829, 0.20622082761679275,8161.757198477748, 8077.916345414632, 8477.422980567686, 8034.609728332443, 8042.655276672833, 6154.467925269462, 7097.049074460941, 6201.376370793164, 6180.446216849266, 0.408907, 0.587045, 0.275304
s25,75,07,r05, 0.2024347946212613, 0.044607412436525, 0.19254060692087666, 0.06893325745704774, 0.1994632369587384, 0.05116078267371648, 0.04666654500912225, 0.2007129475614138,8010.512962315364, 7905.517946981306, 8427.556343335718, 7897.4108393399265, 7880.816537481765, 5902.321747315976, 7056.599578662395, 5965.288159253127, 5921.312387987311, 0.364372, 0.641700, 0.279352
s25,75,08,r01, 0.20175881282511215, 0.05393421514814251, 0.19752268704681045, 0.06548995222916323, 0.19531839395791245, 0.06692231151793687, 0.06658826143364559, 0.1955762147576202,8005.041459950281, 7949.069415745273, 8244.155484811074, 7871.720863021527, 7896.261746554657, 5751.039214568466, 6418.794597394731, 5726.033206056791, 5748.584372264814, 0.437247, 0.556680, 0.356275
s25,75,08,r02, 0.19411380025490596, 0.07030622599506246, 0.18879609084022606, 0.081248973840586, 0.19150818671811318, 0.0705704301922079, 0.07575856579422593, 0.19042148517738522,8013.865668093196, 7990.112024177903, 8277.798780453491, 7867.889716838246, 7924.644216421383, 5814.911301525828, 6491.0709255293505, 5750.8775496899025, 5821.395191891319, 0.489879, 0.609312, 0.384615
s25,75,08,r03, 0.19688903979263622, 0.06337311246249423, 0.19359091968774855, 0.06400913532187386, 0.19655805652292768, 0.0541636046849446, 0.06494560523447573, 0.19451792546860514,8045.395211388484, 8012.516910565941, 8268.130034022759, 7919.159462453623, 7954.007271399516, 5806.376961554097, 6422.344263771561, 5753.721759448908, 5811.484506071871, 0.412955, 0.512146, 0.311741
s25,75,08,r04, 0.20273591015805106, 0.046676751818385764, 0.2056306461267009, 0.03843585195986167, 0.1999943997610098, 0.04774516213145267, 0.04870194476186166, 0.2005074661004823,8003.5330608251, 7926.823872920512, 8301.140440779338, 7860.546920297105, 7869.038869469824, 5573.809189933798, 6437.275578325905, 5603.57327916707, 5575.148866309308, 0.473684, 0.589069, 0.360324
s25,75,08,r05, 0.19311505207877724, 0.055131488777148935, 0.18803055287091364, 0.0702702491908077, 0.19132423419983607, 0.057677551587822166, 0.062230096855467334, 0.18955234576267896,8036.114433081825, 8011.233364574289, 8297.138603456238, 7900.595673836333, 7943.6903974315965, 5896.597026680792, 6517.330309938368, 5776.718731522876, 5887.1177602762245, 0.506073, 0.576923, 0.364372
s25,75,09,r01, 0.197698337139808, 0.04356257410041696, 0.19627802122063084, 0.04626937027770496, 0.19630705760703596, 0.044162263300697085, 0.04405345869019149, 0.1966860436891991,7672.585080733114, 7539.418376909828, 8062.964587190054, 7525.30331987605, 7508.993094297025, 5197.914633886386, 6168.261339669992, 5282.032062405703, 5217.424085027734, 0.392713, 0.589069, 0.336032
s25,75,09,r02, 0.205656660488451, 0.04098541386448603, 0.19850435987383452, 0.062073266995493086, 0.20178091050113015, 0.048338891093477956, 0.04385599956424948, 0.20379874490388508,7654.583020101754, 7512.696111670813, 8077.605888855409, 7507.336364289938, 7485.855855277337, 5121.09126024959, 6182.811826159892, 5222.841203153033, 5132.35909742282, 0.388664, 0.621457, 0.303644
s25,75,09,r03, 0.1990038463941776, 0.04656987128873986, 0.19515771703376866, 0.05745343602338478, 0.19626949680781136, 0.051068226286223754, 0.04984900623463144, 0.1974012635328483,7736.404761499713, 7621.569824833362, 8095.379828049017, 7587.946372752084, 7595.48286911336, 5346.322544888603, 6254.9172567204205, 5384.483331352546, 5353.468725592499, 0.429150, 0.651822, 0.323887
s25,75,09,r04, 0.20953974151653604, 0.03561714757303479, 0.20998219940999188, 0.038426381082704304, 0.20639289770179578, 0.04107250520848386, 0.038204732465747154, 0.20815821965885817,7651.63134999013, 7516.567877257692, 8062.921791982922, 7511.340235557528, 7497.873597019936, 5082.081974398947, 6079.71752571748, 5156.102585387797, 5089.077138306891, 0.384615, 0.589069, 0.331984
s25,75,09,r05, 0.20671388673715915, 0.038784850444652415, 0.19985429260511695, 0.05678176487949432, 0.20266079344365304, 0.047192327938670904, 0.04636938536948035, 0.20349522234727577,7643.278143403773, 7516.928040677645, 8006.934931665724, 7502.920974166252, 7493.196173226378, 5002.015511704054, 5945.875208508626, 5073.228300562961, 5006.670273277274, 0.380567, 0.585020, 0.307692
s25,75,10,r01, 0.20083965750294755, 0.05907659220520272, 0.19506336862832857, 0.0725320361306468, 0.19945250903534256, 0.052926271356862654, 0.05966380116554855, 0.1989065120504222,7232.990933070623, 7173.8997635975165, 7604.2023807905825, 7093.905683543052, 7136.969248515226, 4946.413067633331, 5804.890190092183, 4891.58688955209, 4957.277749332846, 0.449393, 0.672065, 0.372470
s25,75,10,r02, 0.2068189864192774, 0.048079087817853326, 0.20196316164547728, 0.058677477245807415, 0.2022119020450928, 0.05212244893264616, 0.04760209980414702, 0.20543947365890994,7429.955452102024, 7330.091692999019, 7712.84741176648, 7290.482513217077, 7292.800469540962, 5134.75063382883, 5957.627333737641, 5184.776478144241, 5141.007781850225, 0.485830, 0.582996, 0.412955
s25,75,10,r03, 0.2073880793981846, 0.04435029147439017, 0.20896488241770447, 0.039480909798859695, 0.20487485889428064, 0.041202143463938926, 0.046473827438353356, 0.20330874669274893,7360.543515480917, 7276.644345459438, 7522.541036922713, 7225.220718632871, 7226.643969699108, 5010.492805402606, 5576.191381659692, 5053.507132781678, 5056.158521796982, 0.485830, 0.562753, 0.380567
s25,75,10,r04, 0.20209223207033117, 0.04598068943149048, 0.2013101092877771, 0.053609605865234375, 0.19921644079221118, 0.04684574700478564, 0.04940556584145849, 0.19914572953798604,7312.596166204479, 7206.833616157139, 7582.102021035039, 7164.6168356551425, 7172.440225962513, 5051.405173548684, 5757.208669078666, 5098.5320483777805, 5062.4545424607195, 0.485830, 0.603239, 0.396761
s25,75,10,r05, 0.20884871021485563, 0.04250506003412446, 0.20937278710239776, 0.041627161285859964, 0.20563871589334323, 0.0456373764754129, 0.04413428824179352, 0.2065863490865124,7270.935800634748, 7164.132879653439, 7403.095352228579, 7144.1126094559995, 7126.9687273665795, 4776.319639381456, 5337.980320583563, 4846.447641852347, 4786.18881395121, 0.497976, 0.613360, 0.360324
s50,50,01,r01, 0.1465565766480789, 0.14093347987212215, 0.1471237403207048, 0.13664317815151078, 0.14376052848494866, 0.13368951629420267, 0.14381073394966548, 0.1409219859830571,7121.475700785034, 7030.58063915185, 7568.725202983523, 6987.352271655604, 6983.458318010732, 4897.905420232661, 5842.595583204086, 4977.830979425387, 4913.908424363686, 0.360324, 0.548583, 0.251012
s50,50,01,r02, 0.14146165783592202, 0.1497376693397268, 0.13474917677026718, 0.16819571180562334, 0.13430027151207147, 0.1486809300685658, 0.15524984670466846, 0.13504607644293132,6978.07886950746, 6928.784280765834, 7553.657440209867, 6854.978179398631, 6863.578677274621, 4711.920623958162, 5754.446579314568, 4803.198579745362, 4741.2292069492505, 0.469636, 0.611336, 0.352227
s50,50,01,r03, 0.14520341945536466, 0.13809047748718878, 0.1360209626957882, 0.16245476002038498, 0.13836511065636858, 0.14121170178687487, 0.13421494309963, 0.1431427832424289,7168.1670957664655, 7097.89879281105, 7600.521646253806, 7030.656913739466, 7047.416398576542, 4990.5271440550905, 5846.539573961962, 5072.3662886005, 5006.2439101758855, 0.489879, 0.603239, 0.372470
s50,50,01,r04, 0.14358599294276722, 0.1518321964700712, 0.14039138107695556, 0.16443728752321435, 0.1402872899765676, 0.14485285818348506, 0.15013897007321714, 0.1406604123217266,7115.831686201661, 7046.680982222871, 7706.994099699267, 6984.75578063806, 6985.304281178381, 4861.412543801489, 5931.1263305300035, 4935.289936877259, 4874.088528000795, 0.396761, 0.558704, 0.279352
s50,50,01,r05, 0.14826875169105894, 0.130629868915735, 0.14723530848341465, 0.1320951033890939, 0.1439787104639021, 0.12653751246152847, 0.1372331851907135, 0.14207236228992018,7169.516643147481, 7083.3385079169375, 7578.804598773207, 7031.928696637465, 7024.021083579415, 4986.984069539332, 5883.875699018051, 5070.493714950847, 5026.952064478519, 0.437247, 0.611336, 0.336032
s50,50,02,r01, 0.1385207707848068, 0.15390987265313283, 0.1295646432472993, 0.17437340252885547, 0.13744560410898182, 0.14714848609714964, 0.1525394147462288, 0.1358295341875422,7123.647619347811, 6995.577622844739, 7616.645270622251, 6991.9070949836305, 6962.3379841584665, 5305.841241862976, 6417.755558634259, 5372.678513372182, 5314.851900405263, 0.340081, 0.613360, 0.246964
s50,50,02,r02, 0.14376450039862135, 0.14670106047928938, 0.14437671709910838, 0.13398552815363352, 0.14141795374968258, 0.1400049774098746, 0.14943353790228414, 0.13985173446507027,7158.086756762896, 7066.826620838004, 7468.093687215245, 7026.876949963337, 7027.321245756615, 5431.00876785333, 6262.425146411165, 5498.137847965562, 5434.841747651418, 0.412955, 0.558704, 0.311741
s50,50,02,r03, 0.14456523278441816, 0.14806728828695992, 0.13985423953837509, 0.1608783119932406, 0.14177540995652071, 0.1418052872714481, 0.15376815474982092, 0.13919534641148648,7355.99120115168, 7271.0818759004205, 7603.554034942449, 7217.235094053273, 7207.924083050402, 5753.4111914233135, 6441.491700859901, 5830.866174872881, 5770.3206590653535, 0.425101, 0.544534, 0.315789
s50,50,02,r04, 0.1475322719027089, 0.13748051771738606, 0.14276868054902817, 0.1486085456152235, 0.14044147098245255, 0.14984230421572595, 0.14998223096066013, 0.13968860090924784,7165.835536309847, 7060.356193197641, 7580.623616299468, 7025.205603985172, 6995.266632685248, 5400.275083666828, 6434.488209262538, 5505.281793325981, 5419.110188775138, 0.417004, 0.615385, 0.279352
s50,50,02,r05, 0.14267142594241827, 0.1345526841534796, 0.1368581861154783, 0.14705598977372447, 0.13686866533049133, 0.13823296385802697, 0.1384687672397486, 0.13694514855694317,7358.86023072073, 7298.499967672261, 7852.295331292328, 7229.100616165433, 7236.299864110696, 5878.64517885831, 6923.424292857775, 5905.9715975403915, 5910.671889976148, 0.380567, 0.627530, 0.311741
s50,50,03,r01, 0.15979410994356974, 0.11847214811330556, 0.1447879197193438, 0.15422874900132189, 0.15141425723915738, 0.12961962539906438, 0.13334043559190156, 0.14927776780005964,7584.122682558478, 7491.512085013505, 8064.070654519182, 7422.276679384955, 7409.081371009793, 6010.173713248814, 7084.787606032683, 6078.2635318374205, 6024.285084720938, 0.425101, 0.595142, 0.291498
s50,50,03,r02, 0.15555713531859325, 0.1254828267659388, 0.1528985011306977, 0.12795720665376628, 0.15105160057695308, 0.12719964696364494, 0.12549307928758857, 0.15158916136633083,7474.247860653676, 7380.083466261086, 7885.896549836981, 7326.715857277422, 7318.543170990446, 5929.55157953509, 6990.059268669905, 5955.412726906503, 5929.851142308215, 0.384615, 0.576923, 0.234818
s50,50,03,r03, 0.1552001729291718, 0.10240238374813489, 0.1552651333304236, 0.10897212888458317, 0.15163335176068743, 0.10558139883661793, 0.10939721692662141, 0.14930257270902866,7600.194149302651, 7486.574519004376, 8152.903124119418, 7451.243978339319, 7448.4448913824035, 6142.830139059178, 7451.258011856672, 6152.791701404885, 6170.283087853248, 0.376518, 0.566802, 0.275304
s50,50,03,r04, 0.145930367245302, 0.1229728522556257, 0.1428171777520938, 0.12479741896854417, 0.14108456048362006, 0.1267715698776265, 0.11946890521727464, 0.14386091917519034,7511.449487589872, 7362.824286411855, 7848.617238390815, 7346.703242960485, 7321.574008806253, 6038.51122297352, 6921.745138535762, 6118.377643884667, 6055.305245808055, 0.356275, 0.552632, 0.218623
s50,50,03,r05, 0.14607985372304763, 0.10978432883853306, 0.1430790771579854, 0.11989007891205497, 0.14087352002968082, 0.11729828759620078, 0.11055046848600952, 0.142262091077699,7523.690914785118, 7422.409061533706, 7891.251040383231, 7374.964290919119, 7370.804934391155, 6112.503173167411, 6994.298210835043, 6118.177984300642, 6124.736721089224, 0.356275, 0.538462, 0.291498
s50,50,04,r01, 0.1393539159438325, 0.14964037918334683, 0.13451120362798016, 0.16484258204190574, 0.1370992983869045, 0.14109456002552695, 0.14654174440596537, 0.13573501076355518,7000.500948979592, 6927.433688325948, 7310.631970862517, 6860.348431543196, 6857.140899517624, 5087.309883891611, 5801.803982926298, 5125.461466121996, 5112.723107329475, 0.376518, 0.532389, 0.218623
s50,50,04,r02, 0.1371373134986892, 0.15514407126838636, 0.13364526120488743, 0.1639278555871568, 0.13769482691601764, 0.13868158997179186, 0.15351584485577105, 0.1346050179907616,7065.910952237225, 7033.8210367679685, 7565.214959167626, 6939.526262847023, 6981.540404473383, 5234.597340991663, 6162.417478749642, 5217.993497697436, 5263.193121524675, 0.396761, 0.558704, 0.303644
s50,50,04,r03, 0.13628626683895456, 0.15558215283644405, 0.13442143819211042, 0.15854813323680772, 0.13647279971755333, 0.1329752008851646, 0.14077223930372737, 0.1336844245723201,7034.147493973893, 7007.146869013599, 7522.528263244474, 6912.126419739846, 6907.015643362387, 5186.469904393876, 6092.125771196316, 5230.017503608677, 5200.061412120176, 0.360324, 0.599190, 0.222672
s50,50,04,r04, 0.13330269580025017, 0.16414397080642837, 0.1327118779841406, 0.1667834903431987, 0.13467443925230624, 0.13823654772998917, 0.14641117088308014, 0.1341342202792802,7090.240074730674, 7032.739412456844, 7491.977421579855, 6946.266168113627, 6959.869944085104, 5256.089256650075, 6096.167432858803, 5281.776979173916, 5259.437445720375, 0.376518, 0.582996, 0.299595
s50,50,04,r05, 0.13057187192039404, 0.17845420748306745, 0.12655264644576672, 0.1796158767214936, 0.13306280863271325, 0.15075003779773036, 0.15494889163072692, 0.13189531558112896,6863.151632240562, 6821.720330433833, 7360.7369486532625, 6717.046493559049, 6734.293227018162, 4957.347220089987, 5890.272548651057, 4950.4463219375175, 4961.940856774396, 0.352227, 0.558704, 0.242915
s50,50,05,r01, 0.1416369058818643, 0.15238257067778027, 0.12677301840944724, 0.19358673674068516, 0.13851919538604981, 0.13735930914680575, 0.13936505846876482, 0.13935942660142306,6995.598262101437, 7003.455424922772, 7456.003744516588, 6853.8245126236625, 6932.500137939852, 4842.657234463064, 5548.930205155007, 4815.9650283042965, 4887.399822054086, 0.514170, 0.611336, 0.445344
s50,50,05,r02, 0.15073786757681537, 0.15758118631687834, 0.13109891837340398, 0.2049569217217533, 0.14915291840592537, 0.14126023754333358, 0.1690043105452074, 0.14064073093961924,7070.943629383947, 7123.2866605256, 7481.629415753317, 6938.218256557088, 7039.271510451209, 4822.627528800179, 5503.231951014007, 4728.234511611556, 4876.14142111465, 0.441296, 0.670040, 0.376518
s50,50,05,r03, 0.1445066627072304, 0.15233550403964266, 0.12831143699605854, 0.20451039734794083, 0.13929215753266505, 0.1500983584831991, 0.15872495312076926, 0.1386845926897484,7063.704141322699, 7066.253938460868, 7521.128661096192, 6934.025475686465, 7004.237721006456, 4837.794135733703, 5573.885377926061, 4815.133627080023, 4852.730303111832, 0.502024, 0.639676, 0.368421
s50,50,05,r04, 0.1382155142673968, 0.17161373483719472, 0.1312332993945501, 0.19079569268394636, 0.14154146047602537, 0.1295771351304853, 0.1408591253030214, 0.1397145893717444,6852.1704902515, 6961.115565178586, 7436.702284836105, 6729.48937315189, 6857.985859025126, 4682.978427749992, 5463.711985828681, 4566.577307915954, 4724.291493144393, 0.461538, 0.578947, 0.331984
s50,50,05,r05, 0.14571341736289722, 0.15291570842029623, 0.13641614065228075, 0.1803851623782346, 0.1442511647915589, 0.13125977924659993, 0.14346864631200992, 0.14090555869281954,6900.150306206633, 6981.579594265106, 7244.539441455735, 6751.844118533742, 6882.214339478347, 4656.278979083422, 5114.1716241637605, 4517.477827403685, 4711.501949776778, 0.518219, 0.599190, 0.429150
s50,50,06,r01, 0.14055528726642694, 0.13879281132555502, 0.1356793846120706, 0.1573255857100009, 0.1305438237387769, 0.14267678773393455, 0.14183847979258216, 0.13274655101472224,6749.045267650433, 6713.684999780656, 7078.710241402347, 6618.161623151905, 6648.47049593315, 5077.483214060612, 5660.08167082467, 5077.0917646641865, 5083.586058506075, 0.388664, 0.481781, 0.303644
s50,50,06,r02, 0.1369892696926058, 0.1566346291188645, 0.1355957711455282, 0.16284028833775693, 0.13189309108520905, 0.14774752138018019, 0.14981295208363243, 0.1336230349096378,6561.727235533079, 6485.710825710274, 6883.563544132887, 6422.651120309626, 6426.057425338041, 4707.513494902964, 5440.905318995182, 4779.230164937578, 4726.090403366731, 0.433198, 0.538462, 0.331984
s50,50,06,r03, 0.1418853080947395, 0.14718853127547635, 0.12985987612963776, 0.18592576687000437, 0.13351392871985984, 0.14719072289381008, 0.14462801784249052, 0.13416218519863343,6789.252110484756, 6697.994094141499, 7138.260067625043, 6640.339962394444, 6612.225865291252, 4998.681528192853, 5735.055464923083, 5087.420152138426, 5016.146420061325, 0.364372, 0.589069, 0.287449
s50,50,06,r04, 0.1444564205578216, 0.15464168286514532, 0.1446082607012929, 0.15962016667523657, 0.1386906471005184, 0.146344076879329, 0.15496763709303144, 0.13725632416290692,6769.579386826639, 6710.711860316912, 7181.150115839878, 6640.803330731836, 6641.517863889921, 4954.737409269004, 5781.877025833593, 5037.104047665431, 4994.5164354508215, 0.396761, 0.603239, 0.315789
s50,50,06,r05, 0.14652453852422373, 0.143808756423607, 0.14547324857051383, 0.15210282653325202, 0.14282889006455843, 0.1315687100817587, 0.13651935159234024, 0.14232774595412573,6708.984081922257, 6669.53584973986, 7016.399314900709, 6580.41560772736, 6601.438766064021, 4891.964671141567, 5497.707013258282, 4906.228552973327, 4919.494433181539, 0.453441, 0.544534, 0.348178
s50,50,07,r01, 0.1425690306286916, 0.15532923563894702, 0.1442678828755494, 0.15214257084242272, 0.14185668079834313, 0.1407775185331396, 0.14402048144313037, 0.1410393843588661,6948.726996842095, 6900.347273744987, 7290.891542738962, 6808.170490008308, 6817.37397844019, 5270.0533137462335, 5971.129244068815, 5250.987021163441, 5261.2265796506745, 0.400810, 0.599190, 0.291498
s50,50,07,r02, 0.14468475897816557, 0.14774864677707003, 0.13711905197019725, 0.16639399344400382, 0.14126698403604657, 0.14257158243071189, 0.1423986003825894, 0.14161813018642244,6870.56152556619, 6824.017803380142, 7187.442159049926, 6742.98157936821, 6755.131955121158, 5027.908503935878, 5710.316563540557, 5075.356621072896, 5048.942831009297, 0.331984, 0.544534, 0.263158
s50,50,07,r03, 0.14041260835899533, 0.14393350941354277, 0.1390800334433478, 0.1420323249115946, 0.13930549041238588, 0.1374717314481065, 0.1368532855865533, 0.13957461463034518,6934.3091840501465, 6817.6243387840705, 7196.041156878147, 6800.023480932733, 6773.605272207972, 5198.938352270275, 5915.417856138671, 5287.475977736089, 5209.04526681202, 0.352227, 0.538462, 0.271255
s50,50,07,r04, 0.13403051123919232, 0.17360087880840702, 0.13770968989328575, 0.15607243295573564, 0.13641819742472516, 0.143572507363965, 0.15197877294732168, 0.1333872610099008,6820.586051241471, 6790.078910228267, 7176.26424645272, 6700.814901891291, 6726.29709589738, 5084.6053496158165, 5841.5108637410385, 5101.737996999339, 5098.923063920466, 0.380567, 0.566802, 0.287449
s50,50,07,r05, 0.1476184333855919, 0.14097117594768002, 0.1434336993336886, 0.15011220019551577, 0.14450060434408768, 0.12608237284041693, 0.12688392064111828, 0.14456384897245425,6800.892512218617, 6754.79834837461, 7199.540093167948, 6672.171487790623, 6678.1198032792745, 5022.8479684316635, 5790.760023808981, 5056.154577477812, 5044.750623745178, 0.372470, 0.568826, 0.263158
s50,50,08,r01, 0.14947454457527667, 0.13247967325348473, 0.14758508762369857, 0.13917246116111312, 0.1444262295102217, 0.1370973101058133, 0.13508842046778696, 0.1451667999799933,6650.4951981417025, 6589.273511479039, 6991.2548328047105, 6525.627168971429, 6524.718641735098, 4239.676526476033, 4861.999646932271, 4287.682778228095, 4279.433919900728, 0.404858, 0.548583, 0.251012
s50,50,08,r02, 0.14533939045122696, 0.13213677847922206, 0.14272393046934015, 0.14650327009466205, 0.1432537483583037, 0.12306237622415236, 0.12922100544417883, 0.14083662139462455,6634.590307394544, 6638.108725422753, 7057.415395573674, 6520.02094466281, 6516.095021155268, 4300.0125916931975, 4927.325481433841, 4332.244711564995, 4300.801218347156, 0.437247, 0.603239, 0.291498
s50,50,08,r03, 0.14018559954732976, 0.13929761321266879, 0.1417067843482629, 0.13957868297526982, 0.13887336678705278, 0.12533874685895005, 0.13484506061570262, 0.13725124861244603,6596.8088728741395, 6613.615717053562, 6990.885892576714, 6461.799860443556, 6529.405921476017, 4347.246812846579, 4946.547388991866, 4337.486637655486, 4389.881179987774, 0.473684, 0.607287, 0.360324
s50,50,08,r04, 0.14508380005862287, 0.1411166244361782, 0.13440504842125553, 0.16753498349189572, 0.1437046928478251, 0.13116141649534294, 0.13909005736080665, 0.14182467185839806,6563.747666021906, 6527.011428515092, 6982.172350718757, 6438.194489046521, 6432.178114039584, 4238.72033269615, 5020.150668061029, 4297.910049827014, 4232.465326841567, 0.477733, 0.595142, 0.344130
s50,50,08,r05, 0.1518452747092898, 0.1494099657874089, 0.1443712098006073, 0.1671291641922016, 0.1468177368825871, 0.1370681982240117, 0.1408843363266741, 0.14789101218624426,6673.808866059888, 6698.193814495788, 7109.362013704826, 6555.406178360276, 6574.7241182575, 4280.004812521216, 4934.835258641854, 4301.597870730137, 4275.535435419342, 0.481781, 0.568826, 0.372470
s50,50,09,r01, 0.14199644791131352, 0.14810957007955966, 0.1346320623172991, 0.17384247334752945, 0.13629968700491907, 0.14838056736378402, 0.14507242773367088, 0.13734486078010644,6963.2652077363, 6908.086211449046, 7329.574454308607, 6829.396377070663, 6811.318716283348, 4979.757110120797, 5668.478962490799, 5029.222316054732, 5006.8871941972675, 0.445344, 0.623482, 0.279352
s50,50,09,r02, 0.14549753311758393, 0.13876894875823725, 0.14682048180058113, 0.13351067319702672, 0.1410706550189973, 0.13674859276466605, 0.13214228415596765, 0.14351695370175613,6965.388843555458, 6877.383421973889, 7297.273792992579, 6837.196044021899, 6828.110671232876, 4950.736259095959, 5619.558610430814, 5024.866858444248, 4980.782514211206, 0.408907, 0.623482, 0.315789
s50,50,09,r03, 0.14529606298231876, 0.18057220156699255, 0.14230163574283536, 0.1790315609860458, 0.14108565260649625, 0.17012907831151408, 0.1765217445319222, 0.14113964689195954,7079.802597312993, 7045.343357277157, 7357.267694883767, 6947.910229658598, 6974.607818237259, 4993.590170342473, 5667.904675243475, 5074.168447731951, 5062.570729580589, 0.453441, 0.593117, 0.368421
s50,50,09,r04, 0.13944140910781141, 0.18540992434955547, 0.13619121582158009, 0.19064693423059054, 0.13192535928107751, 0.18291949588473377, 0.1910694999276645, 0.1303313895497634,6782.27105974844, 6714.001268445905, 7117.67112248367, 6646.17801390141, 6638.801191305925, 4620.2977180800235, 5289.659689569697, 4689.383249831685, 4646.333767630249, 0.421053, 0.558704, 0.303644
s50,50,09,r05, 0.14049613956042856, 0.16660183703387574, 0.13881452456430976, 0.16808492213775078, 0.13661299462054638, 0.15702512162719684, 0.16375076592522528, 0.1362881275021045,7002.981024538508, 6924.190423166703, 7265.605264788129, 6872.805054762003, 6872.160912438481, 4950.464055528444, 5589.426444202541, 5037.912603822989, 4994.405887034495, 0.412955, 0.534413, 0.279352
s50,50,10,r01, 0.14689735018785183, 0.13255848204949938, 0.13895965267987095, 0.14474976280182247, 0.1372927523340358, 0.14113133303291223, 0.14236172081723536, 0.13699436938215764,6935.697971776325, 6962.840672366555, 7191.865220343524, 6792.288741095735, 6872.657352789771, 5015.702833835615, 5582.432878946317, 4937.2455479592945, 5062.330387100902, 0.485830, 0.574899, 0.408907
s50,50,10,r02, 0.15107629380887969, 0.12538461133217524, 0.14111479367311627, 0.14753187034204163, 0.14223737005497483, 0.13000710194303516, 0.13275947990206458, 0.142552268729674,6766.020902126157, 6665.525856350167, 7132.416292910597, 6609.1992149935795, 6593.725361499768, 4529.036833179524, 5469.484644872972, 4650.848662065403, 4583.461872570182, 0.425101, 0.611336, 0.299595
s50,50,10,r03, 0.16007212248596034, 0.10926832498972143, 0.15386968119553374, 0.11919010768265342, 0.15099624786403235, 0.11606351538763636, 0.1238998083300862, 0.14863350049006135,6926.22892399546, 6918.335179464739, 7214.673105202268, 6788.0558768517385, 6836.041239615986, 4900.140031179987, 5486.425768428784, 4865.320625256881, 4948.049866425438, 0.530364, 0.609312, 0.429150
s50,50,10,r04, 0.15158408328583897, 0.11624805928527304, 0.14501780618253918, 0.13252612836483116, 0.14851487820447443, 0.11236603287053781, 0.12154197200252452, 0.1456293133186154,6848.919507896636, 6727.812591611713, 7102.71381101796, 6708.630732839202, 6676.442417666665, 4711.546309131283, 5422.735094200591, 4813.551868033397, 4728.76250493398, 0.485830, 0.613360, 0.360324
s50,50,10,r05, 0.14151293110171356, 0.12623118358198923, 0.13017928897812137, 0.1498931674988655, 0.13119361677260297, 0.13713397744691716, 0.1400448087344392, 0.1322608891130825,6712.113427739473, 6646.700796117851, 7134.666353255103, 6581.8129177088895, 6582.417478661671, 4727.0795533491055, 5589.53469736157, 4788.473277232224, 4746.083341326017, 0.469636, 0.617409, 0.348178
s75,25,01,r01, 0.08233816926437855, 0.2642105403296542, 0.08501848192300299, 0.2522914649991847, 0.0804108694453737, 0.2148452060766031, 0.25072630695179793, 0.07085742746682153,5575.105734047922, 5669.3637982675555, 6109.866241525018, 5424.53778036947, 5492.334665185448, 3813.2116748686503, 4395.328479935089, 3830.8946556057585, 3845.391361040198, 0.522267, 0.587045, 0.384615
s75,25,01,r02, 0.08381274674449936, 0.26576583682206695, 0.08212997220047782, 0.265296598161583, 0.08467749669989683, 0.2120218120443522, 0.22182103896037983, 0.08481387767378486,5750.770926195846, 5806.880202373017, 6473.380964050893, 5624.36723353802, 5648.359371137946, 3981.338234241535, 4865.582123141573, 4070.801031306444, 4011.5742213235644, 0.566802, 0.706478, 0.417004
s75,25,01,r03, 0.07597117847422809, 0.26198242209375616, 0.08546221027816062, 0.22851807198004706, 0.08036582141447811, 0.20940130922015565, 0.22529332609854508, 0.07720415666405771,5842.0519536399215, 5942.785928198221, 6536.821752200928, 5722.278720334525, 5771.144397206322, 4259.21497017542, 5207.6753142745365, 4232.314393253503, 4276.872908530759, 0.526316, 0.627530, 0.315789
s75,25,01,r04, 0.07556186595596998, 0.2560864554746819, 0.08343605771360497, 0.24264502905800855, 0.07398276846956062, 0.2119045102722424, 0.22705384101958384, 0.07203882983411172,5632.01603565498, 5674.935276983002, 6323.191793791658, 5501.895549277267, 5524.601122338199, 3933.3553070578446, 4831.118001202073, 4059.9381856436803, 3982.5498126979146, 0.477733, 0.692308, 0.364372
s75,25,01,r05, 0.08474110593104084, 0.24238641400369784, 0.08823058319748825, 0.22855072779876842, 0.08212569955960157, 0.21174851688748836, 0.2227557564020876, 0.08215823824278971,5841.123695775662, 5848.510140775208, 6393.458749801943, 5701.794283473684, 5733.869997929741, 4136.721478579076, 4867.155621289793, 4181.070930274621, 4166.899031952423, 0.473684, 0.629555, 0.344130
s75,25,02,r01, 0.06825175231607912, 0.2558015915526685, 0.06475196016098415, 0.277614179056887, 0.06811157956811188, 0.23998511400694747, 0.25167133858779517, 0.06304134243983664,6849.730178605656, 6810.222703724311, 7296.707050975254, 6729.648354809967, 6735.796299543219, 6104.562203348725, 6919.073973411797, 6081.300477573477, 6121.686560394668, 0.327935, 0.487854, 0.157895
s75,25,02,r02, 0.07732307389661193, 0.22558162052952604, 0.07227889654870719, 0.24120159689698623, 0.07085982039412694, 0.2151652754586246, 0.21585104691972418, 0.07114249399898587,6660.820790958952, 6666.2603830377975, 7146.70949256977, 6533.970622232594, 6530.201768874386, 5876.70397537166, 6681.770809840884, 5888.358330998436, 5850.756491864306, 0.352227, 0.431174, 0.121457
s75,25,02,r03, 0.07495947898392702, 0.22384178452363065, 0.07009914991541205, 0.24204600594373227, 0.07426235701613991, 0.20954671247297077, 0.21271525466884747, 0.07197949053894569,6765.062052118233, 6697.025361933006, 7255.485496469938, 6642.793583472821, 6626.9974732153605, 5983.269218271662, 6936.725626895355, 6034.761563705232, 6036.48508113053, 0.287449, 0.528340, 0.153846
s75,25,02,r04, 0.07023753541283045, 0.2640667680492097, 0.06110243933886052, 0.30291638784996266, 0.06848518498502978, 0.2365953079773858, 0.23844211631122428, 0.06782893944594805,6703.384903542169, 6737.379440314284, 7219.074112610813, 6579.0295589608895, 6567.794419902824, 5896.127521540059, 6636.592283558497, 5886.054194146518, 5852.364483157199, 0.340081, 0.483806, 0.182186
s75,25,02,r05, 0.07218254692223704, 0.2394090421351571, 0.07037984204428527, 0.2598948545907727, 0.06732270293063881, 0.22868790444674375, 0.23114622043259248, 0.06624941491846792,6844.3539788388425, 6796.327508778428, 7325.043712362455, 6709.337446356585, 6703.461239974881, 6047.565652013151, 6842.090354419534, 6098.38238200393, 6074.151287162086, 0.291498, 0.439271, 0.170040
s75,25,03,r01, 0.0807256100829155, 0.25455152464225755, 0.0753654058213933, 0.2772173143226645, 0.07719399700723956, 0.22480295213420443, 0.2323635819492253, 0.07673297235402136,6174.3407049731195, 6184.613819925476, 6725.760657236221, 6041.540959593763, 6071.228931280638, 5285.593798123064, 6112.3896491278965, 5293.517338044601, 5305.406460602137, 0.336032, 0.524291, 0.206478
s75,25,03,r02, 0.07735375580324072, 0.2703634738729655, 0.06301102691261487, 0.3307551885823022, 0.07240392922962209, 0.24448161855681425, 0.2541660115366428, 0.07181594200066846,6110.095582980615, 6156.829075506841, 6639.701288278209, 5979.067896582998, 6030.372334946293, 5178.0164199655455, 5810.080907386999, 5152.547527037236, 5165.052312544119, 0.421053, 0.532389, 0.259109
s75,25,03,r03, 0.0852503868418509, 0.27320841516582806, 0.07916682858164548, 0.31603169142370724, 0.0816804354653786, 0.2360440363902468, 0.2451490490965671, 0.08047298104446564,6138.209460610479, 6188.137532623753, 6729.130628516096, 6007.2114412462215, 6020.7810153964365, 5040.774142892046, 5774.484888716861, 5087.553693001115, 5062.853737867495, 0.457490, 0.560729, 0.275304
s75,25,03,r04, 0.08036596498096475, 0.25396448041254294, 0.07211690529248592, 0.29406668852422146, 0.07202094734218707, 0.24321614732543204, 0.2524985767112478, 0.0714433889362253,6274.4349332588445, 6321.756137568777, 6763.405829261825, 6143.047101329476, 6167.333109862838, 5448.717771163974, 6002.293546693486, 5383.814826921354, 5386.354213748816, 0.445344, 0.564777, 0.275304
s75,25,03,r05, 0.07449913324436733, 0.27722209299358547, 0.0720344001332175, 0.31353291128774047, 0.07641912911250333, 0.22887768773429434, 0.25029304557565374, 0.07516258030069659,6223.288016643661, 6276.998931460097, 6871.151256439315, 6086.2489672836255, 6157.315067731965, 5326.438445332497, 6049.62351029377, 5273.027185596167, 5286.144062568455, 0.445344, 0.518219, 0.356275
s75,25,04,r01, 0.08153791931077611, 0.18474335110761228, 0.07910953120939757, 0.18409408978188127, 0.07497972291798699, 0.17744077038610712, 0.16895137700773055, 0.07872484843360804,6782.012067058422, 6844.436249513066, 7099.713557995571, 6657.571928334591, 6717.4709166695875, 5937.038727298464, 6367.758386809998, 5876.670760227201, 5965.257668728951, 0.388664, 0.471660, 0.255061
s75,25,04,r02, 0.08055447548885505, 0.1946107493722655, 0.08034386195154009, 0.18866499180581195, 0.0791725761435182, 0.17956345523991862, 0.18194536290271265, 0.07853839630214896,6720.904285671716, 6726.521241298264, 7069.197082723854, 6591.709983459924, 6649.554691881078, 5768.765179401378, 6286.36261144496, 5725.733879296112, 5785.738068575739, 0.372470, 0.469636, 0.242915
s75,25,04,r03, 0.07436073843660815, 0.21008820020878335, 0.07229482866702792, 0.20574878113369016, 0.06785873464535282, 0.2005628979835929, 0.20364206112389072, 0.06737200820591739,6699.7008324363815, 6686.377588812516, 7023.068862656486, 6577.0835739077675, 6584.515424151357, 5742.077617594222, 6352.042968758126, 5778.830389296122, 5771.175760645098, 0.380567, 0.459514, 0.222672
s75,25,04,r04, 0.0757972805002585, 0.22626529203580784, 0.06580105353927758, 0.23793529262054683, 0.07614118549273846, 0.19397572674713678, 0.20647557575866854, 0.07420752779913145,6624.285881939537, 6610.6057480837535, 7221.385404851197, 6486.5567562739325, 6533.272057827243, 5518.0899988607125, 6577.412776641955, 5499.457866460271, 5560.156662437864, 0.336032, 0.564777, 0.259109
s75,25,04,r05, 0.07602066060928402, 0.2211217357049367, 0.07817205593041833, 0.2088848159184917, 0.06871951323303142, 0.21400283107791498, 0.21130423822631275, 0.07088767851633251,6584.62940764865, 6585.419963946488, 6925.489587522239, 6452.266500673504, 6484.913363068172, 5428.859351521246, 5990.189454870704, 5453.030305997066, 5451.108762285138, 0.356275, 0.437247, 0.222672
s75,25,05,r01, 0.08744849766259313, 0.21791681506122473, 0.07381903182882794, 0.2389388623769976, 0.07416258454863235, 0.220711930872183, 0.21661690475782971, 0.0778914412569705,5798.675871323666, 5722.329311383199, 6068.895586761834, 5658.996854622341, 5620.522466075802, 3679.938883933276, 4268.843569680635, 3832.296470907456, 3718.1392121805093, 0.380567, 0.589069, 0.259109
s75,25,05,r02, 0.08628649208961976, 0.21965213721798424, 0.08043028358250953, 0.22197513860166843, 0.07507432203346731, 0.21081676241586741, 0.2098740262046279, 0.07649234968003604,5795.349848747044, 5766.998570439388, 6196.731210754646, 5662.858670603552, 5631.271419824079, 3767.377157632893, 4526.686623725647, 3890.8093869923055, 3807.1998571947183, 0.457490, 0.607287, 0.299595
s75,25,05,r03, 0.0911254628586378, 0.2038046275915571, 0.0924770287991064, 0.19604589824944685, 0.08001729639861371, 0.20143377254683537, 0.2130577756510162, 0.08036740190029923,5626.72281605983, 5669.299682242852, 6111.1720951530915, 5494.239239155537, 5542.404545147111, 3634.7177853368953, 4314.443809653671, 3672.0666229502417, 3627.5300279061325, 0.510121, 0.649798, 0.315789
s75,25,05,r04, 0.09277284914859718, 0.2303674073226312, 0.08553990948969664, 0.23227134996875334, 0.06881089454507613, 0.2420700359399115, 0.22807202641180704, 0.07887287698336722,5798.856805381924, 5926.792223174613, 6347.429399546421, 5669.790417523521, 5733.014133404687, 3846.373414291299, 4507.006827840287, 3877.930708767419, 3863.6693625640114, 0.534413, 0.657895, 0.348178
s75,25,05,r05, 0.07730589739988204, 0.2745304741208186, 0.06699091566392906, 0.2842221359088639, 0.06188183072765881, 0.2726535293922999, 0.27467224519802497, 0.06339184068442157,5836.1232997976595, 5886.60413442784, 6357.042556357825, 5705.661774246458, 5725.356454423998, 3782.5494704930907, 4444.765298513916, 3862.7697480240104, 3825.9433791902875, 0.473684, 0.645749, 0.352227
s75,25,06,r01, 0.09453952102745798, 0.18617884370919896, 0.09259434791000902, 0.18485224271416142, 0.08041049137678405, 0.20491150066490996, 0.20244239867256975, 0.08427970141391251,6188.303680059502, 6101.6730252093685, 6404.602180670192, 6046.862327601961, 6046.109322460021, 4553.681257853065, 5062.12528082173, 4651.651093829543, 4564.063389244617, 0.368421, 0.465587, 0.271255
s75,25,06,r02, 0.08128194261964244, 0.2082530130286928, 0.07414394235833169, 0.21555811860199212, 0.07013819309868301, 0.21198924704030328, 0.21511703599631557, 0.06944737907461437,5960.843823086549, 5945.798860637129, 6359.375588155406, 5828.487297914137, 5835.426881750223, 4466.4764402362325, 5098.562866544465, 4500.136696332168, 4502.605870781235, 0.425101, 0.560729, 0.263158
s75,25,06,r03, 0.09805554659767757, 0.18005951713550095, 0.1018685484494044, 0.1605739406886022, 0.08499693780562058, 0.18919881045300138, 0.18634342168320742, 0.08858767656184345,6088.31029297806, 6027.8963100797855, 6331.559188585332, 5952.20087460575, 5951.032572010635, 4424.258711202801, 4877.764791342906, 4509.828927770815, 4448.541704974725, 0.437247, 0.487854, 0.307692
s75,25,06,r04, 0.09534022604194364, 0.16415015605790004, 0.09269870395362767, 0.1616545809723054, 0.07741395740980828, 0.18277570485399808, 0.1866973515482262, 0.07889139718272327,6122.617861403064, 6108.397525861194, 6551.561981230958, 5986.441227897102, 5991.138975388316, 4631.3712375052855, 5358.125127730806, 4728.891212029112, 4663.154586439798, 0.465587, 0.550607, 0.279352
s75,25,06,r05, 0.07859463344465191, 0.2179345514955038, 0.07852822981432145, 0.1984593358923766, 0.06973915578839765, 0.20648010489080462, 0.21484477913754066, 0.07096530319968052,5983.078355786072, 5969.718190795873, 6328.586388014983, 5852.201679784716, 5860.972581495157, 4496.950517810035, 5160.996314773262, 4604.524846248859, 4544.490916347229, 0.445344, 0.554656, 0.279352
s75,25,07,r01, 0.0818648154111369, 0.25793582620779876, 0.08565832677187432, 0.25105095700695934, 0.08099241219657728, 0.23487954897639302, 0.23645213294212514, 0.08065310322476478,6928.729043563379, 6889.381511410139, 7341.304011892219, 6776.715622790563, 6807.064550974458, 5698.947867237669, 6377.512874146239, 5673.224234946466, 5729.906523008089, 0.336032, 0.449393, 0.210526
s75,25,07,r02, 0.0850418717385506, 0.22233354463699154, 0.0848747010828074, 0.21981736551598602, 0.08809126251589951, 0.196896709653501, 0.20832035058418163, 0.0844404417834983,6833.7200940406, 6751.332188504865, 7150.505420711971, 6678.504441434541, 6699.83255898238, 5599.78206831258, 6283.520950871416, 5595.9535457948305, 5614.8586000645055, 0.303644, 0.421053, 0.242915
s75,25,07,r03, 0.08359133618297283, 0.2457005158287258, 0.07956807821150304, 0.2595917322583008, 0.0824931952997584, 0.21255328651232447, 0.2163757789872189, 0.08101123215297644,6946.267976087249, 6965.961544773223, 7341.142807800194, 6802.936528079148, 6835.67032301837, 5711.061496542366, 6394.052131218047, 5734.753463959165, 5740.783522389386, 0.352227, 0.463563, 0.186235
s75,25,07,r04, 0.08321550245526561, 0.2577368445216756, 0.07584643257531717, 0.2785118662728092, 0.0775729323148808, 0.24218994641735214, 0.25170810559283985, 0.07596587129809616,6862.459341877297, 6818.983133196056, 7108.89496129637, 6721.7829548885575, 6719.638339993691, 5566.091627928044, 6091.174725422854, 5610.259350518588, 5584.43311096081, 0.356275, 0.386640, 0.226721
s75,25,07,r05, 0.08628070937290049, 0.2542227597037113, 0.08463746699173243, 0.2501471430541802, 0.08061031795459721, 0.24731407629477475, 0.24934945430804864, 0.08151105045308049,6908.191146513214, 6884.801217004628, 7165.428303570141, 6784.9682837405535, 6826.0404452315315, 5515.982395842992, 5994.212059691477, 5559.130006274431, 5573.4156366751085, 0.336032, 0.423077, 0.182186
s75,25,08,r01, 0.08405403645232135, 0.17379639053298593, 0.08132626960224207, 0.1778507353240995, 0.08190738538348138, 0.16352155997741255, 0.16816220515950567, 0.0819959062498847,7057.991065295108, 6990.158140022883, 7374.599474865887, 6919.579570355879, 6934.207118112406, 5657.049045404457, 6264.968790872095, 5704.255574357884, 5683.246840040835, 0.303644, 0.425101, 0.218623
s75,25,08,r02, 0.08353225344285024, 0.21298329093684015, 0.0826087647473369, 0.2220643118842097, 0.08011248112058063, 0.2050185045261808, 0.2115199737191788, 0.07975621647058766,7190.320957492024, 7142.785332710568, 7468.601769353728, 7064.009870627001, 7078.312752897889, 5665.315590793894, 6135.552586147207, 5712.242398929171, 5690.95432171818, 0.392713, 0.477733, 0.234818
s75,25,08,r03, 0.07583672398411784, 0.2026747616750464, 0.07853470157261853, 0.19121226634876967, 0.07356117886975198, 0.1956261580939972, 0.19338457146143714, 0.07539657891924888,7224.421723083995, 7184.991544705623, 7479.863207294986, 7085.75075076507, 7127.327712100218, 5838.150590800254, 6276.447596990103, 5835.726016978347, 5851.9881244101, 0.311741, 0.455466, 0.267206
s75,25,08,r04, 0.08720531083063178, 0.17971574984512545, 0.08295846752706297, 0.19804773780029522, 0.07765827861170008, 0.1845002066891378, 0.18462525860231166, 0.08047074225844321,7094.624405408803, 7071.6770250509835, 7576.845707980137, 6962.244088393372, 6976.928207371228, 5655.460332251016, 6448.596981562661, 5683.292080087103, 5657.220689232952, 0.352227, 0.512146, 0.202429
s75,25,08,r05, 0.07751611400408531, 0.19795175704777357, 0.0781183137566927, 0.19456453492549405, 0.07412154250736509, 0.19142284728656514, 0.19352259728017254, 0.07435447886384396,7164.746722827749, 7089.550480322828, 7479.316638207567, 7014.169840304136, 7033.233462090164, 5748.755223731701, 6311.266318032318, 5746.554554240355, 5768.978534081578, 0.295547, 0.485830, 0.198381
s75,25,09,r01, 0.07627321688694916, 0.2771053174465905, 0.07982474969059389, 0.26204244250431624, 0.0747889938145026, 0.24039517402126562, 0.24475098847007748, 0.0741165202726413,6466.092278579008, 6490.057198695947, 7132.048284049439, 6343.542552459029, 6362.569515190138, 5316.672816899953, 6330.357713835484, 5351.415788663558, 5358.680053127853, 0.396761, 0.534413, 0.222672
s75,25,09,r02, 0.07716342208853323, 0.23324418452754908, 0.07002104130882997, 0.2582074757139276, 0.07066073650820598, 0.22084109265427151, 0.22468959065488145, 0.07147458920060834,6528.1498764494645, 6484.089831629947, 7107.464182921967, 6394.958568668533, 6396.047429659255, 5486.1918544737555, 6357.43929532375, 5565.171937414991, 5522.280551686303, 0.340081, 0.522267, 0.238866
s75,25,09,r03, 0.07802567194317094, 0.22262791289299036, 0, 0.4438460171454122, 0.07786371938780128, 0.19326013664229674, 0.20445640222199973, 0.07686194625318211,6440.974041433705, 6390.2292916426595, 7023.98526483948, 6318.8440468479475, 6323.210915449975, 5378.71943191676, 6220.039988019115, 5462.113834497183, 5404.08866837702, 0.275304, 0.504049, 0.190283
s75,25,09,r04, 0.07658181257463263, 0.24028347622382243, 0.07903264688207054, 0.23481797133214244, 0.07554194528301197, 0.21437911480401767, 0.21707523105393708, 0.07598153985724039,6510.127055085316, 6478.660034599736, 7130.851072664554, 6373.894586576951, 6391.800389641397, 5495.504162837506, 6509.982287520044, 5535.516962147148, 5539.518257914579, 0.319838, 0.528340, 0.238866
s75,25,09,r05, 0.06622354657528753, 0.242623503628767, 0.06375763451962367, 0.2525652329904985, 0.06320264152008673, 0.22463218198001952, 0.2249146649714741, 0.06312624389971806,6530.329047934429, 6522.961179414699, 7096.74303932178, 6399.721190821707, 6397.492556172822, 5633.8356036486575, 6532.392673212179, 5660.883418943268, 5631.825273747012, 0.311741, 0.534413, 0.186235
s75,25,10,r01, 0.06892880411607957, 0.2425059580710712, 0.06546434180608972, 0.24762601980297128, 0.06742233542034, 0.207615541818941, 0.21714559095138694, 0.06537529271613221,5722.424239308814, 5731.965411337832, 6235.274259902275, 5594.833559217191, 5605.5798651576615, 4074.0820292060453, 4822.856914613928, 4116.646899452786, 4108.035902107615, 0.340081, 0.548583, 0.214575
s75,25,10,r02, 0.08880579351915667, 0.22193604994292568, 0.07669237609549345, 0.2432547465118165, 0.08423298335971713, 0.19209070448216226, 0.1985163015195474, 0.08506650027808738,5840.169573271796, 5843.879959957331, 6574.5930800263395, 5718.264518840857, 5725.860434654644, 4107.217269416682, 5238.267870858932, 4185.348795103221, 4133.253399784033, 0.388664, 0.572874, 0.275304
s75,25,10,r03, 0.07295910056976421, 0.24384378918668367, 0.0651817891862115, 0.2633277829821198, 0.06794193017101967, 0.22382243482600792, 0.22903549842143345, 0.06789288212166927,5850.615951560874, 5828.3045568283205, 6390.486312150226, 5715.458039723756, 5722.174200891758, 4123.37603561844, 4890.634527647527, 4190.88569762437, 4164.721724204935, 0.425101, 0.585020, 0.267206
s75,25,10,r04, 0.07740365883974305, 0.25022153893270277, 0.07222914215780506, 0.25987149673809246, 0.07251237504722795, 0.22846261525712305, 0.24473896369745693, 0.07061128469365581,5864.56914392536, 5876.334236817503, 6372.083669276889, 5730.136472635483, 5770.309512821755, 4150.388791146561, 4920.832866149024, 4200.039577325002, 4177.513064359951, 0.356275, 0.552632, 0.251012
s75,25,10,r05, 0.07549052344017328, 0.24133570488480693, 0.05754525296605386, 0.27301673956025674, 0.07121337929268227, 0.21411159949941994, 0.22237184413822056, 0.07061344246844152,5830.194424152731, 5827.22030608713, 6455.942715999367, 5700.808276918244, 5709.765233901991, 4137.8049309178805, 5108.071146930078, 4187.087417862723, 4178.052486799371, 0.457490, 0.643725, 0.315789
