	r1	r2	r3	r4	r5	r6	r7	r8	r9	r10	r11	r12	r13	r14	r15	r16	r17	r18	r19	r20	r21	r22	r23	r24	r25	r26	r27	r28	r29	r30
AAACGCTAGGTTGGAC-1	0	1	0	0	0	0	0	0	0	0	0	0	0	1	0	0	0	0	0	0	0	1	1	0	-1	-1	-1	-1	-1	-1
AAAGGTAGTCATACCA-1	0	2	0	0	0	0	1	1	0	1	1	0	1	2	0	1	1	0	0	1	0	0	2	0	-1	-1	-1	-1	-1	-1
AACAACCGTCAATCTG-1	0	1	0	0	0	0	0	0	0	0	0	0	0	1	0	0	0	0	0	0	0	0	3	0	-1	-1	-1	-1	-1	-1
AACCTGAAGTGTTCCA-1	0	3	0	0	0	0	0	2	0	0	2	0	0	0	0	2	2	0	0	2	0	-1	-1	-1	-1	-1	-1	-1	-1	-1
AACCTGAGTACTCCGG-1	1	4	0	0	0	0	2	3	0	0	3	0	0	3	0	3	3	0	0	3	0	2	4	0	0	1	0	-1	-1	-1
AACCTTTAGTTGTAAG-1	0	5	0	0	1	0	3	4	0	0	4	0	0	4	0	4	4	0	-1	-1	-1	3	5	0	0	2	0	-1	-1	-1
AACGGGATCTTGCAGA-1	0	6	0	0	2	0	-1	-1	-1	2	4	0	2	5	0	0	5	0	0	4	0	0	6	0	-1	-1	-1	-1	-1	-1
AACGTCAAGTTGCTGT-1	0	3	0	0	0	0	2	3	0	0	2	0	0	0	0	0	2	0	0	2	0	-1	-1	-1	1	3	0	-1	-1	-1
AAGCCATAGGATACAT-1	2	7	0	1	3	0	-1	-1	-1	3	5	0	0	6	0	5	6	0	1	5	0	0	7	0	-1	-1	-1	-1	-1	-1
AATCACGCATCTCGTC-1	0	1	0	0	0	0	0	0	0	0	0	0	0	1	0	0	0	0	0	0	0	0	8	0	-1	-1	-1	-1	-1	-1
AATCGACGTTCTCTCG-1	3	7	0	0	0	0	4	5	0	4	6	0	3	7	0	6	7	0	-1	-1	-1	0	2	0	-1	-1	-1	-1	-1	-1
AATTTCCCAGTCCGTG-1	0	8	0	0	4	0	5	6	0	0	7	0	3	8	0	0	8	0	0	6	1	0	3	0	-1	-1	-1	-1	-1	-1
ACAAAGACAGCGGATA-1	4	9	0	0	5	0	6	7	0	0	8	0	4	2	0	0	9	0	2	7	0	1	9	0	-1	-1	-1	-1	-1	-1
ACAAAGACATGTGGCC-1	0	1	0	0	0	0	0	0	0	0	0	0	0	1	0	0	0	0	0	0	0	4	10	0	-1	-1	-1	-1	-1	-1
ACAAAGATCGTTCCTG-1	5	3	0	2	6	0	7	8	0	5	9	0	0	6	0	0	0	0	0	7	0	3	11	0	-1	-1	-1	-1	-1	-1
ACAGGGACACAAATCC-1	0	1	0	0	0	0	0	0	0	0	0	0	0	1	0	0	0	0	0	0	0	0	0	0	-1	-1	-1	-1	-1	-1
ACATCCCTCCAAGCTA-1	0	10	0	3	7	0	0	0	0	0	0	0	0	9	0	-1	-1	-1	-1	-1	-1	0	3	0	0	4	0	-1	-1	-1
ACATCCCTCGACGACC-1	0	11	0	0	8	0	0	2	0	6	10	0	5	10	1	7	10	0	-1	-1	-1	0	12	0	-1	-1	-1	-1	-1	-1
ACATCCCTCGTGGTAT-1	6	12	0	0	9	0	7	9	0	0	0	0	0	11	0	8	11	0	-1	-1	-1	4	3	0	-1	-1	-1	-1	-1	-1
ACATTTCGTGTGAGCA-1	2	13	0	4	9	0	8	9	0	7	11	0	6	11	0	9	12	0	-1	-1	-1	3	13	0	-1	-1	-1	-1	-1	-1
ACCCTCACAGCGTTGC-1	0	1	0	0	0	0	0	0	0	0	0	0	0	1	0	0	0	0	0	0	0	0	14	0	2	5	0	-1	-1	-1
ACCGTTCTCATGGAGG-1	0	7	0	0	1	0	0	10	0	8	12	0	0	2	0	10	13	0	-1	-1	-1	0	15	0	-1	-1	-1	-1	-1	-1
ACGCACGAGTACAGAT-1	0	0	0	5	8	0	0	2	0	6	10	0	5	10	1	7	10	0	0	0	0	0	12	0	-1	-1	-1	-1	-1	-1
ACGGGTCTCGGCCCAA-1	0	14	0	-1	-1	-1	-1	-1	-1	2	4	0	2	5	0	11	5	0	0	4	0	0	6	0	-1	-1	-1	-1	-1	-1
ACGGTCGTCCGATTAG-1	0	7	0	0	1	0	0	10	0	8	12	0	0	2	0	0	13	0	-1	-1	-1	5	14	0	-1	-1	-1	-1	-1	-1
ACGGTTAGTAATCAGA-1	0	3	0	0	0	0	0	11	0	0	2	1	0	0	0	0	2	0	0	2	0	-1	-1	-1	-1	-1	-1	-1	-1	-1
ACTACGATCGTAACCA-1	1	4	0	0	0	0	2	3	0	9	3	0	0	0	0	3	3	0	-1	-1	-1	2	4	0	-1	-1	-1	-1	-1	-1
ACTATGGTCTTCTGTA-1	0	0	0	0	0	0	0	12	0	8	12	0	0	0	0	0	13	0	-1	-1	-1	0	16	0	-1	-1	-1	-1	-1	-1
ACTTTCACATACGCAT-1	5	0	0	6	10	0	-1	-1	-1	10	13	0	7	12	0	12	14	0	-1	-1	-1	0	15	0	3	6	0	-1	-1	-1
AGAACAAAGTCTGGAG-1	0	3	0	0	0	0	9	13	0	0	2	0	0	0	0	2	2	0	0	2	0	-1	-1	-1	4	7	0	-1	-1	-1
AGAACAAGTAACGCGA-1	0	10	0	3	7	0	0	0	0	3	0	0	0	13	0	0	0	0	3	8	0	1	3	0	0	4	0	-1	-1	-1
AGACACTCAATGCAAA-1	0	7	0	0	1	0	0	10	0	8	12	0	0	2	0	0	13	0	0	0	0	0	17	0	-1	-1	-1	-1	-1	-1
AGAGAGCGTATGGAGC-1	2	15	1	7	11	0	10	2	0	11	14	0	3	14	0	13	15	0	-1	-1	-1	0	2	0	-1	-1	-1	-1	-1	-1
AGAGCAGCACAACGTT-1	7	2	0	8	12	1	11	1	0	2	4	0	1	2	0	1	1	0	0	1	0	0	2	0	-1	-1	-1	-1	-1	-1
AGAGCAGTCTTTGATC-1	0	3	0	2	6	2	0	2	0	4	6	0	0	0	0	3	7	0	-1	-1	-1	0	2	0	-1	-1	-1	-1	-1	-1
AGATGAATCCCAGGAC-1	1	4	0	9	13	0	2	3	0	0	3	0	0	0	0	3	3	0	0	3	0	2	4	0	0	1	0	-1	-1	-1
AGATGCTCAGCGGATA-1	0	0	0	0	14	3	0	5	0	0	15	0	0	0	0	0	0	0	0	0	0	0	18	1	-1	-1	-1	-1	-1	-1
AGCATCATCCGTCAAA-1	8	16	2	2	9	0	0	2	0	0	16	0	8	11	0	14	11	0	-1	-1	-1	6	13	0	5	8	0	-1	-1	-1
AGCCACGCATCAGCTA-1	0	3	0	0	15	0	0	14	0	0	2	0	0	0	0	0	2	0	0	2	0	-1	-1	-1	-1	-1	-1	-1	-1	-1
AGCCACGGTCATCCCT-1	9	17	0	2	9	0	-1	-1	-1	2	16	0	8	11	0	14	11	0	-1	-1	-1	6	13	0	-1	-1	-1	-1	-1	-1
AGCGTATAGGTCTGGA-1	0	0	0	0	0	0	0	2	0	0	17	0	0	7	0	0	3	0	0	0	0	0	0	0	-1	-1	-1	-1	-1	-1
AGCTACATCGTGTGGC-1	1	4	0	10	16	0	2	3	0	12	18	0	0	0	0	3	3	0	-1	-1	-1	0	0	0	-1	-1	-1	-1	-1	-1
AGCTCAAAGGGTTAGC-1	0	5	0	3	11	0	-1	-1	-1	2	4	0	2	5	0	15	16	0	0	4	0	0	6	0	0	1	0	-1	-1	-1
AGCTTCCGTCTACAAC-1	0	18	0	0	0	0	0	12	0	8	12	0	0	0	0	0	13	0	0	9	2	0	19	0	0	9	0	-1	-1	-1
AGGAATAAGTCATCCA-1	0	3	0	0	0	0	2	3	0	0	2	0	0	0	0	0	2	0	0	2	0	-1	-1	-1	-1	-1	-1	-1	-1	-1
AGGAATATCGAGCACC-1	-1	-1	-1	4	9	0	8	9	0	0	19	0	6	11	0	-1	-1	-1	-1	-1	-1	3	13	0	-1	-1	-1	-1	-1	-1
AGGACGAAGGTCACCC-1	0	5	0	11	1	0	0	0	0	0	4	0	9	4	0	0	17	0	-1	-1	-1	3	5	0	0	2	0	-1	-1	-1
AGGATCTGTTTACGAC-1	0	0	0	0	11	0	0	2	0	-1	-1	-1	0	7	0	0	0	0	-1	-1	-1	-1	-1	-1	-1	-1	-1	-1	-1	-1
AGGCCACTCGTTCTAT-1	10	19	0	9	13	0	7	15	1	13	20	0	0	15	0	6	18	0	-1	-1	-1	0	20	0	-1	-1	-1	-1	-1	-1
AGGCTGCGTTTGAAAG-1	0	0	0	0	0	0	0	12	0	8	12	0	0	0	0	0	13	0	0	0	0	0	2	0	-1	-1	-1	-1	-1	-1
AGGGTCCTCGACGATT-1	0	7	0	0	1	0	0	10	0	8	12	0	0	2	0	0	13	0	4	1	0	0	0	0	-1	-1	-1	-1	-1	-1
AGGGTTTAGAAACTAC-1	11	0	0	0	15	0	0	5	0	0	15	0	0	0	0	0	2	0	0	2	0	-1	-1	-1	0	0	0	-1	-1	-1
AGGTCTACATCCTTCG-1	10	20	0	0	17	0	0	2	0	0	0	0	0	7	0	0	19	0	-1	-1	-1	7	14	0	0	10	0	-1	-1	-1
AGGTCTATCCATTGGA-1	0	3	0	0	15	0	12	16	2	0	2	0	0	0	0	0	2	0	0	2	0	-1	-1	-1	6	11	0	-1	-1	-1
AGGTGTTTCCCGAGAC-1	0	5	0	12	2	0	-1	-1	-1	2	4	0	2	5	0	16	5	0	0	4	0	0	6	0	-1	-1	-1	-1	-1	-1
AGGTTACGTCTGCAAT-1	0	7	0	0	1	0	0	10	0	8	12	0	0	2	0	0	13	0	3	1	0	0	0	0	-1	-1	-1	-1	-1	-1
AGTAACCTCCTTGAAG-1	0	2	0	0	1	0	0	1	0	2	4	0	1	2	0	1	1	0	5	1	0	0	2	0	-1	-1	-1	-1	-1	-1
AGTACCAGTGAGATCG-1	0	5	0	0	1	0	0	0	0	0	4	0	0	0	0	0	13	0	0	4	0	3	5	0	0	2	0	-1	-1	-1
AGTCAACGTACGAGCA-1	-1	-1	-1	13	18	4	13	15	1	0	20	0	0	15	0	3	18	0	-1	-1	-1	0	20	0	-1	-1	-1	-1	-1	-1
AGTGATCAGGTAAAGG-1	12	21	0	0	11	0	10	17	0	0	0	0	0	9	0	0	6	0	-1	-1	-1	8	21	0	-1	-1	-1	-1	-1	-1
AGTTCGATCCGCAGTG-1	1	4	0	10	16	0	2	3	0	0	0	0	0	0	0	3	3	0	3	10	0	0	0	0	-1	-1	-1	-1	-1	-1
ATACCGAGTTTACCTT-1	0	22	0	0	0	0	7	2	0	14	21	0	10	7	0	0	6	0	0	11	0	0	2	0	-1	-1	-1	-1	-1	-1
ATAGAGACAGACGCTC-1	0	5	0	9	13	0	-1	-1	-1	2	4	0	2	5	0	3	5	0	0	4	0	0	6	0	-1	-1	-1	-1	-1	-1
ATCACAGGTTACCGTA-1	0	3	0	0	0	0	0	1	0	0	2	0	0	0	0	0	20	0	0	12	0	-1	-1	-1	-1	-1	-1	-1	-1	-1
ATCACGATCATGGATC-1	0	0	0	2	9	0	-1	-1	-1	2	16	0	8	11	0	14	11	0	-1	-1	-1	6	13	0	-1	-1	-1	-1	-1	-1
ATCCGTCCACCAAATC-1	0	1	0	0	0	0	0	0	0	0	0	0	0	1	0	0	0	0	0	0	0	0	0	0	-1	-1	-1	-1	-1	-1
ATGCATGTCCACTTTA-1	0	5	0	14	19	0	-1	-1	-1	2	4	0	2	5	0	0	5	0	0	4	0	0	6	0	-1	-1	-1	-1	-1	-1
ATGCGATCACCTGCGA-1	0	0	0	-1	-1	-1	-1	-1	-1	2	4	0	2	5	0	0	5	0	0	4	0	0	6	0	-1	-1	-1	-1	-1	-1
ATGGAGGAGGTAGACC-1	0	5	0	15	1	0	14	8	0	0	4	0	0	4	0	0	17	0	-1	-1	-1	0	5	2	0	2	0	-1	-1	-1
ATGTCTTAGTTGCGCC-1	0	1	0	0	11	0	-1	-1	-1	0	0	0	11	16	2	13	15	0	6	13	0	0	22	0	-1	-1	-1	-1	-1	-1
ATTACTCGTTACCCAA-1	0	2	0	0	19	0	-1	-1	-1	13	22	0	12	17	0	0	17	0	7	8	0	0	14	0	7	12	0	-1	-1	-1
ATTCATCCAGTACTAC-1	0	19	0	0	0	0	7	15	1	2	20	0	0	15	0	0	18	0	-1	-1	-1	0	20	0	-1	-1	-1	-1	-1	-1
ATTCCATAGGGAACAA-1	0	0	0	0	0	0	0	2	0	0	0	0	0	7	0	0	0	0	0	0	0	0	0	0	-1	-1	-1	-1	-1	-1
ATTCCATCAACGACAG-1	0	22	0	0	20	0	10	2	0	15	23	0	13	7	0	2	6	0	-1	-1	-1	3	2	0	-1	-1	-1	-1	-1	-1
ATTTACCAGGGTTAAT-1	11	0	0	0	0	0	0	5	0	0	15	0	0	0	0	0	2	0	-1	-1	-1	0	0	0	0	0	0	-1	-1	-1
CAACAGTCACGACAAG-1	0	3	0	0	0	0	15	8	0	0	2	0	0	0	0	0	2	0	0	2	0	-1	-1	-1	-1	-1	-1	-1	-1	-1
CAACCAAAGGTCCTGC-1	0	5	0	0	1	0	0	0	0	-1	-1	-1	8	4	0	0	0	0	7	7	0	0	5	0	-1	-1	-1	-1	-1	-1
CAAGACTCAAGCTGCC-1	1	4	0	13	0	0	2	3	0	11	14	0	0	0	0	3	3	0	-1	-1	-1	9	23	0	-1	-1	-1	-1	-1	-1
CAATACGAGCGGTATG-1	0	7	0	0	1	0	0	10	0	8	12	0	0	2	0	0	13	0	-1	-1	-1	0	0	0	-1	-1	-1	-1	-1	-1
CACAGATAGCTGTCCG-1	0	7	0	0	1	0	0	10	0	8	12	0	0	2	0	0	13	0	0	0	0	-1	-1	-1	-1	-1	-1	-1	-1	-1
CACAGGCTCCGTCACT-1	0	5	0	0	21	0	-1	-1	-1	2	4	0	2	5	0	17	5	0	0	4	0	0	6	0	-1	-1	-1	-1	-1	-1
CACCGTTGTACAACGG-1	0	5	0	0	1	0	0	0	0	0	0	0	0	4	0	3	3	0	-1	-1	-1	0	5	0	0	2	1	-1	-1	-1
CACGAATGTATCACCA-1	1	4	0	0	2	0	2	3	0	0	5	0	0	0	0	3	3	0	0	3	0	0	0	0	0	0	0	-1	-1	-1
CACGGGTTCCGTGTAA-1	0	1	0	0	0	0	0	0	0	0	0	0	0	1	0	0	0	0	0	0	0	3	24	0	-1	-1	-1	-1	-1	-1
CAGAGCCCACTGGACC-1	10	7	0	0	22	0	-1	-1	-1	16	24	0	14	18	0	0	6	0	0	0	0	0	25	0	0	13	0	0	0	0
CAGAGCCTCTTCCCAG-1	0	0	0	14	19	0	-1	-1	-1	17	22	0	0	13	0	11	17	0	0	8	0	4	14	0	-1	-1	-1	-1	-1	-1
CAGATACTCAGTGATC-1	13	2	0	0	1	0	10	1	0	1	1	0	1	2	0	1	1	0	0	1	0	0	2	0	0	9	0	-1	-1	-1
CAGATTGTCAACTGGT-1	0	0	0	0	0	0	0	12	0	8	12	0	0	0	0	0	13	0	-1	-1	-1	10	26	0	-1	-1	-1	-1	-1	-1
CAGCAATCATCCCACT-1	0	23	0	16	23	5	-1	-1	-1	2	4	0	2	5	0	0	21	0	0	5	0	0	6	0	-1	-1	-1	-1	-1	-1
CAGGCCACACCGTCGA-1	14	7	0	1	3	0	4	5	0	3	5	0	0	6	0	5	6	0	-1	-1	-1	0	7	0	-1	-1	-1	-1	-1	-1
CAGGTATAGGGCCAAT-1	0	22	0	-1	-1	-1	16	2	0	18	23	0	0	7	0	2	6	0	-1	-1	-1	0	2	0	-1	-1	-1	-1	-1	-1
CATACAGCATAGCTGT-1	11	2	0	2	9	0	17	18	0	0	16	0	8	11	0	14	11	0	-1	-1	-1	6	13	0	-1	-1	-1	-1	-1	-1
CATCCCACACGCTGTG-1	10	10	0	17	7	0	18	0	0	19	0	0	0	0	0	-1	-1	-1	-1	-1	-1	0	3	0	0	4	0	0	1	0
CATCCGTGTCAAGCGA-1	0	5	0	15	1	0	0	19	3	0	4	0	0	4	0	0	22	0	-1	-1	-1	0	5	2	0	2	0	-1	-1	-1
CATCGTCCAAAGGCGT-1	0	3	0	0	15	0	0	20	0	0	2	0	0	0	0	0	2	0	0	5	0	-1	-1	-1	8	14	0	-1	-1	-1
CATGAGTTCGTAACAC-1	2	7	0	0	0	0	-1	-1	-1	4	6	0	2	5	0	6	7	0	-1	-1	-1	0	2	0	-1	-1	-1	-1	-1	-1
CATTGCCGTCAGACGA-1	15	1	0	2	2	0	15	21	0	0	22	0	0	19	0	18	17	0	8	14	0	11	3	0	4	7	0	-1	-1	-1
CCACAAAGTCTACACA-1	16	1	3	0	0	0	7	11	0	20	16	0	0	0	0	2	23	0	7	4	0	0	27	0	-1	-1	-1	-1	-1	-1
CCACCATAGGAAAGTG-1	0	7	0	0	1	0	0	10	0	8	12	2	0	2	0	0	13	0	-1	-1	-1	0	0	0	-1	-1	-1	-1	-1	-1
CCACGTTGTTGTTGTG-1	0	0	0	0	14	3	0	5	0	0	15	0	0	0	0	0	7	0	0	0	0	0	18	1	-1	-1	-1	-1	-1	-1
CCATAAGTCATGACAC-1	0	5	0	0	6	0	-1	-1	-1	2	4	0	2	5	0	0	5	0	0	4	0	0	6	0	-1	-1	-1	-1	-1	-1
CCATCACGTCTCACGG-1	17	2	0	13	19	0	19	22	0	0	5	0	12	17	0	0	17	0	9	8	0	3	14	0	-1	-1	-1	-1	-1	-1
CCCTCAACAGAGTGTG-1	1	4	0	2	19	0	2	3	0	0	3	0	0	0	0	3	3	0	0	3	0	2	4	0	-1	-1	-1	-1	-1	-1
CCGAACGCAGACGATG-1	0	0	0	0	11	0	0	2	0	1	25	0	0	7	0	0	0	0	0	15	0	-1	-1	-1	-1	-1	-1	-1	-1	-1
CCGGTGACACCTTCGT-1	0	2	0	8	12	1	0	1	0	-1	-1	-1	1	2	0	1	1	0	0	1	0	0	2	0	-1	-1	-1	-1	-1	-1
CCGTAGGAGCCGAACA-1	0	7	0	0	1	0	0	10	0	8	12	0	0	2	0	0	13	0	-1	-1	-1	0	0	0	-1	-1	-1	-1	-1	-1
CCTAACCAGGATTCCT-1	0	3	0	0	0	0	0	8	0	0	2	0	0	0	0	0	2	0	0	7	0	-1	-1	-1	-1	-1	-1	-1	-1	-1
CCTAAGATCCAGGACC-1	0	24	0	0	0	0	-1	-1	-1	2	4	0	2	5	0	19	5	0	0	4	0	0	6	0	-1	-1	-1	-1	-1	-1
CCTACGTCATCAGTGT-1	0	3	0	0	0	0	0	2	0	0	2	0	0	0	0	0	20	0	0	2	0	-1	-1	-1	-1	-1	-1	-1	-1	-1
CCTACGTTCACTCGAA-1	0	3	0	18	24	0	-1	-1	-1	0	2	0	0	0	0	0	20	0	0	2	0	-1	-1	-1	-1	-1	-1	-1	-1	-1
CCTACGTTCCGTCCTA-1	0	22	0	0	1	0	16	2	0	1	23	0	8	7	0	2	6	0	0	11	0	1	2	0	-1	-1	-1	-1	-1	-1
CCTATCGGTCCCTAAA-1	0	7	0	0	1	0	0	10	0	8	12	0	0	2	0	0	13	0	0	0	0	12	20	0	-1	-1	-1	-1	-1	-1
CCTCTAGAGCACTCCG-1	5	25	0	2	25	0	3	4	0	13	26	0	0	20	3	3	24	0	-1	-1	-1	13	0	0	-1	-1	-1	-1	-1	-1
CCTCTAGAGTTACGGG-1	0	7	0	0	1	0	0	10	0	8	12	0	0	2	0	0	13	0	0	0	0	3	14	0	9	15	0	-1	-1	-1
CCTCTCCAGGTACAGC-1	0	3	0	0	15	0	10	23	0	0	2	0	0	0	0	0	2	0	0	2	0	-1	-1	-1	0	16	0	-1	-1	-1
CCTCTCCAGTGTTCCA-1	0	1	0	0	0	0	-1	-1	-1	2	4	0	2	5	0	3	5	0	7	4	0	0	6	0	-1	-1	-1	-1	-1	-1
CCTGCATAGATGGGCT-1	0	0	0	4	9	0	8	9	0	0	0	0	6	11	0	20	25	1	-1	-1	-1	3	13	0	-1	-1	-1	-1	-1	-1
CCTGTTGCATAATGAG-1	5	1	0	2	2	0	15	21	0	0	22	0	15	19	0	18	17	0	8	14	0	11	3	0	-1	-1	-1	-1	-1	-1
CGAAGTTTCCTGATAG-1	0	0	0	0	0	0	0	12	0	8	12	0	0	0	0	0	13	0	0	0	0	14	2	0	-1	-1	-1	-1	-1	-1
CGATGGCGTTTGCAGT-1	0	5	0	0	1	0	0	24	0	20	27	0	0	4	0	21	26	0	0	5	0	0	5	0	-1	-1	-1	-1	-1	-1
CGCAGGTCATACATCG-1	0	5	0	0	1	0	0	2	0	0	4	0	0	4	0	22	27	2	-1	-1	-1	3	5	0	0	2	0	-1	-1	-1
CGCATAAGTGGAACCA-1	0	0	0	0	11	0	0	2	0	21	28	0	0	7	0	0	0	0	0	15	0	-1	-1	-1	-1	-1	-1	-1	-1	-1
CGCATGGCATGCCGCA-1	2	26	0	4	9	6	8	9	0	22	16	0	6	11	0	3	11	0	-1	-1	-1	3	13	0	-1	-1	-1	-1	-1	-1
CGCCATTTCAGGACGA-1	0	3	0	4	9	0	8	9	0	0	2	0	6	11	0	0	2	0	-1	-1	-1	3	13	0	-1	-1	-1	-1	-1	-1
CGGACACAGTAAACAC-1	0	7	0	0	1	0	0	10	0	8	12	0	0	2	0	0	13	0	0	0	0	0	0	0	-1	-1	-1	-1	-1	-1
CGTGAATGTACAATAG-1	0	2	0	0	1	0	4	1	0	1	1	0	1	2	0	1	1	0	-1	-1	-1	0	2	0	-1	-1	-1	-1	-1	-1
CTAACTTAGGTGCGAT-1	1	4	0	0	0	0	4	2	0	19	23	0	0	7	0	11	6	0	4	11	0	15	2	0	-1	-1	-1	-1	-1	-1
CTACCCACAGAGGTAC-1	0	2	0	4	1	0	0	1	0	0	29	0	1	2	0	1	1	0	0	1	0	0	2	0	-1	-1	-1	-1	-1	-1
CTACCTGTCATGCTAG-1	10	19	0	0	6	0	7	15	1	0	20	0	0	15	0	17	18	0	-1	-1	-1	6	20	0	0	0	0	-1	-1	-1
CTACGGGCAGGCTACC-1	0	1	0	0	0	0	0	0	0	0	0	0	0	1	0	0	0	0	-1	-1	-1	0	0	0	-1	-1	-1	-1	-1	-1
CTACTATGTCGCGTCA-1	0	2	0	0	11	0	1	1	0	1	1	0	1	2	0	1	1	0	0	1	0	0	2	0	-1	-1	-1	-1	-1	-1
CTAGGTATCCGCTAGG-1	0	2	0	14	19	0	5	6	0	0	22	0	0	13	0	0	17	0	0	8	0	0	0	0	10	17	0	-1	-1	-1
CTCAACCGTGAAGCTG-1	0	10	0	17	7	0	18	0	0	23	0	3	0	7	0	0	0	0	-1	-1	-1	3	3	0	11	4	0	-1	-1	-1
CTCAATTGTGTGTGGA-1	0	22	0	-1	-1	-1	0	2	0	15	23	0	16	7	0	2	6	0	-1	-1	-1	16	2	0	-1	-1	-1	-1	-1	-1
CTCAGGGCATACATCG-1	18	10	0	19	7	0	4	0	0	20	0	0	0	21	0	6	28	0	-1	-1	-1	1	3	0	12	18	0	-1	-1	-1
CTCAGGGCATGGCTGC-1	0	7	0	0	1	0	0	10	0	8	12	0	0	2	0	0	13	0	0	0	0	17	28	0	-1	-1	-1	-1	-1	-1
CTCATCGTCCCGAAAT-1	0	7	0	20	26	0	-1	-1	-1	2	4	0	2	5	0	0	5	0	0	4	0	0	6	0	-1	-1	-1	-1	-1	-1
CTCATCGTCGACATAC-1	19	3	0	0	6	0	20	25	4	5	9	0	7	6	0	0	6	0	0	7	0	3	11	0	-1	-1	-1	-1	-1	-1
CTCCAACTCGACACTA-1	0	19	0	21	2	0	11	11	0	-1	-1	-1	0	22	0	11	23	0	-1	-1	-1	0	29	0	13	19	0	-1	-1	-1
CTCCGATGTCGCCTAG-1	0	27	0	0	0	0	0	12	0	8	12	0	0	7	0	0	13	0	0	0	0	18	30	0	-1	-1	-1	-1	-1	-1
CTCCGATGTCTACGTA-1	0	5	0	0	1	0	0	0	0	2	4	0	0	4	0	0	0	0	-1	-1	-1	3	5	0	0	2	0	1	2	0
CTGCGAGAGGTGAGCT-1	0	28	0	4	1	0	21	1	0	20	30	0	1	2	0	1	1	0	0	1	0	19	2	0	-1	-1	-1	-1	-1	-1
CTGTAGACAAGTGGAC-1	0	7	0	0	1	0	0	10	0	8	12	0	0	2	0	0	13	0	0	0	0	-1	-1	-1	-1	-1	-1	-1	-1	-1
CTGTAGATCTCTTGCG-1	0	7	0	-1	-1	-1	-1	-1	-1	2	4	0	2	5	0	11	5	0	0	4	0	0	6	0	-1	-1	-1	-1	-1	-1
CTGTATTAGGTAGTCG-1	0	29	0	2	8	0	11	2	0	6	10	0	17	7	0	3	10	0	-1	-1	-1	3	2	0	-1	-1	-1	-1	-1	-1
CTTACCGCAAGCCATT-1	20	30	0	0	11	0	-1	-1	-1	0	0	0	0	7	0	13	15	0	6	13	0	0	15	0	2	5	0	-1	-1	-1
CTTGATTGTAGCTTTG-1	5	3	0	2	6	0	7	8	0	5	9	0	0	6	0	0	0	0	0	7	0	3	11	0	-1	-1	-1	-1	-1	-1
GAAATGACATGAAGGC-1	0	1	0	0	0	0	0	0	0	0	0	0	0	1	0	0	0	0	0	0	0	0	0	0	-1	-1	-1	-1	-1	-1
GAAGGGTAGCTGACCC-1	5	3	0	-1	-1	-1	0	8	0	5	9	0	0	6	0	11	5	0	0	7	0	3	11	0	-1	-1	-1	-1	-1	-1
GAATCGTGTCTACTGA-1	0	8	0	0	4	0	0	26	0	0	5	0	0	8	0	0	8	0	-1	-1	-1	0	3	0	-1	-1	-1	-1	-1	-1
GACCTTCGTTCGTTCC-1	0	3	0	22	8	0	11	2	0	6	10	0	0	7	0	3	10	0	-1	-1	-1	3	2	0	-1	-1	-1	-1	-1	-1
GACTCAACAACCTATG-1	0	27	0	0	0	0	0	12	0	8	12	0	0	0	0	0	13	0	0	0	0	0	0	0	-1	-1	-1	-1	-1	-1
GACTGATTCACCTTAT-1	0	10	0	4	7	0	7	0	0	24	0	0	10	6	0	-1	-1	-1	-1	-1	-1	20	3	0	-1	-1	-1	-1	-1	-1
GACTTCCAGATCCGAG-1	0	0	0	0	8	0	11	2	0	6	10	0	0	7	0	7	10	0	-1	-1	-1	0	2	0	-1	-1	-1	-1	-1	-1
GACTTCCCACACACGC-1	0	5	0	0	1	0	10	27	0	2	4	0	0	4	0	0	17	0	-1	-1	-1	0	5	2	0	2	0	-1	-1	-1
GAGAAATCATGGGCAA-1	0	19	0	23	27	0	7	15	1	3	20	0	0	15	0	17	18	0	-1	-1	-1	0	20	0	-1	-1	-1	-1	-1	-1
GAGACCCCAAGTGGCA-1	0	1	0	0	0	0	0	0	0	0	0	0	0	1	0	0	0	0	0	0	0	0	0	0	-1	-1	-1	-1	-1	-1
GAGATGGAGGAACTAT-1	0	2	0	0	19	0	-1	-1	-1	0	22	0	12	17	0	0	17	0	3	8	0	21	14	0	-1	-1	-1	-1	-1	-1
GAGGGATTCGGTAGAG-1	0	25	0	2	25	0	3	4	0	0	26	0	3	20	3	-1	-1	-1	-1	-1	-1	13	31	0	-1	-1	-1	-1	-1	-1
GAGTCTAGTCAAAGAT-1	0	5	0	-1	-1	-1	-1	-1	-1	2	4	0	2	5	0	23	5	0	0	4	0	0	6	0	-1	-1	-1	-1	-1	-1
GAGTTACTCCGGACGT-1	0	3	0	0	0	0	-1	-1	-1	0	2	0	0	0	0	0	2	0	0	15	0	-1	-1	-1	0	20	0	-1	-1	-1
GATCAGTAGGCATGCA-1	0	7	0	0	1	0	0	10	0	8	12	0	0	2	0	0	13	0	0	0	0	0	0	0	-1	-1	-1	-1	-1	-1
GATGACTCAAGTGTCT-1	0	10	0	24	7	0	4	0	0	25	0	0	18	23	0	3	3	0	-1	-1	-1	0	3	0	0	4	0	-1	-1	-1
GATGGAGCAACGACTT-1	0	0	0	0	0	0	0	12	0	8	12	0	0	0	0	0	13	0	0	0	0	0	32	0	0	21	0	-1	-1	-1
GATGTTGCAATACGCT-1	0	2	0	14	19	0	0	0	0	0	22	0	0	13	0	0	17	0	0	8	0	0	0	0	-1	-1	-1	-1	-1	-1
GCAACCGAGGTACATA-1	0	7	0	0	0	0	-1	-1	-1	2	4	0	2	5	0	0	5	0	0	4	0	0	6	0	0	0	0	-1	-1	-1
GCACATACAGCGTACC-1	2	3	0	3	1	0	6	7	0	15	26	0	19	24	0	3	24	0	0	7	0	0	0	0	-1	-1	-1	-1	-1	-1
GCATCGGAGACTGGGT-1	0	0	0	0	0	0	0	12	0	8	12	0	0	0	0	0	13	0	0	0	0	1	15	0	-1	-1	-1	-1	-1	-1
GCATGATCAAAGACGC-1	17	2	0	13	19	0	0	0	0	0	2	0	12	17	0	0	17	0	0	8	0	3	14	0	-1	-1	-1	-1	-1	-1
GCCATGGAGTGCTCAT-1	0	2	0	14	19	0	-1	-1	-1	0	22	0	0	13	0	0	17	0	0	8	0	0	0	0	-1	-1	-1	-1	-1	-1
GCCGATGCAATGCAAA-1	0	31	0	25	9	0	9	9	0	13	16	4	20	11	0	14	11	0	0	9	2	6	13	0	-1	-1	-1	-1	-1	-1
GCGAGAACATTCTTCA-1	1	4	0	4	6	0	2	3	0	0	3	0	17	0	0	3	3	0	10	5	0	4	2	0	-1	-1	-1	-1	-1	-1
GCGGAAACAAAGAACT-1	0	13	0	26	28	0	-1	-1	-1	0	30	0	0	25	0	11	29	0	-1	-1	-1	18	2	0	-1	-1	-1	-1	-1	-1
GCTGAATGTGGCCTCA-1	0	3	0	0	0	0	9	28	0	0	2	0	0	0	0	0	2	0	0	2	0	-1	-1	-1	-1	-1	-1	-1	-1	-1
GCTTTCGGTCCTTAAG-1	21	32	0	2	9	0	-1	-1	-1	2	4	0	2	5	0	0	24	0	11	4	0	0	6	0	-1	-1	-1	-1	-1	-1
GGATGTTGTGGATACG-1	10	10	0	24	7	0	4	0	0	26	0	0	0	7	0	6	17	0	-1	-1	-1	3	3	0	-1	-1	-1	-1	-1	-1
GGCAGTCTCAGAGCGA-1	0	23	0	2	11	0	0	0	0	0	31	0	0	26	0	24	30	0	0	0	0	6	3	0	-1	-1	-1	-1	-1	-1
GGCAGTCTCCGATAGT-1	0	33	4	0	29	0	22	5	0	27	32	0	0	27	0	0	0	0	-1	-1	-1	0	15	0	-1	-1	-1	-1	-1	-1
GGCTGTGTCCTTATAC-1	0	3	0	0	0	0	0	0	0	0	2	0	0	0	0	0	2	0	0	2	0	-1	-1	-1	-1	-1	-1	-1	-1	-1
GGGATGACACAAATGA-1	0	1	0	0	0	0	0	0	0	0	0	0	0	1	0	0	0	0	0	0	0	0	2	0	-1	-1	-1	-1	-1	-1
GGGCTACCAGACTGCC-1	0	19	0	27	2	0	7	15	1	0	20	0	0	15	0	0	18	0	-1	-1	-1	0	20	0	-1	-1	-1	-1	-1	-1
GGGTAGAGTCAAAGCG-1	0	5	0	0	1	0	-1	-1	-1	9	4	0	0	4	0	-1	-1	-1	-1	-1	-1	18	5	2	0	2	0	-1	-1	-1
GGGTCTGGTTGGGATG-1	22	34	0	0	0	0	-1	-1	-1	2	4	0	2	5	0	25	5	0	0	4	0	0	6	0	-1	-1	-1	-1	-1	-1
GGGTTATAGCCTTTCC-1	0	1	0	0	0	0	0	0	0	0	0	0	0	1	0	0	0	0	0	0	0	22	33	0	4	7	0	-1	-1	-1
GGTAACTAGACTGGGT-1	2	3	0	28	30	7	-1	-1	-1	28	33	5	3	7	4	13	15	0	6	13	0	0	15	0	-1	-1	-1	-1	-1	-1
GGTAATCAGAAACTCA-1	0	1	0	0	0	0	0	0	0	0	0	0	0	1	0	0	0	0	0	0	0	3	34	0	-1	-1	-1	-1	-1	-1
GGTCACGCACTTGACA-1	0	35	0	0	6	0	-1	-1	-1	0	16	0	2	5	0	0	17	0	0	0	0	0	15	0	-1	-1	-1	-1	-1	-1
GGTCTGGGTTTGGAGG-1	12	21	0	0	11	0	-1	-1	-1	13	16	4	10	9	0	11	6	0	-1	-1	-1	8	21	0	-1	-1	-1	-1	-1	-1
GGTCTGGTCCGATGTA-1	0	7	0	0	1	0	0	10	0	8	12	0	0	2	0	0	13	0	-1	-1	-1	-1	-1	-1	-1	-1	-1	-1	-1	-1
GGTTAACGTGGCAACA-1	-1	-1	-1	-1	-1	-1	-1	-1	-1	2	4	0	2	5	0	0	5	0	0	4	0	0	6	0	-1	-1	-1	-1	-1	-1
GGTTCTCGTGGGTATG-1	0	0	0	0	0	0	0	12	0	8	12	0	0	0	0	0	13	0	0	0	0	4	3	0	14	22	0	-1	-1	-1
GTCACTCGTAACACGG-1	0	7	0	0	1	0	0	10	0	8	12	0	0	2	0	0	13	0	-1	-1	-1	23	0	0	-1	-1	-1	-1	-1	-1
GTCAGCGGTTGGGATG-1	0	5	0	15	1	0	2	3	0	0	4	0	0	4	0	26	31	0	-1	-1	-1	0	5	2	0	2	0	-1	-1	-1
GTCAGCGTCAAGTGGG-1	0	2	0	14	19	0	-1	-1	-1	20	22	0	0	13	0	13	15	0	0	8	0	24	14	0	-1	-1	-1	-1	-1	-1
GTCGTAAGTTCAGCTA-1	10	1	0	0	1	0	21	1	0	-1	-1	-1	1	2	0	1	1	0	0	1	0	0	2	0	-1	-1	-1	-1	-1	-1
GTCGTTCGTCAAGGCA-1	0	27	0	0	0	0	0	12	0	8	12	0	0	0	0	0	13	0	0	0	0	0	0	0	-1	-1	-1	-1	-1	-1
GTCGTTCTCCTCTGCA-1	0	3	0	0	0	0	10	29	0	0	2	0	0	0	0	0	2	0	0	2	0	-1	-1	-1	-1	-1	-1	-1	-1	-1
GTCTACCCAAGCGAGT-1	0	7	0	0	1	0	0	10	0	8	12	0	0	2	0	0	13	0	-1	-1	-1	0	0	0	-1	-1	-1	-1	-1	-1
GTCTGTCAGTGATTCC-1	23	36	5	29	11	0	8	2	0	0	0	0	16	7	5	13	15	0	6	13	0	0	0	0	-1	-1	-1	-1	-1	-1
GTGCACGAGGAGGGTG-1	2	10	0	24	7	0	4	0	0	25	0	0	0	0	0	3	11	0	-1	-1	-1	0	3	0	0	4	0	-1	-1	-1
GTGCAGCTCAGGACGA-1	0	7	0	20	1	0	0	10	0	8	12	0	0	2	0	0	13	0	0	0	0	0	0	0	-1	-1	-1	-1	-1	-1
GTGCGTGTCATGGTAC-1	0	7	0	0	1	0	0	10	0	8	12	0	0	2	0	0	13	0	0	0	0	0	2	0	-1	-1	-1	-1	-1	-1
GTGCTGGTCGTGCTCT-1	0	0	0	0	0	0	0	2	0	0	0	0	0	7	0	0	0	0	0	0	0	0	0	0	-1	-1	-1	-1	-1	-1
GTGGGAAAGACAACTA-1	0	0	0	0	0	0	0	12	0	8	12	0	0	0	0	0	13	0	-1	-1	-1	25	35	0	-1	-1	-1	-1	-1	-1
GTGTTAGAGGTTCCAT-1	24	37	0	-1	-1	-1	2	30	5	29	26	0	0	7	0	26	18	0	-1	-1	-1	1	15	3	14	22	0	-1	-1	-1
GTTCATTTCGAATCCA-1	0	1	0	0	0	0	0	0	0	0	0	0	0	1	0	0	6	0	0	0	0	0	0	0	-1	-1	-1	-1	-1	-1
GTTCCGTCAAGCTGCC-1	0	2	0	30	9	0	0	12	0	30	16	0	6	11	0	3	11	0	1	8	0	3	13	0	-1	-1	-1	-1	-1	-1
GTTCTATTCGCTCTAC-1	0	8	0	0	4	0	0	31	6	0	7	0	0	8	0	11	8	0	0	16	0	0	3	0	11	23	0	-1	-1	-1
GTTGCGGCAGATCACT-1	15	1	0	0	0	0	-1	-1	-1	2	4	0	2	5	0	3	5	0	0	4	0	0	6	0	-1	-1	-1	-1	-1	-1
GTTGCGGTCCAACTGA-1	0	3	0	0	1	0	0	5	0	0	2	0	0	0	0	0	20	0	0	2	0	-1	-1	-1	15	24	0	-1	-1	-1
GTTGTAGGTCTTACTT-1	0	2	0	0	1	0	4	1	0	1	1	0	1	2	0	1	1	0	0	1	0	0	2	0	0	25	0	-1	-1	-1
GTTTACTAGGCAGCTA-1	25	10	0	4	7	0	11	0	0	24	0	0	2	5	0	6	17	0	3	17	0	20	3	0	-1	-1	-1	-1	-1	-1
TAACGACTCTCGGCTT-1	0	3	0	31	31	8	-1	-1	-1	0	2	0	0	0	0	0	20	0	0	2	0	-1	-1	-1	-1	-1	-1	-1	-1	-1
TAACTTCAGAAGTCTA-1	0	1	0	0	0	0	0	0	0	0	0	0	0	1	0	0	0	0	-1	-1	-1	-1	-1	-1	-1	-1	-1	-1	-1	-1
TAAGCACAGTTGCATC-1	11	2	0	32	19	0	-1	-1	-1	-1	-1	-1	12	17	0	0	17	0	10	8	0	3	14	0	-1	-1	-1	-1	-1	-1
TAAGTCGAGTCCGCCA-1	0	0	0	0	11	0	0	2	0	0	0	0	0	7	0	0	6	0	-1	-1	-1	-1	-1	-1	-1	-1	-1	-1	-1	-1
TAAGTCGCAATCCTAG-1	0	0	0	2	8	0	0	12	0	8	12	0	0	0	0	0	13	0	0	0	0	26	2	0	-1	-1	-1	-1	-1	-1
TAAGTCGGTCGTTGCG-1	2	15	0	33	18	4	13	15	1	0	20	0	3	15	0	17	18	0	-1	-1	-1	18	20	0	-1	-1	-1	-1	-1	-1
TAATTCCAGGGCTTCC-1	10	2	0	0	1	0	0	1	0	31	34	0	1	2	0	1	1	0	0	1	0	0	2	0	-1	-1	-1	-1	-1	-1
TACCCGTAGCTTTGTG-1	1	4	0	13	0	0	2	3	0	0	3	0	0	0	0	3	3	0	0	3	0	27	36	0	-1	-1	-1	-1	-1	-1
TACCGGGGTACAGTTC-1	19	3	0	34	32	0	0	8	0	5	9	0	21	28	0	27	32	0	0	7	0	3	11	0	-1	-1	-1	-1	-1	-1
TAGCACAGTAAGGCTG-1	0	0	0	0	0	0	0	2	0	0	0	0	0	7	0	0	0	0	0	0	0	0	0	0	-1	-1	-1	-1	-1	-1
TATACCTCAGGAAGTC-1	0	7	0	0	1	0	0	10	0	8	12	0	0	2	0	0	13	0	0	0	0	0	3	0	-1	-1	-1	-1	-1	-1
TATGTTCGTTATCTTC-1	0	3	0	0	0	0	0	0	0	0	2	0	0	0	0	0	20	0	-1	-1	-1	-1	-1	-1	0	21	0	-1	-1	-1
TCACAAGGTAGGTAGC-1	0	5	0	0	33	0	-1	-1	-1	2	4	0	2	5	0	11	5	0	0	4	0	0	6	0	-1	-1	-1	-1	-1	-1
TCACACCAGCACTTTG-1	0	2	0	13	1	0	11	1	0	1	1	0	1	2	0	1	1	0	0	1	0	28	2	0	-1	-1	-1	-1	-1	-1
TCACGGGGTGCACATT-1	14	2	0	0	19	0	-1	-1	-1	13	22	0	12	17	0	0	17	0	0	8	0	3	14	0	-1	-1	-1	-1	-1	-1
TCACGGGTCGATCCAA-1	18	10	0	19	7	0	4	0	0	20	0	6	0	21	0	0	0	0	-1	-1	-1	1	3	0	12	18	0	-1	-1	-1
TCAGGTACAGGACTAG-1	0	1	0	0	0	0	0	0	0	0	0	0	0	1	0	0	0	0	0	0	0	0	37	0	0	0	0	-1	-1	-1
TCAGTGAGTTGAGGAC-1	0	1	0	4	9	6	8	9	0	0	16	0	6	11	0	3	11	0	-1	-1	-1	3	13	0	0	26	0	-1	-1	-1
TCATACTCACTCCGGA-1	0	1	0	0	0	0	0	0	0	0	0	0	0	1	0	0	0	0	0	0	0	-1	-1	-1	-1	-1	-1	-1	-1	-1
TCATCATGTAACATGA-1	0	5	0	0	34	0	-1	-1	-1	2	4	0	2	5	0	11	5	0	0	4	0	0	6	0	-1	-1	-1	-1	-1	-1
TCATTCACACTACACA-1	0	7	0	0	1	0	-1	-1	-1	8	12	0	2	5	0	3	5	0	0	4	0	0	6	0	-1	-1	-1	-1	-1	-1
TCCACGTGTATAGGGC-1	10	3	0	0	6	0	22	8	0	5	9	0	0	6	0	0	17	0	10	7	0	3	11	0	-1	-1	-1	-1	-1	-1
TCCAGAAAGACTTGTC-1	0	3	0	0	1	0	0	0	0	0	2	0	0	0	0	0	20	0	0	2	0	-1	-1	-1	-1	-1	-1	-1	-1	-1
TCCAGAACATTAGGAA-1	0	21	0	0	35	9	22	2	0	0	26	0	0	29	0	0	33	0	0	18	0	10	14	0	-1	-1	-1	-1	-1	-1
TCCATGCCAAGGGCAT-1	0	3	0	0	0	0	0	0	0	0	2	0	0	0	0	2	2	0	0	2	0	-1	-1	-1	-1	-1	-1	-1	-1	-1
TCCATGCGTAACAGGC-1	0	0	0	0	0	0	0	12	0	8	12	0	0	30	0	0	13	0	0	0	0	0	0	0	-1	-1	-1	-1	-1	-1
TCCGGGATCCGAAATC-1	0	5	0	10	16	0	-1	-1	-1	2	4	0	2	5	0	0	17	0	11	4	0	0	6	0	-1	-1	-1	-1	-1	-1
TCCTCTTAGCGAACTG-1	5	3	0	2	6	0	7	8	0	5	9	0	0	6	0	-1	-1	-1	0	7	0	3	11	0	-1	-1	-1	-1	-1	-1
TCCTTCTAGTGACCTT-1	0	3	0	0	0	0	10	1	0	0	2	0	0	0	0	0	2	0	0	2	0	-1	-1	-1	-1	-1	-1	-1	-1	-1
TCGAACAAGGCCCGTT-1	0	3	0	0	0	0	0	0	0	0	2	0	0	0	0	0	2	0	-1	-1	-1	-1	-1	-1	-1	-1	-1	-1	-1	-1
TCGAACAAGTCTCGTA-1	1	4	0	4	9	0	2	3	0	0	3	0	0	0	0	3	3	0	0	3	0	0	38	0	0	4	0	-1	-1	-1
TCGAAGTTCTCCAAGA-1	0	1	0	0	0	0	0	0	0	0	0	0	0	1	0	0	0	0	0	0	0	0	0	0	-1	-1	-1	-1	-1	-1
TCGACCTAGGTCACTT-1	0	5	0	3	1	0	-1	-1	-1	2	4	0	2	5	0	23	5	0	0	4	0	0	6	0	-1	-1	-1	-1	-1	-1
TCGACCTCAGTCAGCC-1	0	18	0	35	36	0	23	32	0	-1	-1	-1	-1	-1	-1	2	17	0	-1	-1	-1	0	39	0	-1	-1	-1	-1	-1	-1
TCGCTCACAAGCGCAA-1	0	5	0	9	13	0	-1	-1	-1	2	4	0	2	5	0	3	5	0	0	4	0	0	6	0	-1	-1	-1	-1	-1	-1
TCGTAGAAGATAGCAT-1	26	38	6	9	13	0	7	11	0	15	16	0	0	0	0	28	34	0	-1	-1	-1	0	27	0	0	23	0	-1	-1	-1
TCGTAGAGTAGTCCTA-1	0	1	0	0	0	0	0	0	0	0	0	0	0	1	0	0	0	0	0	0	0	0	0	0	-1	-1	-1	-1	-1	-1
TCGTCCAGTTTAGTCG-1	18	39	0	0	1	0	21	1	0	1	1	0	1	2	0	1	1	0	0	1	0	0	2	0	-1	-1	-1	-1	-1	-1
TCTACCGCAGTCAGAG-1	0	7	0	0	1	0	0	10	0	8	12	0	0	2	0	0	13	0	-1	-1	-1	3	13	0	-1	-1	-1	-1	-1	-1
TCTATCAAGCAGCAGT-1	0	2	0	36	19	0	-1	-1	-1	13	22	0	12	17	0	0	17	0	0	8	0	6	14	0	-1	-1	-1	-1	-1	-1
TCTCCGACACATGTTG-1	11	0	0	0	0	0	0	5	0	0	15	0	0	0	0	0	7	0	12	19	0	-1	-1	-1	-1	-1	-1	-1	-1	-1
TCTGGCTCAGAGCTAG-1	5	15	0	20	11	0	10	1	0	-1	-1	-1	0	0	0	13	15	0	13	20	0	0	0	0	-1	-1	-1	-1	-1	-1
TCTTCCTGTCCTACGG-1	0	8	0	2	4	0	10	33	0	0	7	0	0	8	0	0	8	0	14	16	0	0	3	0	-1	-1	-1	-1	-1	-1
TCTTGCGAGGAATTAC-1	0	2	0	37	19	0	-1	-1	-1	13	22	0	0	30	0	29	17	0	3	8	0	0	14	0	-1	-1	-1	-1	-1	-1
TCTTGCGCAGCACCCA-1	0	2	0	14	19	0	8	11	0	0	22	0	0	13	0	0	17	0	0	8	0	0	10	0	-1	-1	-1	-1	-1	-1
TGAACGTAGCAAACAT-1	0	14	0	20	37	0	24	24	7	32	35	0	22	31	6	30	35	3	3	16	0	4	3	0	-1	-1	-1	2	3	0
TGACCCTGTTTCGTTT-1	0	28	0	27	2	0	-1	-1	-1	2	4	0	2	5	0	0	5	0	0	4	0	0	6	0	-1	-1	-1	-1	-1	-1
TGATCAGCATGTGGCC-1	0	0	0	4	8	0	11	2	0	6	10	0	3	7	0	0	10	0	0	9	2	0	2	0	-1	-1	-1	-1	-1	-1
TGATGCACATGACTCA-1	0	1	0	0	0	0	0	0	0	0	0	0	0	1	0	0	0	0	0	0	0	0	0	0	-1	-1	-1	-1	-1	-1
TGATGCATCCTAGCGG-1	0	0	0	0	11	0	0	2	0	13	16	0	0	7	0	0	7	0	0	15	0	-1	-1	-1	-1	-1	-1	-1	-1	-1
TGCAGATGTACTGCGC-1	1	4	0	38	38	0	2	3	0	0	3	0	0	0	0	3	3	0	0	3	0	0	14	0	-1	-1	-1	-1	-1	-1
TGCAGATTCTACAGGT-1	27	40	0	0	11	0	4	34	8	15	36	0	-1	-1	-1	2	36	0	15	21	0	-1	-1	-1	0	0	0	-1	-1	-1
TGCAGTATCCGCGATG-1	0	3	0	0	2	0	-1	-1	-1	0	2	0	0	0	0	0	20	0	-1	-1	-1	-1	-1	-1	-1	-1	-1	-1	-1	-1
TGCTCGTTCCATACAG-1	0	5	0	13	1	0	0	35	0	2	4	0	0	4	0	0	24	0	-1	-1	-1	0	5	2	0	2	0	-1	-1	-1
TGGAGGAGTAGATTGA-1	28	5	0	-1	-1	-1	-1	-1	-1	2	4	0	2	5	0	3	5	0	0	4	0	0	6	0	-1	-1	-1	-1	-1	-1
TGGGTTAGTTCAAGTC-1	0	10	0	4	7	0	0	0	0	24	0	0	0	32	0	0	37	0	-1	-1	-1	20	3	0	-1	-1	-1	-1	-1	-1
TGTAACGGTAGTATAG-1	0	41	7	-1	-1	-1	-1	-1	-1	2	4	0	2	5	0	3	5	0	7	4	0	0	6	0	-1	-1	-1	-1	-1	-1
TGTTACTTCCATCGTC-1	0	3	0	0	0	0	0	0	0	0	2	0	0	0	0	0	2	0	0	2	0	-1	-1	-1	-1	-1	-1	-1	-1	-1
TGTTCCGAGTGGCGAT-1	0	0	0	0	11	0	0	2	0	20	36	0	0	7	0	0	7	0	0	22	0	-1	-1	-1	-1	-1	-1	-1	-1	-1
TGTTGAGTCCGAAGGA-1	0	5	0	31	31	8	-1	-1	-1	2	4	0	2	5	0	19	5	0	0	4	0	0	6	0	-1	-1	-1	-1	-1	-1
TGTTGGAAGTGCCCGT-1	18	10	0	10	16	0	4	0	0	0	0	0	0	21	0	-1	-1	-1	-1	-1	-1	6	3	0	8	18	0	-1	-1	-1
TGTTTGTTCGTAGTCA-1	0	7	0	0	1	0	0	10	0	8	12	0	23	2	0	0	13	0	0	0	0	3	11	0	-1	-1	-1	-1	-1	-1
TTACAGGTCTCTTGCG-1	10	2	0	0	1	0	0	1	0	0	1	0	0	2	0	0	1	0	0	1	0	1	2	0	-1	-1	-1	-1	-1	-1
TTACCATTCCGACATA-1	0	27	0	0	39	0	-1	-1	-1	2	4	0	2	5	0	0	5	0	0	4	0	0	6	0	-1	-1	-1	-1	-1	-1
TTACCGCGTAGCTCGC-1	0	42	0	0	0	0	-1	-1	-1	2	4	0	2	5	0	0	5	0	0	4	0	0	6	0	8	11	0	-1	-1	-1
TTACGCCAGATTGCGG-1	0	5	0	0	1	0	0	0	0	0	4	0	0	4	7	0	13	0	-1	-1	-1	3	5	0	-1	-1	-1	-1	-1	-1
TTACGTTTCACTTTGT-1	0	19	0	0	0	0	0	36	0	-1	-1	-1	3	22	0	11	23	0	0	23	0	0	29	0	-1	-1	-1	-1	-1	-1
TTCAATCGTTTGGGTT-1	0	3	0	0	0	0	25	37	0	0	2	0	0	0	0	0	2	0	0	2	0	-1	-1	-1	-1	-1	-1	-1	-1	-1
TTCACCGTCAGACCTA-1	0	1	0	0	0	0	0	0	0	0	0	0	0	1	0	0	0	0	0	0	0	0	40	0	5	8	0	-1	-1	-1
TTCACGCGTACTGCGC-1	0	0	0	0	0	0	-1	-1	-1	2	4	0	2	5	0	3	5	0	0	4	0	0	6	0	-1	-1	-1	-1	-1	-1
TTCAGGATCGGCTGTG-1	0	0	0	0	0	0	0	12	0	8	12	0	0	0	0	0	13	0	7	24	0	3	41	0	-1	-1	-1	-1	-1	-1
TTCATGTTCGTGGAAG-1	29	43	0	39	40	0	10	5	9	19	37	0	0	2	0	0	0	0	-1	-1	-1	3	2	0	0	27	0	-1	-1	-1
TTCCGGTAGGTGATAT-1	0	7	0	0	1	0	0	10	0	8	12	0	0	2	0	0	13	0	0	0	0	6	3	0	-1	-1	-1	-1	-1	-1
TTCCGGTGTAATGATG-1	30	44	0	40	41	0	4	8	0	0	38	0	24	33	0	-1	-1	-1	-1	-1	-1	4	42	4	-1	-1	-1	-1	-1	-1
TTCTAGTCACACTTAG-1	31	19	0	0	0	0	-1	-1	-1	2	4	0	2	5	0	11	5	0	-1	-1	-1	0	6	0	-1	-1	-1	-1	-1	-1
TTCTGTATCCGATGTA-1	27	15	0	3	11	0	22	2	0	0	39	0	9	7	0	13	15	0	6	13	0	0	0	0	-1	-1	-1	-1	-1	-1
TTCTTCCTCGTGGGTC-1	0	45	0	0	42	0	11	30	0	0	26	0	25	7	0	31	38	0	-1	-1	-1	0	43	5	-1	-1	-1	-1	-1	-1
TTGACCCTCATCGCTC-1	0	2	0	0	19	0	-1	-1	-1	0	22	0	12	17	0	0	17	0	3	8	0	21	14	0	-1	-1	-1	-1	-1	-1
TTGCATTCATAGACTC-1	0	0	0	7	11	0	26	2	0	13	30	0	25	7	0	13	15	0	-1	-1	-1	0	0	0	-1	-1	-1	-1	-1	-1
TTGCGTCTCCGTCCTA-1	0	7	0	0	1	0	0	10	0	8	12	0	0	2	0	0	13	0	7	25	0	0	2	0	0	28	0	-1	-1	-1
TTGCGTCTCGCAGTGC-1	0	5	0	26	2	0	-1	-1	-1	2	4	0	2	5	0	23	5	0	0	4	0	0	6	0	-1	-1	-1	-1	-1	-1
TTGGATGTCGGCTTGG-1	0	46	0	13	2	0	7	5	0	15	15	0	0	34	0	0	24	0	-1	-1	-1	29	44	6	-1	-1	-1	-1	-1	-1
TTGGGATGTTAGTTCG-1	0	2	0	0	1	0	10	1	0	1	1	0	1	2	0	1	1	0	5	1	0	0	2	0	-1	-1	-1	-1	-1	-1
TTGGGCGTCTACCAGA-1	0	5	0	2	1	0	21	1	0	-1	-1	-1	1	2	0	1	1	0	0	1	0	0	2	0	-1	-1	-1	-1	-1	-1
TTGTGTTTCGACACTA-1	32	2	0	0	19	0	-1	-1	-1	2	22	0	26	35	0	32	17	0	0	8	0	0	45	0	-1	-1	-1	-1	-1	-1
TTGTTCAAGCCATCCG-1	18	10	0	19	7	0	4	0	0	20	0	0	27	21	0	0	0	0	-1	-1	-1	6	3	0	12	18	0	-1	-1	-1
TTGTTTGGTCAAAGTA-1	0	0	0	0	11	0	0	2	0	-1	-1	-1	0	7	0	0	0	0	0	15	0	-1	-1	-1	-1	-1	-1	-1	-1	-1
TTTAGTCCACTGTGTA-1	0	1	0	0	0	0	0	0	0	0	0	0	0	1	0	0	0	0	-1	-1	-1	0	46	0	-1	-1	-1	-1	-1	-1
TTTATGCCAGTCGAGA-1	0	1	0	0	0	0	0	0	0	0	0	0	0	1	0	0	0	0	-1	-1	-1	0	14	0	-1	-1	-1	-1	-1	-1
