nodeID d2root dML dMP
I1 0 0 0
I10 1.05424 0.0996257 1
I100 1.61793 0.604002 0
I107 1.85818 1.07573 0
I108 0.713452 0.0940662 1
I11 1.14509 0.090851 1
I110 1.24283 0.529374 0
I114 1.53336 0.290534 3
I115 1.81 0.276645 1
I117 0.969137 0.255685 3
I120 1.51426 0.545124 0
I126 1.2359 0.830238 0
I129 1.59094 0.355038 0
I130 1.71301 0.122078 0
I135 0.289001 0.005 1
I136 0.356015 0.0670145 1
I137 0.428618 0.0726025 2
I138 0.673641 0.245023 2
I140 0.932712 0.259071 0
I145 1.21339 0.280679 2
I146 1.28131 0.0679146 1
I151 1.35935 0.145963 1
I158 0.866962 0.193321 0
I159 0.905086 0.0381245 2
I160 1.12488 0.219793 1
I161 1.19634 0.0714616 1
I162 1.4467 0.25036 1
I172 1.60004 0.733078 0
I175 0.469288 0.0406705 1
I176 0.541902 0.0726136 3
I178 0.587794 0.0458918 0
I179 0.920932 0.333138 3
I180 0.980751 0.059819 1
I181 1.33094 0.350185 2
I182 1.59191 0.260976 0
I186 1.05291 0.0721632 2
I191 1.14564 0.224705 2
I199 0.597866 0.0559642 0
I2 0.166028 0.166028 6
I20 1.11078 0.156166 2
I204 0.482818 0.0135296 1
I209 0.684534 0.201716 2
I210 0.923609 0.239075 3
I218 0.391775 0.0357599 0
I220 0.832656 0.440881 0
I221 1.07901 0.246353 3
I229 1.19336 0.801581 0
I23 1.5256 0.414827 0
I230 1.46348 0.270124 3
I237 0.829858 0.66383 12
I238 1.49772 0.667866 5
I245 0.274044 0.274044 8
I246 0.325182 0.0511377 1
I247 0.36867 0.0434884 1
I248 0.416083 0.0474122 1
I249 1.42317 1.00709 10
I252 1.5419 0.118721 1
I256 1.80371 0.261812 0
I258 1.63088 0.0889851 1
I26 1.27457 0.163792 0
I260 1.67866 0.0477804 1
I265 1.68779 0.0569115 1
I27 1.44692 0.17235 1
I270 1.69483 0.0639494 1
I272 1.85818 0.16335 1
I274 1.69983 0.005 1
I275 1.84249 0.142665 0
I277 1.74915 0.0543247 1
I279 1.81286 0.118029 0
I282 1.75286 0.12198 1
I287 1.67499 0.0441144 1
I290 1.79735 0.16647 1
I292 1.71078 0.0799045 1
I296 0.479825 0.0637418 2
I297 0.609749 0.129925 3
I298 0.621559 0.0118095 2
I3 0.284001 0.117973 4
I301 1.02012 0.398563 0
I311 0.683024 0.0732749 0
I314 1.00143 0.31841 0
I315 1.08401 0.0825746 1
I319 1.48896 0.404954 2
I321 1.80331 0.314344 1
I325 1.54664 0.54521 0
I328 0.721522 0.0384978 2
I330 1.08447 0.362951 0
I334 1.32748 0.243005 3
I335 1.47455 0.147068 1
I34 1.85818 0.583612 0
I340 0.849785 0.128263 2
I341 1.07555 0.225761 2
I348 0.808827 0.329003 0
I349 0.856426 0.0475987 2
I35 1.66296 0.388393 0
I352 1.21603 0.359602 1
I359 0.631626 0.306444 0
I36 1.79513 0.132167 0
I361 0.853842 0.222217 6
I366 0.375089 0.101044 4
I369 0.644753 0.269664 0
I374 0.435221 0.0601321 4
I376 0.570794 0.135573 0
I377 1.00205 0.431256 0
I382 0.985117 0.414323 2
I383 1.23093 0.245816 2
I393 0.005 0.005 2
I395 0.244707 0.239707 0
I399 0.01 0.005 1
I4 0.405661 0.12166 3
I401 0.015 0.005 6
I41 1.20278 0.576213 0
I43 1.58358 0.380794 0
I44 1.85818 0.274602 0
I47 1.57459 0.371801 0
I49 1.64468 0.0700942 1
I5 0.501688 0.0960265 2
I50 1.68505 0.0403736 1
I51 1.79198 0.106931 0
I52 1.85818 0.0661959 0
I56 0.619386 0.117698 0
I57 0.777452 0.158067 4
I58 1.38721 0.609753 0
I59 1.44531 0.0581067 1
I6 0.626572 0.124884 3
I60 1.85818 0.412868 0
I61 1.60657 0.161255 0
I64 1.5709 0.183699 1
I67 1.83902 0.451816 0
I70 1.85818 0.0191587 0
I72 1.17448 0.39703 0
I73 1.58545 0.41097 0
I75 1.70407 0.118614 0
I78 1.55755 0.383069 0
I80 0.782452 0.005 0
I81 1.21587 0.433414 1
I84 1.85818 0.642314 0
I85 1.31429 0.0984225 1
I89 1.53906 0.224776 0
I9 0.954611 0.328039 0
I92 1.65929 0.120231 1
I94 0.787452 0.005 2
I98 1.01392 0.226472 0
L37.AAACCTGTCCTTAATC-1 1.86318 0.005 0
L37.AAAGATGGTAGCGTGA-1 1.86318 0.324116 0
L37.AACCGCGTCCACTGGG-1 1.86318 1.17865 0
L37.AACTTTCTCGACGGAA-1 1.86318 0.114026 0
L37.AAGGAGCTCTACCTGC-1 1.86318 0.878064 0
L37.AATCCAGCACCAGTTA-1 1.86318 0.416261 0
L37.AATCGGTTCAGGCAAG-1 1.86318 0.0598728 0
L37.ACACCAATCCACTGGG-1 1.86318 0.348919 0
L37.ACAGCCGAGGTAGCCA-1 1.86318 0.787634 0
L37.ACAGCTACAGCTGGCT-1 1.86318 0.0241587 0
L37.ACATACGGTTCCCGAG-1 1.86318 1.38036 0
L37.ACATCAGGTCGGATCC-1 1.86318 0.86113 0
L37.ACATGGTAGGACCACA-1 1.86318 0.849256 0
L37.ACCAGTACAAGGACTG-1 1.86318 0.535702 0
L37.ACCGTAATCCGAGCCA-1 1.86318 0.647152 0
L37.ACGAGGATCCAGATCA-1 1.86318 1.00934 0
L37.ACGCCAGAGGTCATCT-1 1.86318 0.271269 0
L37.ACGGAGACAAGGGTCA-1 1.86318 0.779171 0
L37.ACTATCTAGGTGACCA-1 1.86318 0.0241587 0
L37.ACTGATGTCTACTTAC-1 1.86318 0.0241587 0
L37.ACTGCTCTCAGGTAAA-1 1.86318 0.627281 0
L37.ACTGTCCTCACGATGT-1 1.86318 0.292276 0
L37.AGAATAGGTCGCTTCT-1 1.86318 0.0241587 0
L37.AGAGCTTTCAAGATCC-1 1.86318 0.245254 0
L37.AGATCTGAGGCTACGA-1 1.86318 0.245254 0
L37.AGATTGCAGAGGACGG-1 1.86318 0.203885 0
L37.AGATTGCAGGCAATTA-1 1.86318 0.894043 0
L37.AGATTGCGTACTTCTT-1 1.86318 0.416479 0
L37.AGATTGCTCTCGTTTA-1 1.86318 0.374217 0
L37.AGCCTAATCTCAAACG-1 1.86318 0.316535 0
L37.AGCTCCTAGTGTACGG-1 1.86318 0.0680516 0
L37.AGCTCCTGTTTCCACC-1 1.86318 0.292276 0
L37.AGGGAGTAGACCCACC-1 1.86318 0.0241587 0
L37.AGGGTGACAGGGTTAG-1 1.86318 0.26314 0
L37.AGGGTGATCATGGTCA-1 1.86318 0.2323 0
L37.AGTGAGGTCGGTCTAA-1 1.86318 0.503826 0
L37.AGTTGGTCAGCGATCC-1 1.86318 1.00675 0
L37.ATAAGAGGTCGATTGT-1 1.86318 0.86113 0
L37.ATAGACCTCATATCGG-1 1.86318 0.0206856 0
L37.ATAGACCTCATCACCC-1 1.86318 0.279602 0
L37.ATCATGGGTCACAAGG-1 1.86318 0.669824 0
L37.ATCCACCCAGCCAGAA-1 1.86318 0.808944 0
L37.ATCTACTAGCTCTCGG-1 1.86318 0.324116 0
L37.ATGAGGGCAATCGAAA-1 1.86318 0.0680516 0
L37.ATGCGATAGTAGGTGC-1 1.86318 0.0241587 0
L37.ATGCGATTCAATCTCT-1 1.86318 0.005 0
L37.ATGGGAGCAAAGGAAG-1 1.86318 0.005 0
L37.ATGGGAGTCAGCGACC-1 1.86318 0.718093 0
L37.ATGTGTGCACGGTGTC-1 1.86318 0.581875 0
L37.ATTGGACCACAGAGGT-1 1.86318 0.005 0
L37.ATTGGTGAGGCCGAAT-1 1.86318 0.0531758 0
L37.ATTTCTGAGTTAAGTG-1 1.86318 1.23155 0
L37.CAACCTCAGACAGGCT-1 1.86318 0.337577 0
L37.CAACCTCAGGACGAAA-1 1.86318 0.0241587 0
L37.CACAAACCATAAAGGT-1 1.86318 0.365457 0
L37.CACAAACTCACGATGT-1 1.86318 0.0241587 0
L37.CACACCTCACGACTCG-1 1.86318 0.0241587 0
L37.CACAGGCGTTCACCTC-1 1.86318 0.0241587 0
L37.CACATAGTCTACTTAC-1 1.86318 1.27539 0
L37.CACATTTGTGGCCCTA-1 1.86318 0.114026 0
L37.CACATTTGTTGCCTCT-1 1.86318 1.03332 0
L37.CACCACTAGCCAGAAC-1 1.86318 0.0241587 0
L37.CAGAATCCAAGGCTCC-1 1.86318 0.329821 0
L37.CAGAATCGTTATCGGT-1 1.86318 0.3997 0
L37.CAGCAGCGTGACTACT-1 1.86318 0.175388 0
L37.CAGCATAGTTACGCGC-1 1.86318 0.0206856 0
L37.CAGCTAATCAGGCCCA-1 1.86318 0.532245 0
L37.CAGTAACAGCGATATA-1 1.86318 0.0598728 0
L37.CATATTCCAGGGTTAG-1 1.86318 1.49451 0
L37.CATATTCGTCGAATCT-1 1.86318 0.005 0
L37.CATCAAGCATCCAACA-1 1.86318 0.416261 0
L37.CATCGAAGTTTGTTTC-1 1.86318 0.717544 0
L37.CATCGGGAGACACGAC-1 1.86318 0.2323 0
L37.CATGACAAGGAGTTGC-1 1.86318 0.0241587 0
L37.CATGACACATCATCCC-1 1.86318 0.316535 0
L37.CATTATCCAGGCGATA-1 1.86318 0.930468 0
L37.CATTCGCTCCCACTTG-1 1.86318 1.84818 0
L37.CCAATCCTCCTTTACA-1 1.86318 1.24162 0
L37.CCATTCGAGCGATGAC-1 1.86318 0.005 0
L37.CCATTCGAGTCATGCT-1 1.86318 0.178127 0
L37.CCGGTAGCAGACACTT-1 1.86318 0.188186 0
L37.CCGTTCAAGGACGAAA-1 1.86318 0.0241587 0
L37.CCTATTAAGTGAATTG-1 1.86318 0.0241587 0
L37.CCTATTATCCGCATCT-1 1.86318 1.0134 0
L37.CCTCAGTTCGAGAGCA-1 1.86318 0.620355 0
L37.CCTCTGACAAACGTGG-1 1.86318 0.958094 0
L37.CCTTTCTTCACAACGT-1 1.86318 0.939571 0
L37.CGAGAAGCACACGCTG-1 1.86318 0.0680516 0
L37.CGAGCACTCAAGGTAA-1 1.86318 0.632248 0
L37.CGAGCCAAGCTGCAAG-1 1.86318 0.256614 0
L37.CGAGCCACACAAGCCC-1 1.86318 0.150165 0
L37.CGAGCCATCTTCAACT-1 1.86318 0.005 0
L37.CGATCGGGTCTAACGT-1 1.86318 0.2323 0
L37.CGCGGTAAGCCACGCT-1 1.86318 0.0241587 0
L37.CGCGTTTGTCGCGAAA-1 1.86318 0.0241587 0
L37.CGGACGTGTGAAATCA-1 1.86318 0.0503211 0
L37.CGTAGGCCATTCCTGC-1 1.86318 0.0241587 0
L37.CGTCACTAGTCCAGGA-1 1.86318 0.305628 0
L37.CGTCACTTCATCATTC-1 1.86318 0.0680516 0
L37.CGTGTAAAGGCTAGGT-1 1.86318 0.0241587 0
L37.CGTTAGAAGAATGTGT-1 1.86318 1.61847 0
L37.CGTTAGAAGCAGATCG-1 1.86318 0.2185 0
L37.CGTTCTGCATTCCTCG-1 1.86318 0.3997 0
L37.CGTTGGGGTTCACGGC-1 1.86318 0.277728 0
L37.CTAACTTTCCCATTAT-1 1.86318 0.0503211 0
L37.CTAAGACTCCTAGTGA-1 1.86318 0.0658303 0
L37.CTAATGGTCACCAGGC-1 1.86318 1.84818 0
L37.CTACATTGTTCGCGAC-1 1.86318 0.503826 0
L37.CTAGAGTAGCCCTAAT-1 1.86318 0.440006 0
L37.CTCAGAAGTCGCATCG-1 1.86318 0.365457 0
L37.CTCGAGGGTACATCCA-1 1.86318 0.288594 0
L37.CTCGTACGTCCGTCAG-1 1.86318 1.42796 0
L37.CTGAAACCATTTGCCC-1 1.86318 0.245254 0
L37.CTGTGCTCAACTGGCC-1 1.86318 0.150165 0
L37.CTTAACTAGACTAGAT-1 1.86318 0.475975 0
L37.CTTACCGGTGGTCCGT-1 1.86318 0.005 0
L37.CTTACCGTCTACTATC-1 1.86318 0.200219 0
L37.CTTAGGAGTGCACTTA-1 1.86318 0.245254 0
L37.CTTAGGATCTGAAAGA-1 1.86318 0.005 0
L37.GAACGGAAGGCAGGTT-1 1.86318 0.810266 0
L37.GAATAAGTCAACCAAC-1 1.86318 0.647152 0
L37.GACACGCCAATAAGCA-1 1.86318 0.778707 0
L37.GACGCGTGTGCAGTAG-1 1.86318 0.717544 0
L37.GAGGTGACATCGATGT-1 1.86318 1.00934 0
L37.GATCGTACATAACCTG-1 1.86318 0.0594731 0
L37.GATCGTATCCTTGCCA-1 1.86318 0.11032 0
L37.GATGAAACAAGGTTCT-1 1.86318 0.0241587 0
L37.GATGAAAGTCTCGTTC-1 1.86318 0.11032 0
L37.GATGAGGAGGAGTTGC-1 1.86318 0.348919 0
L37.GATTCAGAGACAGACC-1 1.86318 0.152395 0
L37.GATTCAGGTATCAGTC-1 1.86318 0.005 0
L37.GCAAACTTCACGCATA-1 1.86318 0.005 0
L37.GCACTCTTCGAGAGCA-1 1.86318 1.26531 0
L37.GCATGATCAAGGCTCC-1 1.86318 0.16835 0
L37.GCATGATGTCACCTAA-1 1.86318 0.256614 0
L37.GCATGATGTCGAGATG-1 1.86318 0.188186 0
L37.GCCTCTAGTGCTGTAT-1 1.86318 1.03052 0
L37.GCGACCAAGGAATTAC-1 1.86318 0.581875 0
L37.GCGCCAAAGCCTTGAT-1 1.86318 1.57418 0
L37.GCGCCAATCCGAATGT-1 1.86318 0.321285 0
L37.GCGGGTTCAGGACGTA-1 1.86318 0.152395 0
L37.GCTCCTAAGCTGCGAA-1 1.86318 1.07573 0
L37.GCTCTGTGTATGAAAC-1 1.86318 0.245254 0
L37.GCTCTGTTCGAGAGCA-1 1.86318 0.388634 0
L37.GCTGCTTCATCGGAAG-1 1.86318 0.184519 0
L37.GCTTCCATCGTAGATC-1 1.86318 0.0241587 0
L37.GCTTCCATCTGTTTGT-1 1.86318 0.416261 0
L37.GCTTGAACACTTAAGC-1 1.86318 0.11032 0
L37.GCTTGAACAGGTGCCT-1 1.86318 0.548892 0
L37.GCTTGAAGTTCAACCA-1 1.86318 0.005 0
L37.GGACATTAGGAGTCTG-1 1.86318 0.245254 0
L37.GGATGTTAGAACTGTA-1 1.86318 0.666839 0
L37.GGATGTTTCCGGCACA-1 1.86318 0.159114 0
L37.GGCAATTCATCCCACT-1 1.86318 0.16835 0
L37.GGCAATTTCACCTCGT-1 1.86318 0.245254 0
L37.GGCTGGTAGGTGCTTT-1 1.86318 0.26314 0
L37.GGGAATGAGCCACCTG-1 1.86318 0.245254 0
L37.GGGAGATGTCAATACC-1 1.86318 0.305628 0
L37.GGTATTGCAGCCTTTC-1 1.86318 0.0241587 0
L37.GGTGAAGAGCAACGGT-1 1.86318 0.738301 0
L37.GGTGAAGCATATGCTG-1 1.86318 0.0241587 0
L37.GGTGAAGGTATGAATG-1 1.86318 0.159114 0
L37.GTAACGTCACTAGTAC-1 1.86318 0.2185 0
L37.GTAACGTTCATATCGG-1 1.86318 0.005 0
L37.GTAACTGTCCAGTATG-1 1.86318 1.21843 0
L37.GTACTTTGTTAAGAAC-1 1.86318 0.0658303 0
L37.GTCATTTTCCTCAACC-1 1.86318 0.787634 0
L37.GTCGGGTCACCGTTGG-1 1.86318 0.184519 0
L37.GTGCAGCGTGTGCGTC-1 1.86318 0.843058 0
L37.GTGCTTCAGCGTGAGT-1 1.86318 0.005 0
L37.GTGGGTCCAGCTGCAC-1 1.86318 1.61847 0
L37.GTTACAGGTGTTTGTG-1 1.86318 0.416479 0
L37.GTTCATTTCCAGGGCT-1 1.86318 0.0598728 0
L37.GTTCTCGAGTCGATAA-1 1.86318 0.849256 0
L37.GTTCTCGAGTGGTCCC-1 1.86318 0.2185 0
L37.GTTCTCGTCTGCGGCA-1 1.86318 0.175388 0
L37.GTTTCTAGTACTTCTT-1 1.86318 0.939571 0
L37.TAAACCGTCGTACCGG-1 1.86318 0.005 0
L37.TACCTATTCCGTAGGC-1 1.86318 0.16335 0
L37.TACCTTAGTCTCCATC-1 1.86318 0.0206856 0
L37.TACGGATGTCGCCATG-1 1.86318 0.0594731 0
L37.TACGGGCTCGTCTGAA-1 1.86318 0.337577 0
L37.TACTCATTCGGTTCGG-1 1.86318 0.005 0
L37.TACTTGTTCCAAATGC-1 1.86318 0.0241587 0
L37.TATCAGGTCACGATGT-1 1.86318 0.271269 0
L37.TATTACCGTCTCTTAT-1 1.86318 0.0241587 0
L37.TCAATCTGTGCGAAAC-1 1.86318 1.05435 0
L37.TCACAAGAGTGAACGC-1 1.86318 0.203885 0
L37.TCACAAGTCCACTGGG-1 1.86318 0.0503211 0
L37.TCACGAAAGGATATAC-1 1.86318 0.718093 0
L37.TCAGCAACACCATGTA-1 1.86318 0.0531758 0
L37.TCAGGTAAGGCATTGG-1 1.86318 0.0680516 0
L37.TCATTACAGCTTTGGT-1 1.86318 0.0241587 0
L37.TCATTACAGGCATGGT-1 1.86318 0.0206856 0
L37.TCCACACGTAGCGTAG-1 1.86318 0.175388 0
L37.TCCCGATCACCGAATT-1 1.86318 0.245254 0
L37.TCGCGAGTCAGCTCGG-1 1.86318 0.718093 0
L37.TCTATTGGTGAGTATA-1 1.86318 0.245254 0
L37.TCTCTAAGTTTGGGCC-1 1.86318 0.784171 0
L37.TCTTCGGCACAGGTTT-1 1.86318 0.843058 0
L37.TCTTCGGTCTTACCTA-1 1.86318 0.0241587 0
L37.TGACAACCATGCCCGA-1 1.86318 0.2323 0
L37.TGACTTTGTATAGGGC-1 1.86318 0.11032 0
L37.TGAGCATCAAGCGAGT-1 1.86318 0.0241587 0
L37.TGAGCCGCATGCAATC-1 1.86318 0.0241587 0
L37.TGAGGGACATAGAAAC-1 1.86318 0.388634 0
L37.TGCACCTAGTACACCT-1 1.86318 0.245254 0
L37.TGCCAAACAAACGTGG-1 1.86318 0.475975 0
L37.TGCTGCTGTATATCCG-1 1.86318 0.475975 0
L37.TGGCCAGAGGCCATAG-1 1.86318 1.69715 0
L37.TGGCCAGGTAAATGTG-1 1.86318 0.272243 0
L37.TGGGCGTCACGCCAGT-1 1.86318 0.292276 0
L37.TGGTTAGAGCCTCGTG-1 1.86318 0.0206856 0
L37.TGGTTCCGTAAGTGTA-1 1.86318 0.0241587 0
L37.TGGTTCCGTAGCTCCG-1 1.86318 1.21843 0
L37.TGTCCCATCTCGATGA-1 1.86318 0.16835 0
L37.TGTGGTAGTGTTGAGG-1 1.86318 0.784171 0
L37.TTAGTTCAGTGACATA-1 1.86318 1.26531 0
L37.TTCTCAAGTGTAATGA-1 1.86318 0.752404 0
L37.TTCTCAATCCTTGCCA-1 1.86318 0.0241587 0
L37.TTGACTTAGCTAAGAT-1 1.86318 0.810266 0
L37.TTGCCGTCACCAGGTC-1 1.86318 0.632248 0
L37.TTGGAACTCGGCTTGG-1 1.86318 1.85318 0
L37.TTGTAGGTCGAGAGCA-1 1.86318 0.005 0
L37.TTTGCGCCAAACTGCT-1 1.86318 0.0241587 0
L37.TTTGCGCTCCGTCAAA-1 1.86318 0.0711959 0
