(((((((((((GATAGCTAGACCATTC-1:1,CTACCCAAGAACTGAT-1:1)I19:0,GAACACTGTGTCACAT-1:2)I18:0,AGTTCGAAGCTGCGAA-1:1)I17:0,TCGATTTAGTATTCCG-1:4)I16:0,(GCTGGGTTCTACCCAC-1:0.003,TAAGCACAGCGGATCA-1:1.003)I15:2.998)I14:0,(ACGATGTGTGTATTGC-1:2.006,GTTCATTGTTCGGTAT-1:4.006)I13:0.994)I12:0.003,((((GAACACTGTGGCTACC-1:3,GAACACTTCCTCACTG-1:0)I11:0,TGTAGACGTTTAGTCG-1:2)I10:0,CCTGTTGTCAATCTTC-1:4)I9:0.007,TTGCATTCACCTGTCT-1:4.007)I8:2.997)I7:2.997,GAGAGGTCACCGTCGA-1:1.96)I6:0.04,ATCCACCTCTGATTCT-1:8.001)I5:1.048,(((ACCCAAAGTCGTGATT-1:4.06,CCTAACCGTGCGACAA-1:0.564)I4:3.448,(GAGTGTTGTATGGAGC-1:0,ACGTCCTAGACATACA-1:2)I3:0.01)I2:6.382,GGGATGACAACTGTGT-1:7.391)I1:3.694)10:2.963)I0;
I0,0,0,0,0,0,0,0,0,0,0,0,0,0,0,0,0,0,0,0,0,0,0,0,0,0,0,0,0,0,0
10,0,0,0,0,0,0,0,0,0,0,0,0,0,0,0,0,0,0,0,0,0,0,0,0,0,0,0,0:0.01/-1:0.98/1:0.002,0:0.01/-1:0.98/1:0.002/2:0.009,0:0.01/-1:0.98/1:0.01
I1,0,0,0,0,0,0,0,0,0,0,0,0,0,0,0,0,0,0,0:0.11/-1:0.87/1:0.001/2:0.002/3:0.004/5:0.017/6:0.012/7:0.004/8:0.005/9:0.004/11:0.017/12:0.001/14:0.014,0:0.11/-1:0.87/1:0.01/2:0.002/3:0.002/4:0.004/5:0.018/6:0.017/7:0.018/8:0.015/10:0.006/11:0.005/12:0.003/13:0.018/15:0.001/16:0.004/17:0.008/18:0.008/20:0.004/21:0.001/22:0.007/23:0.001,0:0.11/-1:0.87/1:0.002/2:0.001,0,0,0,0,0:0.01/2:0.99,0,-1,-1,-1
GGGATGACAACTGTGT-1,0,16,0,0,0,0,4,22,0,0,0,0,18,22,0,0,0,0,-1,-1,-1,0,19,0,7,2,0,-1,-1,-1
I2,0,9,0,0,8,0,0,9,0,0,9,0,0,10,0,0,4,0,-1,-1,-1,0,0,0,0,2,0,-1,-1,-1
I3,0,9,0,0,8,0,0,9,0,0,9,0,0,10,0,0,4,0,-1,-1,-1,0,0,0,0,2,0,-1,-1,-1
ACGTCCTAGACATACA-1,0,9,0,0,8,0,0,9,0,0,9,0,0,10,0,0,4,0,-1,-1,-1,3,5,0,0,2,0,-1,-1,-1
GAGTGTTGTATGGAGC-1,0,9,0,0,8,0,0,9,0,0,9,0,0,10,0,0,4,0,-1,-1,-1,0,0,0,0,2,0,-1,-1,-1
I4,0,9,0,0,8,0,0,9,0,0,9,0,0,10,0,0,4,0,-1,-1,-1,0,0:0.5/7:0.5,0,0:0.02/-1:0.98,-1:0.98/2:0.02,0:0.02/-1:0.98,-1,-1,-1
CCTAACCGTGCGACAA-1,0,9,0,0,8,0,0,9,0,0,9,0,0,10,0,0,4,0,-1,-1,-1,0,7,0,-1,-1,-1,-1,-1,-1
ACCCAAAGTCGTGATT-1,0,9,0,0,8,0,0,9,0,0,9,0,0,10,0,7,4,0,-1,-1,-1,-1,-1,-1,-1,-1,-1,-1,-1,-1
I5,0,0,0,0,0,0,0,0,0,0,0,0,0,0,0,0,12,0,0,0,0,0,0,0,0,0,0,-1,-1,-1
ATCCACCTCTGATTCT-1,0,0,0,0,0,0,0,0,0,0,0,0,0,0,0,0,12,0,-1,-1,-1,-1,-1,-1,9,11,0,-1,-1,-1
I6,0,0,0,0,0,0,0,0,0,0,0,0,0,0,0,0,12,0,0,0,0,0,0,0,0,0:0.96/2:0.04,0,-1,-1,-1
GAGAGGTCACCGTCGA-1,0,0,0,0,0,0,0,0,0,0,19,0,0,0,0,0,12,0,0,0,0,0,0,0,0,2,0,-1,-1,-1
I7,0,0,0,0,0,0,0,0,0,0,0,0,0,0,0,0,12,0,0,0,0,0,0,0,-1,-1,-1,-1,-1,-1
I8,0,0,0,0,0,0,0,0,0,0,0,0,0,0,0,0,12,0,-1,-1,-1,0,0,0,-1,-1,-1,-1,-1,-1
TTGCATTCACCTGTCT-1,0,0,0,0,0,0,0,0,0,0,0,7,0,0,0,0,12,0,-1,-1,-1,25,21,4,-1,-1,-1,-1,-1,-1
I9,0,0,0,0,0,0,0,0,0,0,0,0,0,0,0,0,12,0,-1,-1,-1,0,0,0,-1,-1,-1,-1,-1,-1
CCTGTTGTCAATCTTC-1,0,0,0,0,0,0,6,0,0,0,0,0,0,0,0,0,12,0,-1,-1,-1,-1,-1,-1,-1,-1,-1,-1,-1,-1
I10,0,0,0,0,0,0,0,0,0,0,0,0,0,0,0,0,12,0,-1,-1,-1,0,0,0,-1,-1,-1,-1,-1,-1
TGTAGACGTTTAGTCG-1,0,0,0,0,0,0,0,0,0,0,0,0,0,0,0,0,12,0,-1,-1,-1,14,1,0,-1,-1,-1,-1,-1,-1
I11,0,0,0,0,0,0,0,0,0,0,0,0,0,0,0,0,12,0,-1,-1,-1,0,0,0,-1,-1,-1,-1,-1,-1
GAACACTTCCTCACTG-1,0,0,0,0,0,0,0,0,0,0,0,0,0,0,0,0,12,0,-1,-1,-1,0,0,0,-1,-1,-1,-1,-1,-1
GAACACTGTGGCTACC-1,0,0,0,0,0,0,6,0,0,0,0,0,0,0,0,0,12,0,-1,-1,-1,0,16,2,-1,-1,-1,-1,-1,-1
I12,0,0,0,0,0,0,0,0,0,0,0,0,0,0,0,0,12,0,0,0,0,0,0,0,-1,-1,-1,-1,-1,-1
I13,0,0,0,0,0,0,0,0:0.01/12:0.99,0,0,0,0,0,0,0,0,12,0,0,0,0,0,0,0,-1,-1,-1,-1,-1,-1
GTTCATTGTTCGGTAT-1,0,0,0,0,0,0,0,12,0,0,0,0,0,0,0,0,12,0,-1,-1,-1,0,5,0,-1,-1,-1,-1,-1,-1
ACGATGTGTGTATTGC-1,0,0,0,0,0,0,0,12,0,0,0,0,0,0,0,0,12,0,0,0,0,6,7,0,-1,-1,-1,-1,-1,-1
I14,0,0,0,0,0,0,0,0,0,0,0,0,0,0,0,0,12,0,0,0,0,0,0,0,-1,-1,-1,-1,-1,-1
I15,0,0,0,0,0,0,0,0,0,0,0,0,0,0,0,0,12,0,0,0,0,-1,-1,-1,-1,-1,-1,-1,-1,-1
TAAGCACAGCGGATCA-1,0,0,0,0,0,0,0,0,0,0,0,0,7,0,0,0,12,0,0,0,0,-1,-1,-1,-1,-1,-1,-1,-1,-1
GCTGGGTTCTACCCAC-1,0,0,0,0,0,0,0,0,0,0,0,0,0,0,0,0,12,0,0,0,0,-1,-1,-1,-1,-1,-1,-1,-1,-1
I16,0,0,0,0,0,0,0,0,0,0,0,0,0,0,0,0,12,0,0,0,0,0,0,0,-1,-1,-1,-1,-1,-1
TCGATTTAGTATTCCG-1,0,18,0,0,0,0,0,24,0,0,0,0,0,0,0,0,12,0,0,0,0,3,5,0,-1,-1,-1,-1,-1,-1
I17,0,0,0,0,0,0,0,0,0,0,0,0,0,0,0,0,12,0,0,0,0,0,0,0,-1,-1,-1,-1,-1,-1
AGTTCGAAGCTGCGAA-1,0,0,0,0,0,0,0,0,0,0,0,0,0,0,0,0,12,0,0,0,0,0,14,0,-1,-1,-1,-1,-1,-1
I18,0,0,0,0,0,0,0,0,0,0,0,0,0,0,0,0,12,0,0,0,0,0,0,0,-1,-1,-1,-1,-1,-1
GAACACTGTGTCACAT-1,0,0,0,0,0,0,0,0,0,0,0,0,0,0,0,0,12,0,0,0,0,2,17,0,-1,-1,-1,-1,-1,-1
I19,0,0,0,0,0,0,0,0,0,0,0,0,0,0,0,0,12,0,0,0,0,0,0,0,-1,-1,-1,-1,-1,-1
CTACCCAAGAACTGAT-1,0,0,0,0,0,0,0,0,0,0,0,0,0,0,0,0,12,0,0,13,0,0,0,0,-1,-1,-1,-1,-1,-1
GATAGCTAGACCATTC-1,0,0,0,0,0,0,6,0,0,0,0,0,0,0,0,0,12,0,0,0,0,0,0,0,-1,-1,-1,-1,-1,-1
(((((GTGCACGAGCACTTTG-1:5.002,GTCAGCGCAGTGCGCT-1:1.002)I14:0.002,(CATCGTCAGCCGAATG-1:1.005,AGGTCTAGTATGAGAT-1:0.005)I13:2.999)I12:2.157,TGCTTGCTCATTTGTC-1:7.16)I11:13.082,(((ACGGGTCCATAGGTTC-1:2.057,TTACGCCCATACTGTG-1:2.057)I10:2.988,ACCGTTCAGCAGGTCA-1:0.042)I9:8.977,((CAATCGAGTCACCGCA-1:0.019,((TCCGGGATCGTACCTC-1:0,TCATGGAGTCCCTGAG-1:0)I8:0,TGAATCGCACGTTGGC-1:0)I7:4)I6:0.069,((CGAAGTTAGATGCTGG-1:0,CCTAAGAAGCGCTGCT-1:0)I5:5.055,(GACGCTGCATATCGGT-1:0.267,AGGTTACTCTAGAACC-1:3.015)I4:3.494)I3:12.327)I2:0.053)I1:1.068)17:2.808)I0;
I0,0,0,0,0,0,0,0,0,0,0,0,0,0,0,0,0,0,0,0,0,0,0,0,0,0,0,0,0,0,0
17,0,0,0,0,0,0,0,0,0,0,0,0,0,0,0,0,0,0,0,0,0,0,0,0,0,0,0,0:0.06/-1:0.93/1:0.002,0:0.06/-1:0.93/1:0.002/2:0.009,0:0.06/-1:0.93/1:0.01
I1,0,0,0,0,0,0,0,0,0,0,0,0,0,0,0,0,0,0,0,0,0,0,0,0,0,0:0.13/10:0.87,0,-1,-1,-1
I2,0,0,0,0,0,0,0,0,0,0,0,0,0,0,0,0,0,0,0,0,0,0,0,0,0,0:0.08/10:0.92,0,-1,-1,-1
I3,0,0:0.01/12:0.99,0,0,18,0,0:0.01/10:0.99,6,0,10,0:0.01/11:0.99,0,10,0:0.01/10:0.99,0,0:0.01/15:0.99,17,0,0:0.35/7:0.65,0:0.35/16:0.65,0,0,13,0,0,10,0,-1,-1,-1
I4,0:0.01/9:0.99,12,0,0:0.01/5:0.99,18,0,10,6,0,10,11,0,10,10,0,15,17,0,0:0.13/7:0.87,0:0.13/16:0.87,0,0,13,0,6,10,0,-1,-1,-1
AGGTTACTCTAGAACC-1,9,12,0,5,18,0,10,6,0,10,11,0,10,10,0,15,17,0,-1,-1,-1,0,13,0,6,10,0,-1,-1,-1
GACGCTGCATATCGGT-1,9,12,0,5,18,0,10,6,0,10,11,0,10,10,0,15,17,0,7,16,0,0,13,0,6,10,0,-1,-1,-1
I5,10,12,0,0,18,0,10,6,0,10,11,0,10,10,0,15,17,0,-1,-1,-1,17,13,0,0,10,0,-1,-1,-1
CCTAAGAAGCGCTGCT-1,10,12,0,0,18,0,10,6,0,10,11,0,10,10,0,15,17,0,-1,-1,-1,17,13,0,0,10,0,-1,-1,-1
CGAAGTTAGATGCTGG-1,10,12,0,0,18,0,10,6,0,10,11,0,10,10,0,15,17,0,-1,-1,-1,17,13,0,0,10,0,-1,-1,-1
I6,0,0,0,0,0,0,0,0,0,0,0,0,0,0,0,0,0,0,0,0,0,0,0,0,0,0:0.02/10:0.98,0,-1,-1,-1
I7,0,0,0,0,0,0,0,0,0,0,11,0,0,0,0,0,0,0,0,0,0,0,0,0,-1,-1,-1,-1,-1,-1
TGAATCGCACGTTGGC-1,0,0,0,0,0,0,0,0,0,0,11,0,0,0,0,0,0,0,0,0,0,0,0,0,-1,-1,-1,-1,-1,-1
I8,0,0,0,0,0,0,0,0,0,0,11,0,0,0,0,0,0,0,0,0,0,0,0,0,-1,-1,-1,-1,-1,-1
TCATGGAGTCCCTGAG-1,0,0,0,0,0,0,0,0,0,0,11,0,0,0,0,0,0,0,0,0,0,0,0,0,-1,-1,-1,-1,-1,-1
TCCGGGATCGTACCTC-1,0,0,0,0,0,0,0,0,0,0,11,0,0,0,0,0,0,0,0,0,0,0,0,0,-1,-1,-1,-1,-1,-1
CAATCGAGTCACCGCA-1,0,0,0,0,0,0,0,0,0,0,0,0,0,0,0,0,0,0,0,0,0,0,0,0,0,10,0,-1,-1,-1
I9,0,10,0,0,9,0,-1:0.99/2:0.008/3:0.008/4:0.008/5:0.005/6:0.009/7:0.003/8:0.006/10:0.009/12:0.002/15:0.007/16:0.001,-1:0.99/1:0.008/3:0.004/5:0.008/6:0.005/7:0.009/8:0.003/10:0.005/11:0.001/12:0.002/14:0.009/15:0.006/17:0.003/18:0.002/20:0.001/21:0.005/22:0.003/23:0.001/24:0.009,-1:0.99/3:0.006,0,0,0,0,0,0,0,9,0,0,0,0,0,0,0,-1:0.99/2:0.001/4:0.002/6:0.002/7:0.008/8:0.009/9:0.001/10:0.001/11:0.001/12:0.008/14:0.001/15:0.006/17:0.008/18:0.001/19:0.003/20:0.002,-1:0.99/10:0.01,-1:0.99/1:0.001,-1,-1,-1
ACCGTTCAGCAGGTCA-1,0,10,0,0,9,0,-1,-1,-1,0,0,0,0,0,0,0,9,0,0,0,0,0,0,0,-1,-1,-1,-1,-1,-1
I10,0,10,0,0,9,0,-1,-1,-1,0,0,0,0,0,0,0,9,0,0:0.02/-1:0.98,0:0.02/-1:0.98,0:0.02/-1:0.98,0,0,0,-1,-1,-1,-1,-1,-1
TTACGCCCATACTGTG-1,0,10,0,0,9,0,-1,-1,-1,0,0,0,0,0,0,0,9,0,-1,-1,-1,12,12,0,-1,-1,-1,-1,-1,-1
ACGGGTCCATAGGTTC-1,0,10,0,0,9,0,-1,-1,-1,0,0,0,0,0,0,0,9,0,-1,-1,-1,7,10,0,-1,-1,-1,-1,-1,-1
I11,0,0:0.01/9:0.99,0,0:0.01/-1:0.98/2:0.005/3:0.009/4:0.002/5:0.009/6:0.008/7:0.001/8:0.001/9:0.001/10:0.008/12:0.007/13:0.001/15:0.002/16:0.006/19:0.001,0:0.01/-1:0.98/1:0.008/2:0.008/6:0.003/7:0.009/8:0.006/10:0.001/11:0.003/12:0.001/13:0.004/14:0.005/15:0.001/16:0.009/17:0.001/24:0.006/28:0.003/33:0.009,0:0.01/-1:0.98/8:0.006,9,0:0.01/1:0.99,0,0,0:0.01/7:0.99,0,0,14,0,0,0,0,0:0.01/-1:0.98/2:0.001/3:0.002/5:0.009/6:0.006/7:0.002/8:0.003/9:0.002/11:0.008/12:0.001/14:0.007,0:0.01/-1:0.98/1:0.005/2:0.001/3:0.001/4:0.002/5:0.009/6:0.008/7:0.009/8:0.008/10:0.003/11:0.002/12:0.002/13:0.009/16:0.002/17:0.004/18:0.004/20:0.002/22:0.003/23:0.001,0:0.01/-1:0.98/1:0.001,0,0:0.01/1:0.99,0,0,0:0.01/8:0.99,0,-1,-1,-1
TGCTTGCTCATTTGTC-1,9,9,0,-1,-1,-1,9,1,0,17,7,6,11,14,0,0,20,0,-1,-1,-1,14,1,0,15,8,0,-1,-1,-1
I12,8,9,0,-1,-1,-1,9,1,0,0,7,0,0,14,0,0,0,0,-1,-1,-1,11,1,0,0,8,0,-1,-1,-1
I13,8,9,0,-1,-1,-1,9,1,0,0,7,0,0,14,0,-1,-1,-1,-1,-1,-1,11,1,0,0,8,0,-1,-1,-1
AGGTCTAGTATGAGAT-1,8,9,0,-1,-1,-1,9,1,0,0,7,0,0,14,0,-1,-1,-1,-1,-1,-1,11,1,0,0,8,0,-1,-1,-1
CATCGTCAGCCGAATG-1,8,9,0,-1,-1,-1,9,1,0,0,7,0,0,14,0,-1,-1,-1,-1,-1,-1,11,1,0,14,8,0,-1,-1,-1
I14,8,9,0,-1,-1,-1,9,1,0,0,7,0,0,14,0,0,0,0,-1,-1,-1,11,1,0,0,8,0,-1,-1,-1
GTCAGCGCAGTGCGCT-1,8,9,0,-1,-1,-1,9,1,0,0,7,0,0,14,0,0,24,0,-1,-1,-1,11,1,0,0,8,0,-1,-1,-1
GTGCACGAGCACTTTG-1,8,9,0,-1,-1,-1,9,1,0,0,7,0,0,14,1,0,1,0,-1,-1,-1,11,1,0,-1,-1,-1,-1,-1,-1
(((((((CATCCGTGTAAGTTGA-1:1,AGAAATGTCTACGGTA-1:0)I9:0.001,AACGGGAAGCCGTCGT-1:1.002)I8:3.013,CTAACCCTCGTTAGAC-1:0.483)I7:5.051,(TGATGCACAGTCTCTC-1:1.186,AACCTGAAGTGACACG-1:6.186)I6:2.894)I5:2.49,((GCTCAAACACTCCGGA-1:3.086,AGCGTATAGCCGAACA-1:2.086)I4:4.971,(CTGCAGGAGGATGAGA-1:5.1,CAACCTCAGCAGGCAT-1:4.017)I3:3.611)I2:2.397)I1:5.592,AGCCAATCATATACCG-1:11.615)5:3.436)I0;
I0,0,0,0,0,0,0,0,0,0,0,0,0,0,0,0,0,0,0,0,0,0,0,0,0,0,0,0,0,0,0
5,0,0,0,0,0,0,0,0,0,0,0,0,0,0,0,0,0,0,0,0,0,0,0:0.08/7:0.92,0,0,0,0,0:0.16/-1:0.82/1:0.004,0:0.16/-1:0.82/1:0.004/2:0.018,0:0.16/-1:0.82/1:0.02
AGCCAATCATATACCG-1,0,0,0,0,7,0,8,7,0,0,11,0,0,0,0,10,10,0,0,11,0,1,7,0,-1,-1,-1,-1,-1,-1
I1,0,7,0,0,6,0,0,0,0,3,5,0,0,0,0,0,4,0,0,0,0,0,7,0,0,0,0,-1,-1,-1
I2,0,7,0,0,6,0,0,0,0,3,5,0,0,0,0,0:0.01/12:0.99,4,0,0,0:0.03/6:0.97,0,0,7,0,0:0.79/13:0.21,0:0.79/14:0.21,0,-1,-1,-1
I3,0,7,0,0:0.03/12:0.97,6,0,0,0,0,3,5,0,0:0.03/6:0.97,0:0.04/6:0.96,0,12,4,0,0,6,0,0,7,0,0:0.46/13:0.54,0:0.46/14:0.54,0,-1,-1,-1
CAACCTCAGCAGGCAT-1,0,7,0,12,6,0,0,7,0,3,5,0,6,6,0,12,4,0,5,6,0,14,7,0,13,14,0,-1,-1,-1
CTGCAGGAGGATGAGA-1,0,7,0,12,6,0,0,20,0,3,5,0,6,6,0,12,4,0,0,6,0,1,7,0,-1,-1,-1,-1,-1,-1
I4,0,7,0,0:0.01/5:0.99,6,0,0,0,0,3,5,0:0.02/3:0.98,0,0,0,12,4,0,0,6,0,0,7,0,0:0.01/-1:0.98/13:0.01,0:0.01/-1:0.98/14:0.01,0:0.02/-1:0.98,-1,-1,-1
AGCGTATAGCCGAACA-1,7,7,0,5,6,0,0,0,0,3,5,3,0,0,0,12,4,0,0,6,0,10,7,0,-1,-1,-1,-1,-1,-1
GCTCAAACACTCCGGA-1,0,7,0,5,6,0,2,3,0,3,5,3,0,6,0,12,4,0,0,6,0,0,7,0,-1,-1,-1,-1,-1,-1
I5,0,7,0,0,6,0,0,0,0,3,5,0,0,0:0.03/6:0.97,0,0:0.03/4:0.97,4,0,0,0,0,0,7,0,0:0.74/9:0.26,0:0.74/11:0.26,0,-1,-1,-1
I6,0,7,0,0,6,0,0,0,0,3,5,0,0,6,0,4,4,0,0,0,0,0,7,0,0:0.04/-1:0.94/9:0.02,0:0.04/-1:0.94/11:0.02,0:0.05/-1:0.94/1:0.001,-1,-1,-1
AACCTGAAGTGACACG-1,0,7,0,-1,-1,-1,0,6,0,3,5,0,0,6,0,4,4,0,0,5,0,4,7,0,-1,-1,-1,-1,-1,-1
TGATGCACAGTCTCTC-1,0,7,0,0,6,0,0,0,0,3,5,0,0,6,0,4,4,0,0,6,0,0,7,0,-1,-1,-1,-1,-1,-1
I7,0,7,0,4,6,0,3,7,0,3,5,0,0,6,0,4,4,0,0,6,0,0,7,0,0:0.23/9:0.77,0:0.23/11:0.77,0,-1,-1,-1
CTAACCCTCGTTAGAC-1,0,7,0,4,6,0,3,7,0,3,5,0,0,6,0,4,4,0,0,6,0,0,7,0,9,11,0,-1,-1,-1
I8,0,7,0,4,6,0,3,7,0,3,5,0,0,6,0,4,4,0,0,6,0,0,7,0,-1,-1,-1,-1,-1,-1
AACGGGAAGCCGTCGT-1,5,7,0,4,6,0,3,7,0,3,5,0,0,6,0,4,4,0,0,6,0,0,7,0,-1,-1,-1,-1,-1,-1
I9,0,7,0,4,6,0,3,7,0,3,5,0,0,6,0,4,4,0,0,6,0,0,7,0,-1,-1,-1,-1,-1,-1
AGAAATGTCTACGGTA-1,0,7,0,4,6,0,3,7,0,3,5,0,0,6,0,4,4,0,0,6,0,0,7,0,-1,-1,-1,-1,-1,-1
CATCCGTGTAAGTTGA-1,0,7,0,4,6,0,3,7,0,3,5,0,11,6,0,4,4,0,0,6,0,0,7,0,-1,-1,-1,-1,-1,-1
(((((AAGGTAAGTGTACAGG-1:1.001,GGAGATGCACACGTGC-1:2.001)I6:1.021,TGTCCCACATGACTCA-1:1.023)I5:3.025,((AGAGAATTCGCCATAA-1:4,GGCGTCACAGCGTGAA-1:4)I4:0,(TGACAGTTCTGGCCGA-1:3.082,TCATTTGTCGATTGAC-1:5.082)I3:0.918)I2:1.044)I1:3.025,AGCGCCATCATGTCAG-1:2.066)7:11.948)I0;
I0,0,0,0,0,0,0,0,0,0,0,0,0,0,0,0,0,0,0,0,0,0,0,0,0,0,0,0,0,0,0
7,0,8,0,0,0,0,0:0.01/4:0.99,7,0,5,8,0,0,0,0,5,7,0,0,0,0,0,8,0,0,5,0,0:0.01/-1:0.99,0:0.01/-1:0.99,0:0.01/-1:0.99
AGCGCCATCATGTCAG-1,0,8,0,0,0,0,4,7,0,5,8,0,0,0,0,5,7,0,0,0,0,9,8,0,3,5,0,-1,-1,-1
I1,0,8,0,0,0,0,4,7,0,5,8,0,0,0,0,5,7,0,0:0.01/-1:0.99,0:0.01/-1:0.99,0:0.01/-1:0.99,0,8,0,0,5,0,-1,-1,-1
I2,0,8,0,0,0,0,4,7,0,5,8,0,0,0,0,5,7,0,-1,-1,-1,0,8,0,3,5,0,-1,-1,-1
I3,0,8,0,0,0,0,4,7,0,5,8,0,0,0,0,5,7,0,-1,-1,-1,0:0.08/5:0.92,8,0,3,5,0,-1,-1,-1
TCATTTGTCGATTGAC-1,0,8,0,0,32,5,4,7,3,5,8,0,22,27,0,5,7,0,-1,-1,-1,5,8,0,3,5,0,-1,-1,-1
TGACAGTTCTGGCCGA-1,0,8,0,0,4,1,4,7,0,5,8,0,0,4,0,5,7,0,-1,-1,-1,5,8,0,3,5,0,-1,-1,-1
I4,0,8,0,0,0,0,4,7,0,5,8,0,0,0,0,5,7,0,-1,-1,-1,0,8,0,3,5,0,-1,-1,-1
GGCGTCACAGCGTGAA-1,14,8,0,0,10,0,4,7,0,5,8,0,0,19,0,5,7,0,-1,-1,-1,0,8,0,3,5,2,-1,-1,-1
AGAGAATTCGCCATAA-1,0,8,0,6,7,0,4,7,0,5,8,0,0,11,0,5,7,0,-1,-1,-1,8,8,0,3,5,0,-1,-1,-1
I5,0,8,0,0:0.01/-1:0.99,0:0.01/-1:0.99,0:0.01/-1:0.99,4,7,0,5,8,0,0,0,0,5,7,0,-1,-1,-1,0,8,0,0,5,0,-1,-1,-1
TGTCCCACATGACTCA-1,0,8,0,-1,-1,-1,4,7,0,5,8,0,0,0,0,5,7,0,-1,-1,-1,13,8,0,0,5,0,-1,-1,-1
I6,0,8,0,-1,-1,-1,4,7,0,5,8,0,0,0,0,5,7,0,-1,-1,-1,0,8,0,3,5,0,-1,-1,-1
GGAGATGCACACGTGC-1,0,8,0,-1,-1,-1,4,7,0,5,8,0,0,0,0,5,7,0,-1,-1,-1,20,8,3,3,5,0,-1,-1,-1
AAGGTAAGTGTACAGG-1,0,8,0,-1,-1,-1,4,7,0,5,8,0,0,0,0,5,7,0,-1,-1,-1,5,8,0,3,5,0,-1,-1,-1
(((ATTGGGTCAGAATGTA-1:5.473,(((TCATTACTCTGGAGAG-1:3,GCTACAACAAGTCATC-1:1)I8:0.001,CACCGTTGTACGAAAT-1:5.001)I7:0.002,((CCCGGAAGTTATGTCG-1:5.001,(CACAGGCAGCCTCATA-1:2,AGCCACGAGCTCAGAG-1:2)I6:0)I5:0.009,TCATACTCACAGCATT-1:5.01)I4:2.994)I3:3.065)I2:7.889,TCTACCGGTGCGGTAA-1:17.447)I1:1.717)I0;
I0,0,0,0,0,0,0,0,0,0,0,0,0,0,0,0,0,0,0,0,0,0,0,0,0,0,0,0,0,0,0
I1,0,0,0,0,0,0,0,0,0,0,0,0,0,0,0,0,0,0,0,0,0,0,0,0,0,0:0.9/4:0.1,0,0:0.46/-1:0.52/1:0.004,0:0.46/-1:0.52/1:0.004/2:0.018,0:0.46/-1:0.52/1:0.02
TCTACCGGTGCGGTAA-1,13,5,0,0,7,0,5,5,0,4,18,0,14,16,0,1,0,0,6,13,0,0,5,0,-1,-1,-1,-1,-1,-1
I2,0,8,0,0,0,0,0,0,0,0:0.01/3:0.99,0:0.01/5:0.99,0,0,13,0,11,14,0,0,0,0,0,0,0,0,0:0.4/4:0.6,0,0:0.01/-1:0.99,0:0.01/-1:0.99,0:0.01/-1:0.99
I3,0,8,0,0,0,0,0,0,0,3,5,0,0,13,0,11,14,0,0,0,0,0,0,0,-1,-1,-1,-1,-1,-1
I4,0,8,0,0,0,0,0,0,0,3,5,0,0,13,0,11,14,0,0,0,0,-1,-1,-1,-1,-1,-1,-1,-1,-1
TCATACTCACAGCATT-1,0,8,0,-1,-1,-1,16,14,0,3,5,0,0,13,0,11,14,0,0,0,0,-1,-1,-1,-1,-1,-1,-1,-1,-1
I5,0,8,0,0,0,0,0,0,0,3,5,0,0,13,0,11,14,0,0,0,0,-1,-1,-1,-1,-1,-1,-1,-1,-1
I6,0,8,0,0,0,0,0,0,0,3,5,0,0,13,0,11,14,0,0,0,0,-1,-1,-1,-1,-1,-1,-1,-1,-1
AGCCACGAGCTCAGAG-1,0,8,0,8,15,0,0,0,0,3,5,0,0,13,0,11,14,0,0,0,0,-1,-1,-1,-1,-1,-1,-1,-1,-1
CACAGGCAGCCTCATA-1,0,8,0,13,21,0,0,0,0,3,5,0,0,13,0,11,14,0,0,0,0,-1,-1,-1,-1,-1,-1,-1,-1,-1
CCCGGAAGTTATGTCG-1,0,8,0,15,23,3,12,18,0,3,5,0,0,13,0,11,14,0,0,0,0,-1,-1,-1,-1,-1,-1,-1,-1,-1
I7,0,8,0,0,0,0,0,0,0,3,5,0,0,13,0,11,14,0,0,0,0,0,0,0,-1,-1,-1,-1,-1,-1
CACCGTTGTACGAAAT-1,0,8,0,14,22,2,0,0,0,3,5,0,0,13,0,11,14,0,0,0,0,15,15,0,-1,-1,-1,-1,-1,-1
I8,0,8,0,0,0,0,0,0,0,3,5,0,0,13,0,11,14,0,0,0,0,0,0,0,-1,-1,-1,-1,-1,-1
GCTACAACAAGTCATC-1,0,8,0,0,0,0,0,0,0,3,5,0,0,13,0,11,14,0,0,0,0,0,14,0,-1,-1,-1,-1,-1,-1
TCATTACTCTGGAGAG-1,0,8,0,0,0,0,10,3,0,3,5,0,0,13,0,11,14,0,0,0,0,0,7,0,-1,-1,-1,-1,-1,-1
ATTGGGTCAGAATGTA-1,0,8,0,3,7,0,0,0,0,3,5,0,0,13,0,11,14,0,0,0,0,-1,-1,-1,0,4,0,-1,-1,-1
((((((((TCGCTTGAGCAATTAG-1:4.01,AGGCCACAGTGAGCCA-1:5.01)I23:0.004,(CCTCCTCCAATAGGGC-1:5.014,(CCTTTGGTCGAGAACG-1:2.002,TGGATCAGTTGCTCAA-1:0.002)I22:0.011)I21:3.003)I20:2.99,(CTGCGAGTCGATCCAA-1:6.002,TTACCGCGTGGAGAAA-1:2.966)I19:0.038)I18:1.046,(AGTACCACAGGCCTGT-1:6.072,((AGATGCTTCGCTGATA-1:2.022,TTTGATCTCGGTCTAA-1:4.022)I17:1.018,AGAGCAGGTTGTCTAG-1:5.04)I16:1.032)I15:3.986)I14:3.036,TGATGGTGTACAGCGA-1:14.826)I13:4.132,((GAAATGACAACCGTGC-1:12.28,((CCTCACATCACGATCA-1:0,AAGGAATTCTTCCGTG-1:0)I12:7.09,ATTCGTTTCGAGCACC-1:1.795)I11:6.18)I10:2.195,((((((AGAGCCCCACACCGAC-1:2,AGGTGTTTCCAATGCA-1:1)I9:0.001,TCTGCCACAAGCGATG-1:5.001)I8:1.012,TACAGGTAGACTAGAT-1:2.013)I7:1.031,CTCCTTTCATGATGCT-1:3.044)I6:2.96,AGTCAACGTCTGTGGC-1:2.9)I5:1.656,CAAGACTTCGCGTGAC-1:10.035)I4:5.611)I3:2.85)I2:1.072,CACTTCGCAAAGGAGA-1:3.029)I1:0.971)I0;
I0,0,0,0,0,0,0,0,0,0,0,0,0,0,0,0,0,0,0,0,0,0,0,0,0,0,0,0,0,0,0
I1,0,0,0,0,0,0,0,0,0,0,0,0,0,0,0,0,0,0,0,0,0,0,0:0.03/5:0.97,0,0,0,0,0,0,0
CACTTCGCAAAGGAGA-1,0,0,0,0,0,0,0,0,0,0,0,0,0,0,0,0,0,0,0,13,0,16,5,0,0,15,0,0,0,0
I2,0,5,0,0,0,0,0,0,0,0,0,0,0,0,0,0,0,0,0,0,0,0,5,0,0,0,0,0,0:0.95/2:0.05,0
I3,0,5,0,0,0,0,0,0,0,0,0,0,0,0,0,0,0,0,0,0,0,0,5,0,0,0,0,0:0.05/-1:0.94/1:0.002,0:0.05/-1:0.94/2:0.01,0:0.05/-1:0.94/1:0.01
I4,0,5,0,7,12,0,0,0,0,0,0,0,0,0:0.02/8:0.98,0,0,0:0.01/13:0.99,0,0,0:0.3/9:0.7,0,0,5,0,0:0.61/7:0.39,0:0.61/8:0.39,0,-1,-1,-1
CAAGACTTCGCGTGAC-1,6,5,0,7,12,0,0,17,0,0,0,0,7,8,0,5,13,0,-1,-1,-1,0,5,0,-1,-1,-1,-1,-1,-1
I5,0,5,0,7,12,0,0,13,0,0,0,0,0,8,0,0,13,0,0,9,0,0,5,0,0:0.45/7:0.55,0:0.45/8:0.55,0,-1,-1,-1
AGTCAACGTCTGTGGC-1,0,5,0,7,12,0,4,13,0,0,0,0,0,8,0,5,13,0,0,9,0,0,5,0,7,8,0,-1,-1,-1
I6,0,5,0,7,12,0,0,13,0,0,0,0,0,8,0,0,13,0,0,9,0,0,5,0,0:0.01/-1:0.99,0:0.01/-1:0.99,0:0.01/-1:0.99,-1,-1,-1
CTCCTTTCATGATGCT-1,0,5,0,7,12,0,14,13,0,0,17,0,0,8,0,8,13,0,0,9,0,0,5,0,-1,-1,-1,-1,-1,-1
I7,0,5,0,7,12,0,0,13,0,0,0,0,0,8,0,0:0.01/5:0.99,13,0,0,9,0,0,5,0,-1,-1,-1,-1,-1,-1
TACAGGTAGACTAGAT-1,0,5,0,7,12,0,15,13,0,0,0,0,0,8,0,5,13,0,0,9,0,1,5,0,-1,-1,-1,-1,-1,-1
I8,0,5,0,7,12,0,7,13,0,0,0,0,0,8,0,5,13,0,0,9,0,0,5,0,-1,-1,-1,-1,-1,-1
TCTGCCACAAGCGATG-1,0,5,0,7,12,0,7,13,0,0,11,0,23,8,0,5,13,0,-1,-1,-1,0,5,0,-1,-1,-1,-1,-1,-1
I9,0,5,0,7,12,0,7,13,0,0,0,0,0,8,0,5,13,0,0,9,0,0,5,0,-1,-1,-1,-1,-1,-1
AGGTGTTTCCAATGCA-1,0,5,0,7,12,0,7,13,0,0,0,0,9,8,0,5,13,0,0,9,0,0,5,0,-1,-1,-1,-1,-1,-1
AGAGCCCCACACCGAC-1,0,5,0,7,12,0,7,13,0,8,7,0,0,8,0,5,13,0,0,9,0,0,5,0,-1,-1,-1,-1,-1,-1
I10,0,5,0,0,0:0.12/7:0.88,0,0,0:0.11/5:0.89,0,0,0,0,0,0,0,0,0,0,0,0,0,0,5,0,0:0.85/11:0.15,0:0.85/13:0.15,0,0:0.01/-1:0.98/1:0.002,0:0.01/-1:0.98/2:0.01,0:0.01/-1:0.98/1:0.01
I11,0,5,0,0,7,0,0,5,0,0,0:0.02/7:0.98,0,0,0:0.02/8:0.98,0,0:0.01/4:0.99,0:0.02/6:0.98,0,0,0:0.02/7:0.98,0,0,5,0,0:0.35/11:0.65,0:0.35/13:0.65,0,-1,-1,-1
ATTCGTTTCGAGCACC-1,0,5,0,0,7,0,0,5,0,13,7,0,0,8,0,4,6,0,0,7,0,0,5,0,11,13,0,-1,-1,-1
I12,6,5,0,5,7,0,3,5,0,4,7,0,0,8,0,4,6,0,0,7,0,0,5,0,-1,-1,-1,-1,-1,-1
AAGGAATTCTTCCGTG-1,6,5,0,5,7,0,3,5,0,4,7,0,0,8,0,4,6,0,0,7,0,0,5,0,-1,-1,-1,-1,-1,-1
CCTCACATCACGATCA-1,6,5,0,5,7,0,3,5,0,4,7,0,0,8,0,4,6,0,0,7,0,0,5,0,-1,-1,-1,-1,-1,-1
GAAATGACAACCGTGC-1,13,5,0,0,7,0,5,5,0,4,18,0,14,16,0,1,0,0,6,13,0,0,5,0,-1,-1,-1,-1,-1,-1
I13,0,5,0,0,0,0,0,0:0.04/5:0.96,0,0,0:0.02/10:0.98,0,0:0.01/8:0.99,0:0.01/12:0.99,0,0,0,0,0,0,0,0,5,0,0,0,0,0,0:0.74/2:0.26,0
TGATGGTGTACAGCGA-1,2,5,0,12,36,0,6,5,0,13,10,5,8,12,0,-1,-1,-1,12,23,0,0,5,0,-1,-1,-1,0,2,0
I14,0,5,0,0,0,0,0,5,0,0,10,0,8,12,0,0,0,0,0,0,0,0,5,0,0,0,0,0:0.01/-1:0.98/1:0.002,0:0.01/-1:0.98/2:0.01,0:0.01/-1:0.98/1:0.01
I15,0,5,0,0,0,0,0,5,0,0,10,0,8,12,0,0,0,0,0,0:0.01/8:0.99,0,0,5,0,0:0.02/-1:0.98,0:0.02/-1:0.98,0:0.02/-1:0.98,-1,-1,-1
I16,0,5,0,0:0.03/5:0.97,0,0,0,5,0,0,10,0,8,12,0,0,0,0,0,8,0,0,5,0,-1,-1,-1,-1,-1,-1
AGAGCAGGTTGTCTAG-1,0,5,0,5,11,0,6,5,0,0,10,0,8,12,0,-1,-1,-1,0,8,0,0,5,0,-1,-1,-1,-1,-1,-1
I17,0,5,0,5,0:0.02/13:0.98,0,0,5,0,0,10,0,8,12,0,0,0,0,0,8,0,0,5,0,-1,-1,-1,-1,-1,-1
TTTGATCTCGGTCTAA-1,8,5,0,5,13,0,2,5,0,17,10,0,8,12,0,0,20,0,0,8,0,0,5,0,-1,-1,-1,-1,-1,-1
AGATGCTTCGCTGATA-1,0,5,0,5,13,0,4,5,0,9,10,0,8,12,0,0,0,0,0,8,0,0,5,0,-1,-1,-1,-1,-1,-1
AGTACCACAGGCCTGT-1,0,5,0,3,19,0,6,5,0,11,10,0,8,12,0,16,6,0,0,8,0,0,5,0,-1,-1,-1,-1,-1,-1
I18,0,5,0,0,0,0,6,5,0,0,10,0,8,12,0,0,0,0,0,0,0,0,5,0,0,0,0,-1,-1,-1
I19,0,5,0,0,0,0,6,5,0,0,10,0,8,12,0,0,0,0,0,0,0,0,5,0,0:0.98/20:0.02,0:0.98/22:0.02,0,-1,-1,-1
TTACCGCGTGGAGAAA-1,0,5,0,0,0,0,6,5,0,0,10,0,8,12,0,0,0,0,0,8,0,0,5,0,20,22,0,-1,-1,-1
CTGCGAGTCGATCCAA-1,0,5,0,0,0,0,6,5,0,0,10,0,8,12,0,5,7,0,0,15,0,0,5,0,-1,-1,-1,-1,-1,-1
I20,0,5,0,0,0,0,6,5,0,0,10,0,8,12,0,0,0,0,-1,-1,-1,0,5,0,0,0,0,-1,-1,-1
I21,0,5,0,0,0,0,6,5,0,0,10,0,8,12,0,0,0,0,-1,-1,-1,0,5,0,-1,-1,-1,-1,-1,-1
I22,0,5,0,0,0,0,6,5,0,0,10,0,8,12,0,0,0,0,-1,-1,-1,0,5,0,-1,-1,-1,-1,-1,-1
TGGATCAGTTGCTCAA-1,0,5,0,0,0,0,6,5,0,0,10,0,8,12,0,0,0,0,-1,-1,-1,0,5,0,-1,-1,-1,-1,-1,-1
CCTTTGGTCGAGAACG-1,11,5,0,0,0,0,6,5,0,4,10,0,8,12,0,0,0,0,-1,-1,-1,0,5,0,-1,-1,-1,-1,-1,-1
CCTCCTCCAATAGGGC-1,2,5,0,0,0,0,6,5,0,13,10,0,8,12,0,5,4,0,-1,-1,-1,18,5,0,-1,-1,-1,-1,-1,-1
I23,0,5,0,0,0,0,6,5,0,0,10,0,8,12,0,0,0,0,-1,-1,-1,0,5,0,0,0,0,-1,-1,-1
AGGCCACAGTGAGCCA-1,0,5,0,6,16,0,6,5,0,0,10,0,8,12,0,5,6,0,-1,-1,-1,0,5,0,0,8,0,-1,-1,-1
TCGCTTGAGCAATTAG-1,0,5,0,0,34,0,6,5,0,0,10,0,8,12,0,22,27,0,-1,-1,-1,0,5,0,0,10,0,-1,-1,-1
(((CATGCAATCAACTGAC-1:4.952,GGGCGTTTCGCCGAGT-1:9.172)I23:5.444,((CCTCCTCCATGACTAC-1:6.011,(((((((((AACAACCTCCGTAATG-1:0,CCGTGAGTCATCGCAA-1:0)I22:1.001,(GACACGCCACGGCTAC-1:1,ATGAGTCGTCGATGCC-1:1)I21:0.001)I20:4.004,ATTGTTCCAAACGGCA-1:2.005)I19:0.004,(AGAGAGCCATGCGGTC-1:1.037,TGGAGGAGTTAGCGGA-1:3.037)I18:1.972)I17:2.993,(((GACCGTGGTGTAACGG-1:1.039,ATTTCACCACAGAGCA-1:2.039)I16:2.966,TAGACTGTCATCAGTG-1:1.95)I15:0.05,TCCCATGTCTACTATC-1:5)I14:1.001)I13:0.008,(((CTGCAGGTCAGGAACG-1:0,GCGTTTCCACAAGCCC-1:0)I12:0,(ATGGAGGGTTGCATTG-1:0,TAACTTCCAGGCATGA-1:0)I11:0)I10:3.043,ATCTTCATCGGTCAGC-1:0.734)I9:4.271)I8:0.008,TAGTGCATCGAAGAAT-1:8.018)I7:0.223,CATCGGGCATCTAACG-1:4)I6:0.776,TGATCAGGTCGTGTTA-1:4.017)I5:0.994)I4:2.053,(TTGTGGACACAAACGG-1:6.067,CTTGATTGTCAAACGG-1:2.067)I3:2.997)I2:3.987)I1:7.604)I0;
I0,0,0,0,0,0,0,0,0,0,0,0,0,0,0,0,0,0,0,0,0,0,0,0,0,0,0,0,0,0,0
I1,0,0,0,0,0,0,0,0,0,1,1,0:0.01/1:0.99,0,0:0.01/4:0.99,0,0:0.01/4:0.99,0:0.01/4:0.99,0,0,0,0,0,0,0,0,2,0,0:0.68/1:0.32,0:0.68/1:0.32,0
I2,0,5,0,0,0,0,0,0,0,1,1,1,0,4,0,4,4,0,0,0,0,0,0,0,0,2,0,0:0.01/-1:0.98/1:0.01,0:0.01/-1:0.98/1:0.01,0:0.02/-1:0.98
I3,0,5,0,0,0,0,11,0:0.02/5:0.98,0,1,1,1,0,4,0,4,4,0,0,0,0,0,0:0.04/5:0.96,0,0,2,0,-1,-1,-1
CTTGATTGTCAAACGG-1,0,5,0,0,0,0,11,5,0,1,1,1,15,4,0,4,4,0,0,0,0,0,5,0,15,2,0,-1,-1,-1
TTGTGGACACAAACGG-1,0,5,0,24,37,7,11,5,0,1,1,1,0,4,0,4,4,0,-1,-1,-1,0,5,0,0,2,0,-1,-1,-1
I4,0,5,0,0,4,0:0.01/1:0.99,0,0,0,1,1,1,0,4,0,4,4,0,0,0,0,0,0,0,0,2,0,-1,-1,-1
I5,0,5,0,0,4,1,0,0:0.02/5:0.98,0,1,1,1,0,4,0,4,4,0,0,0,0,0,0,0,0,2,0,-1,-1,-1
TGATCAGGTCGTGTTA-1,15,5,0,0,4,1,10,5,0,1,1,1,0,4,0,4,4,0,0,0,0,20,2,0,0,2,0,-1,-1,-1
I6,0,5,0,0,4,1,0,5,0,1,1,1,0,4,0,4,4,0,0,0,0,0,0:0.24/5:0.76,0,0,2,0,-1,-1,-1
CATCGGGCATCTAACG-1,0,5,0,0,4,1,0,5,0,1,1,1,0,4,0,4,4,0,0,14,0,-1,-1,-1,0,2,0,-1,-1,-1
I7,0,5,0,0,4,1,0,5,0,1,1,1,0,4,0,4,4,0,0,0,0,0,0:0.02/5:0.98,0,0,2,0,-1,-1,-1
TAGTGCATCGAAGAAT-1,2,5,0,0,4,1,3,5,0,1,1,1,7,4,0,4,4,0,0,18,0,1,5,0,-1,-1,-1,-1,-1,-1
I8,0,5,0,0,4,1,0,5,0,1,1,1,0,4,0,4,4,0,0,0,0,0,0:0.01/5:0.99,0,0,2,0,-1,-1,-1
I9,0,5,0,0,4,1,0,5,0,1,1,1,0,4,0,4,4,0,0:0.35/5:0.65,0:0.35/12:0.65,0,0:0.01/-1:0.99,-1:0.99/5:0.01,0:0.01/-1:0.99,0,2,0,-1,-1,-1
ATCTTCATCGGTCAGC-1,0,5,0,0,4,1,0,5,0,1,1,1,0,4,0,4,4,0,5,12,0,-1,-1,-1,0,2,0,-1,-1,-1
I10,0,5,0,0,4,1,0,5,0,1,1,1,0,4,0,4,4,0,-1,-1,-1,-1,-1,-1,0,2,0,-1,-1,-1
I11,0,5,0,0,4,1,0,5,0,1,1,1,0,4,0,4,4,0,-1,-1,-1,-1,-1,-1,0,2,0,-1,-1,-1
TAACTTCCAGGCATGA-1,0,5,0,0,4,1,0,5,0,1,1,1,0,4,0,4,4,0,-1,-1,-1,-1,-1,-1,0,2,0,-1,-1,-1
ATGGAGGGTTGCATTG-1,0,5,0,0,4,1,0,5,0,1,1,1,0,4,0,4,4,0,-1,-1,-1,-1,-1,-1,0,2,0,-1,-1,-1
I12,0,5,0,0,4,1,0,5,0,1,1,1,0,4,0,4,4,0,-1,-1,-1,-1,-1,-1,0,2,0,-1,-1,-1
GCGTTTCCACAAGCCC-1,0,5,0,0,4,1,0,5,0,1,1,1,0,4,0,4,4,0,-1,-1,-1,-1,-1,-1,0,2,0,-1,-1,-1
CTGCAGGTCAGGAACG-1,0,5,0,0,4,1,0,5,0,1,1,1,0,4,0,4,4,0,-1,-1,-1,-1,-1,-1,0,2,0,-1,-1,-1
I13,0,5,0,0,4,1,0,5,0,1,1,1,0,4,0,4,4,0,0,0,0,0,5,0,0,2,0,-1,-1,-1
I14,0,5,0,0,4,1,11,5,0,1,1,1,0,4,0,4,4,0,0,0,0,0,5,0,0,2,0,-1,-1,-1
TCCCATGTCTACTATC-1,0,5,0,22,4,1,11,5,0,1,1,1,0,4,0,4,4,3,10,21,2,0,5,0,0,2,0,-1,-1,-1
I15,0,5,0,0,4,1,11,5,0,1,1,1,0,4,0,4,4,0,0:0.98/9:0.02,0:0.98/20:0.02,0,0,5,0,0,2,0,-1,-1,-1
TAGACTGTCATCAGTG-1,0,5,0,0,4,1,11,5,0,1,1,1,0,4,0,4,4,0,9,20,0,0,5,0,0,2,0,-1,-1,-1
I16,0,5,0,0,4,1,11,5,0,1,1,1,0,4,0,4,4,0,0:0.01/-1:0.99,0:0.01/-1:0.99,0:0.01/-1:0.99,0,5,0,0,2,0,-1,-1,-1
ATTTCACCACAGAGCA-1,0,5,0,0,4,1,11,5,0,1,1,1,0,4,0,4,4,0,-1,-1,-1,13,5,0,7,2,0,-1,-1,-1
GACCGTGGTGTAACGG-1,0,5,0,0,4,1,11,5,0,1,1,1,0,4,2,4,4,0,-1,-1,-1,0,5,0,0,2,0,-1,-1,-1
I17,0,5,0,0,4,1,0,5,0,1,1,1,0,4,0,4,4,0,-1,-1,-1,0,5,0,0,2,0,-1,-1,-1
I18,0:0.02/2:0.98,5,0,0,4,1,0,5,0,1,1,1,0:0.02/7:0.98,4,0,4,4,0,-1,-1,-1,0,5,0,0,2,0,-1,-1,-1
TGGAGGAGTTAGCGGA-1,2,5,0,0,4,1,17,5,0,1,1,1,7,4,0,4,4,0,-1,-1,-1,1,5,0,8,2,0,-1,-1,-1
AGAGAGCCATGCGGTC-1,2,5,0,0,4,1,0,5,0,1,1,1,7,4,0,4,4,0,-1,-1,-1,2,5,0,0,2,0,-1,-1,-1
I19,0,5,0,0,4,1,0,5,0,1,1,1,0,4,0,4,4,0,-1,-1,-1,0,5,0,0,2,0,-1,-1,-1
ATTGTTCCAAACGGCA-1,0,5,0,6,4,1,0,5,0,1,1,1,0,4,0,4,4,0,-1,-1,-1,0,5,0,12,2,0,-1,-1,-1
I20,3,5,0,2,4,1,2,5,0,1,1,1,0,4,0,4,4,0,-1,-1,-1,3,5,0,0,2,0,-1,-1,-1
I21,3,5,0,2,4,1,2,5,0,1,1,1,0,4,0,4,4,0,-1,-1,-1,3,5,0,0,2,0,-1,-1,-1
ATGAGTCGTCGATGCC-1,3,5,0,2,4,1,2,5,0,1,1,1,0,4,0,4,4,0,-1,-1,-1,3,5,0,8,2,0,-1,-1,-1
GACACGCCACGGCTAC-1,3,5,0,2,4,1,2,5,0,1,1,1,5,4,0,4,4,0,-1,-1,-1,3,5,0,0,2,0,-1,-1,-1
I22,3,5,0,2,4,1,2,5,0,1,1,1,0,4,0,4,4,0,-1,-1,-1,3,5,0,1,2,0,-1,-1,-1
CCGTGAGTCATCGCAA-1,3,5,0,2,4,1,2,5,0,1,1,1,0,4,0,4,4,0,-1,-1,-1,3,5,0,1,2,0,-1,-1,-1
AACAACCTCCGTAATG-1,3,5,0,2,4,1,2,5,0,1,1,1,0,4,0,4,4,0,-1,-1,-1,3,5,0,1,2,0,-1,-1,-1
CCTCCTCCATGACTAC-1,0,5,0,0,4,1,13,19,1,1,1,1,13,4,0,4,4,0,0,9,0,0,14,0,0,2,0,-1,-1,-1
I23,0,0,0,0,4,0:0.02/1:0.98,0,0:0.04/5:0.96,0,1,1,1,0,4,0,4,4,0,0,0,0,0,0:0.05/5:0.95,0,0:0.06/8:0.94,2,0,0:0.39/1:0.61,0:0.39/1:0.61,0
GGGCGTTTCGCCGAGT-1,0,0,0,2,4,1,2,5,0,1,1,1,15,4,0,4,4,0,8,18,0,3,5,0,8,2,0,-1,-1,-1
CATGCAATCAACTGAC-1,0,5,0,0,4,1,0,5,0,1,1,1,12,4,0,4,4,0,0,5,0,1,5,0,8,2,0,1,1,0
((((((TCCCACATCTTGGAAC-1:4.032,CATCCCAGTTTGTTCT-1:1.032)I30:1.985,AAAGGTAGTGACTCTA-1:6.017)I29:7.943,(AAGATAGCAGAGACTG-1:1.029,(CTTCAATAGGCCGCTT-1:2.482,AACAAGATCGTTAGTG-1:10.482)I28:2.603)I27:3.985)I26:0.04,(((((CTAGGTAGTTGATCGT-1:2.033,ATCGTAGCATGACAGG-1:1.033)I25:3.209,AATCGTGAGAAACCAT-1:4.088)I24:0.912,ATCACGAGTAGACGGT-1:6)I23:0.002,GCTGGGTTCATTACTC-1:1.002)I22:1.002,(((AAAGTGACACGCAAAG-1:4,(AGGAGGTGTCCACATA-1:2,GTAATCGCAAGTGACG-1:0)I21:0)I20:0,(TTGAACGGTGCAGTGA-1:4,((((GTAACACCATCCTCAC-1:0,GTGACGCGTAGTTACC-1:0)I19:0.936,ATTCGTTGTCCTTAAG-1:3)I18:0.064,CGAAGGAGTAAGTCAA-1:2)I17:0,CACTTCGTCTGGTTGA-1:2)I16:1)I15:0)I14:1.001,(((TCCTCTTTCCAGCAAT-1:2.001,GGGATCCAGCCATATC-1:1.001)I13:0.999,(GGAAGTGTCTTCACAT-1:0.961,GCAACATCAGCGTACC-1:3)I12:0.039)I11:0,CTTCCGATCTTAGTTC-1:3)I10:0.001)I9:3.003)I8:6.996)I7:0,((TTTAGTCCAGATAAAC-1:6.035,TACCCGTTCAGAGCGA-1:1.301)I6:10.699,(((TCCTTTCGTATGCTTG-1:9.146,ATTCTACTCCTTTGAT-1:7.007)I5:1.158,ATCTCTAAGGCATCGA-1:8.035)I4:6.592,AGCATCACACAAGGTG-1:9.232)I3:1.104)I2:0)I1:3)I0;
I0,0,0,0,0,0,0,0,0,0,0,0,0,0,0,0,0,0,0,0,0,0,0,0,0,0,0,0,0,0,0
I1,0,0,0,0,0,0,0,0,0,0,0,0,0,0,0,0,0,0,0,0,0,0,0,0,0,0,0,-1,-1,-1
I2,0,0,0,0,0,0,0,0,0,0,0,0,0,0,0,0,0,0,0,0,0,0,0,0,0,0,0,-1,-1,-1
I3,0,0,0,0,0,0,0,0,0,0,0,0,0,0,0,0,0,0,0,0,0,0,0:0.23/11:0.77,0,0:0.83/10:0.17,0:0.83/12:0.17,0,-1,-1,-1
AGCATCACACAAGGTG-1,0,12,0,0,14,0,0,14,0,0,0,0,0,0,0,0,3,0,0,10,0,1,11,0,-1,-1,-1,-1,-1,-1
I4,0,0,0,0:0.01/10:0.99,0:0.01/7:0.99,0,0,0,0,0,0,0,0,0,0,0:0.01/5:0.99,18,0,0:0.63/11:0.37,0:0.63/22:0.37,0,0,11,0,10,12,0,-1,-1,-1
ATCTCTAAGGCATCGA-1,0,11,0,10,7,0,4,15,0,0,10,0,0,6,0,5,18,0,-1,-1,-1,0,11,0,10,12,0,-1,-1,-1
I5,0,0,0,10,7,0,0,16,0,0,0,0,0,0,0,5,18,0,0:0.57/11:0.43,0:0.57/22:0.43,0,0,11,0,10,12,0,-1,-1,-1
ATTCTACTCCTTTGAT-1,0,0,0,10,7,0,0,16,0,0,0,0,0,0,0,5,18,2,-1,-1,-1,0,11,0,-1,-1,-1,-1,-1,-1
TCCTTTCGTATGCTTG-1,8,9,0,10,7,0,0,16,0,21,7,4,0,14,0,5,18,5,11,22,0,24,11,0,10,12,0,-1,-1,-1
I6,0,0,0,0,31,0,0:0.01/6:0.99,23,0,0:0.01/3:0.99,0:0.01/5:0.99,0,0,25,0,0,0:0.01/10:0.99,0,0,19,0,22,0:0.01/20:0.99,0,0,0:0.27/19:0.73,0,-1,-1,-1
TACCCGTTCAGAGCGA-1,0,7,0,0,31,0,6,23,0,3,5,0,0,25,0,0,10,0,0,19,0,22,20,0,0,19,0,-1,-1,-1
TTTAGTCCAGATAAAC-1,0,5,0,5,31,8,6,23,0,3,5,0,0,25,0,0,10,0,0,19,0,22,20,0,-1,-1,-1,-1,-1,-1
I7,0,0,0,0,0,0,0,0,0,0,0,0,0,0,0,0,0,0,0,0,0,0,0,0,0,0,0,-1,-1,-1
I8,0,4,0,1,3,0,0,4,0,0,3,0,0,0,0,0,0,0,0,0,0,0,4,1,0,0,0,-1,-1,-1
I9,0,4,0,1,3,0,0,4,0,0,3,0,0,0,0,0,0,0,0,0,0,0,4,1,-1,-1,-1,-1,-1,-1
I10,0,4,0,1,3,0,0,4,0,0,3,0,0,0,0,0,0,0,0,0,0,0,4,1,-1,-1,-1,-1,-1,-1
CTTCCGATCTTAGTTC-1,0,4,0,1,3,0,0,4,0,0,3,0,6,0,0,0,4,0,0,0,0,5,4,1,-1,-1,-1,-1,-1,-1
I11,0,4,0,1,3,0,0,4,0,0,3,0,0,0,0,0,0,0,0,0,0,0,4,1,-1,-1,-1,-1,-1,-1
I12,0,4,0,1,3,0,0,4,0,0,3,0,0,0,0,0,0:0.96/12:0.04,0,0,0,0,0,4,1,-1,-1,-1,-1,-1,-1
GCAACATCAGCGTACC-1,0,4,0,1,3,0,0,4,0,0,3,0,0,0,0,-1,-1,-1,0,0,0,0,4,1,-1,-1,-1,-1,-1,-1
GGAAGTGTCTTCACAT-1,0,4,0,1,3,0,0,4,0,0,3,0,0,0,0,0,12,0,0,0,0,0,4,1,-1,-1,-1,-1,-1,-1
I13,0,4,0,1,3,0,0,4,0,18,3,0,0,0,0,0,0,0,0,0,0,0,4,1,-1,-1,-1,-1,-1,-1
GGGATCCAGCCATATC-1,0,4,0,1,3,0,0,4,0,18,3,0,0,0,0,0,23,0,0,0,0,0,4,1,-1,-1,-1,-1,-1,-1
TCCTCTTTCCAGCAAT-1,0,4,0,1,3,0,0,4,0,18,3,0,0,0,0,0,26,4,0,0,0,0,4,1,-1,-1,-1,-1,-1,-1
I14,0,4,0,1,3,0,0,4,0,0,3,0,0,0,0,0,0,0,0,0,0,2,4,1,-1,-1,-1,-1,-1,-1
I15,0,4,0,1,3,0,0,4,0,0,3,0,0,0,0,0,0,0,0,0,0,2,4,1,-1,-1,-1,-1,-1,-1
I16,0,4,0,1,3,0,0,4,0,0,3,0,0,0,0,0,0,0,4,0,0,2,4,1,-1,-1,-1,-1,-1,-1
CACTTCGTCTGGTTGA-1,0,4,0,1,3,0,0,4,0,0,3,0,0,0,0,17,19,0,4,0,0,2,4,1,-1,-1,-1,-1,-1,-1
I17,0,4,0,1,3,0,0,4,0,0,3,0,0,0,0,0,0,0,4,0,0,2,4,1,-1,-1,-1,-1,-1,-1
CGAAGGAGTAAGTCAA-1,0,4,0,1,3,0,0,4,0,0,3,0,0,0,0,18,6,0,4,0,0,2,4,1,-1,-1,-1,-1,-1,-1
I18,0,4,0,1,3,0,0,4,0,0,3,0,0,0,0,0,0:0.94/4:0.06,0,4,0,0,2,4,1,-1,-1,-1,-1,-1,-1
ATTCGTTGTCCTTAAG-1,0,4,0,1,3,0,0,4,0,0,3,0,0,0,0,-1,-1,-1,4,0,0,2,4,1,-1,-1,-1,-1,-1,-1
I19,0,4,0,1,3,0,0,4,0,0,3,0,0,0,0,0,4,0,4,0,0,2,4,1,-1,-1,-1,-1,-1,-1
GTGACGCGTAGTTACC-1,0,4,0,1,3,0,0,4,0,0,3,0,0,0,0,0,4,0,4,0,0,2,4,1,-1,-1,-1,-1,-1,-1
GTAACACCATCCTCAC-1,0,4,0,1,3,0,0,4,0,0,3,0,0,0,0,0,4,0,4,0,0,2,4,1,-1,-1,-1,-1,-1,-1
TTGAACGGTGCAGTGA-1,2,4,0,1,3,0,0,4,0,0,3,0,0,0,0,9,11,1,0,0,0,2,4,1,-1,-1,-1,-1,-1,-1
I20,0,4,0,1,3,0,0,4,0,0,3,0,0,0,0,0,0,0,0,0,0,2,4,1,-1,-1,-1,-1,-1,-1
I21,0,4,0,1,3,0,0,4,0,0,3,0,0,0,0,0,0,0,0,0,0,2,4,1,-1,-1,-1,-1,-1,-1
GTAATCGCAAGTGACG-1,0,4,0,1,3,0,0,4,0,0,3,0,0,0,0,0,0,0,0,0,0,2,4,1,-1,-1,-1,-1,-1,-1
AGGAGGTGTCCACATA-1,0,4,0,1,3,0,0,4,0,0,3,0,0,0,0,13,15,0,0,0,0,2,4,1,-1,-1,-1,-1,-1,-1
AAAGTGACACGCAAAG-1,0,4,0,1,3,0,0,4,0,0,3,0,0,0,0,3,3,0,3,4,0,2,4,1,-1,-1,-1,-1,-1,-1
I22,0,4,0,1,3,0,0,4,0,0,3,0,0,0,0,0,0,0,0,0,0,2,4,1,0,0,0,-1,-1,-1
GCTGGGTTCATTACTC-1,0,4,0,1,3,0,0,4,0,0,3,0,0,0,0,0,0,0,0,0,0,2,4,1,0,16,0,-1,-1,-1
I23,0,4,0,1,3,0,0,4,0,0,3,0,0,0,0,0,0,0,0,0,0,2,4,1,0,0,0,-1,-1,-1
ATCACGAGTAGACGGT-1,0,4,0,1,3,0,0,4,0,0,3,0,0,0,0,-1,-1,-1,4,0,0,2,4,1,8,2,0,-1,-1,-1
I24,0,4,0,1,3,0,0,4,0,0,3,0:0.24/2:0.76,0,0,0,0,0,0,0,0,0,2,4,1,0,0:0.85/6:0.15,0,-1,-1,-1
AATCGTGAGAAACCAT-1,0,4,0,1,3,0,0,4,0,6,3,2,0,0,0,5,4,0,0,0,0,2,4,1,0,6,0,-1,-1,-1
I25,0,4,0,1,3,0,0,4,0,0,3,2,0,0,0,0,0,0,0,0,0,2,4,1,0:0.01/-1:0.99,0:0.01/-1:0.99,0:0.01/-1:0.99,-1,-1,-1
ATCGTAGCATGACAGG-1,0,4,0,1,3,0,0,4,0,6,3,2,0,0,0,0,0,0,0,0,0,2,4,1,-1,-1,-1,-1,-1,-1
CTAGGTAGTTGATCGT-1,0,4,0,1,3,0,0,4,0,0,3,2,0,0,0,12,4,0,0,0,0,2,4,1,-1,-1,-1,-1,-1,-1
I26,0,0,0,0,0,0,0,0,0,0,0,0,0,0,0,0,0,0,0:0.98/2:0.02,0:0.98/3:0.02,0,0,0,0,0,0,0,-1,-1,-1
I27,0,0,0,0,0,0,0,0,0,0,0,0,0,0,0,0,0,0,0:0.02/-1:0.98,0:0.02/-1:0.98,0:0.02/-1:0.98,0,0,0,0:0.48/2:0.52,0:0.48/3:0.52,0,-1,-1,-1
I28,0,0,0,0,0,0,0,0,0,0,0,0,0,0,0,0,0,0,-1,-1,-1,0,0,0,0:0.07/-1:0.84/2:0.09,0:0.07/-1:0.84/3:0.09,0:0.15/-1:0.84/1:0.001,-1,-1,-1
AACAAGATCGTTAGTG-1,4,6,1,3,5,0,0,0,0,0,4,0,3,5,0,0,5,0,-1,-1,-1,0,6,0,-1,-1,-1,-1,-1,-1
CTTCAATAGGCCGCTT-1,0,0,0,0,0,0,0,0,0,0,0,0,0,0,0,0,20,0,-1,-1,-1,0,14,0,-1,-1,-1,-1,-1,-1
AAGATAGCAGAGACTG-1,0,0,0,0,0,0,0,0,0,0,0,0,0,0,0,0,0,0,-1,-1,-1,0,0,0,2,3,0,-1,-1,-1
I29,0,3,0,0,0:0.01/2:0.99,0,0,3,0,0,0,0,0,3,0,0,2,0,2,3,0,0,3,0,0,0,0,-1,-1,-1
AAAGGTAGTGACTCTA-1,0,3,0,0,2,0,2,3,0,-1,-1,-1,0,3,0,2,2,0,2,3,0,0,3,0,0,1,0,-1,-1,-1
I30,0,3,0,0:0.02/10:0.98,2,0,0,3,0,0,0,0,0,3,0,0:0.01/5:0.99,2,0,2,3,0,0,3,0,0,0,0,-1,-1,-1
CATCCCAGTTTGTTCT-1,0,3,0,10,2,0,0,3,0,0,13,0,0,3,0,5,2,0,2,3,0,0,3,0,0,0,0,-1,-1,-1
TCCCACATCTTGGAAC-1,0,3,0,10,2,0,0,3,0,21,23,0,0,3,0,5,2,0,2,3,0,0,3,0,18,21,0,-1,-1,-1
(((((CTGCCATGTGAATGAT-1:0.007,GTACAACTCATCTACT-1:2.007)I5:1.004,(AGGTGTTTCGAGTACT-1:0.007,GTGAGGATCGTTCGCT-1:2.007)I4:1.005)I3:4.056,TTTACCAAGTAGCAAT-1:3.067)I2:13.579,GAGGCAAGTAAGTAGT-1:19.675)I1:0.393)I0;
I0,0,0,0,0,0,0,0,0,0,0,0,0,0,0,0,0,0,0,0,0,0,0,0,0,0,0,0,0,0,0
I1,0,0,0,0,0,0,0,0,0,0,0,0,0,0,0,0,0,0,0,0,0,0:0.98/12:0.02,0:0.98/12:0.02,0,0,0,0,0:0.88/-1:0.11/1:0.002,0:0.88/-1:0.11/1:0.002/2:0.009,0:0.88/-1:0.11/1:0.01
GAGGCAAGTAAGTAGT-1,0,5,0,0,4,1,0,5,0,1,1,1,0,4,0,4,4,0,-1,-1,-1,-1,-1,-1,0,2,0,-1,-1,-1
I2,0,13,0,9,17,0,0,0:0.01/14:0.99,0,0,0:0.01/7:0.99,0,0,15,0,0,16,0,0,0,0,12,12,0,5,9,0,0:0.01/-1:0.98/1:0.002,0:0.01/-1:0.98/1:0.002/2:0.009,0:0.01/-1:0.98/1:0.01
TTTACCAAGTAGCAAT-1,6,13,0,9,17,0,0,14,0,0,7,0,5,15,0,5,16,0,0,0,0,12,12,0,5,9,0,-1,-1,-1
I3,0,13,0,9,17,0,0,14,0,0,7,0,0,15,0,14,16,0,-1,-1,-1,12,12,0,5,9,0,-1,-1,-1
I4,0,13,0,9,17,0,0,14,0,0:0.01/8:0.99,7,0,0,15,0,14,16,0,-1,-1,-1,12,12,0,5,9,0,-1,-1,-1
GTGAGGATCGTTCGCT-1,0,13,0,9,17,0,0,14,0,8,7,0,0,15,0,14,16,3,-1,-1,-1,12,12,3,5,9,0,-1,-1,-1
AGGTGTTTCGAGTACT-1,0,13,0,9,17,0,0,14,0,8,7,0,0,15,0,14,16,0,-1,-1,-1,12,12,0,5,9,0,-1,-1,-1
I5,0,13,0,9,17,0,0:0.01/10:0.99,14,0,0,7,0,0,15,0,14,16,0,-1,-1,-1,12,12,0,5,9,0,-1,-1,-1
GTACAACTCATCTACT-1,9,13,0,9,17,0,10,14,0,20,7,0,0,15,0,14,16,0,-1,-1,-1,12,12,0,5,9,0,-1,-1,-1
CTGCCATGTGAATGAT-1,0,13,0,9,17,0,10,14,0,0,7,0,0,15,0,14,16,0,-1,-1,-1,12,12,0,5,9,0,-1,-1,-1
((((TGCGGGTCAATGGCAG-1:9.332,(((TCATGGAGTTGTAAAG-1:6.199,(GTCTAGAAGGGTAGCT-1:2.046,CCGGTGATCACGTCCT-1:1.046)I41:3.097)I40:0.912,GCACGGTTCCAGTACA-1:4.129)I39:2.359,ACGATGTAGGTTACAA-1:5.135)I38:4.561)I37:3.284,TAATCTCTCGTGACTA-1:12.048)I36:5.395,((((CCTTGTGGTATCGCGC-1:1.001,(ACCTGTCGTGCTATTG-1:1,ATGACCACAAGGTTGG-1:1)I35:0.001)I34:14.143,(TGTTCCGAGACACACG-1:6.041,GACTGATAGCGATGAC-1:5.323)I33:6.494)I32:3.183,(((AAAGAACTCTTACACT-1:3.755,TCATGCCAGTAAATGC-1:4.546)I31:9.271,TGCACGGGTTGCGAAG-1:9.114)I30:5.478,((((CGTGATATCGCCAGTG-1:3.053,AAACGCTAGTAACCTC-1:5.053)I29:0.952,TCCTCGACAACTAGAA-1:9.005)I28:0.002,((((ATTCACTGTGGTTCTA-1:5,(((CCCTAACCATCGGAAG-1:2,(TCACGGGGTTGCCTAA-1:3,GCTTTCGCAGCCCACA-1:2)I27:0)I26:0,GCAACATGTACAAAGT-1:2)I25:0,ACATCGATCTACCCAC-1:4)I24:0)I23:0.001,GGAGCAAGTGCTGATT-1:7.002)I22:0.999,(CTCCCAATCCTCAGAA-1:4.468,TGATCTTGTGGACCTC-1:6.032)I21:2.532)I20:0,((GCCAACGTCAGTAGGG-1:9.208,CTGATCCGTGTTACTG-1:1.087)I19:1.019,GCTTTCGTCCTCAGGG-1:4.105)I18:2.903)I17:2.007)I16:2.994,((((GATAGAAAGCTGTCCG-1:4.352,AAGCATCGTATGATCC-1:6.352)I15:2.697,CTAACCCCACGCGGTT-1:8.972)I14:0.028,GGTGGCTTCCATCAGA-1:10)I13:0,GCATCTCCACGGCGTT-1:10)I12:0.001)I11:5.999)I10:0)I9:0,(((CTGATCCTCAACGAGG-1:6.961,CGTGCTTGTGCCCGTA-1:4.961)I8:0.088,(GGTCTGGTCACTTCTA-1:1.001,TACTTACGTAGTTAGA-1:0.001)I7:3.005)I6:7.406,((GTATTTCAGCATGATA-1:6.055,GGGTTTAAGCGTCAGA-1:9.041)I5:0.984,TATTCCAAGCAATTAG-1:3.039)I4:5.373)I3:2.626)I2:0.011)I1:2.989)I0;
I0,0,0,0,0,0,0,0,0,0,0,0,0,0,0,0,0,0,0,0,0,0,0,0,0,0,0,0,0,0,0
I1,0,0,0,0,0,0,0,0,0,0,0,0,0,0,0,0,0,0,0,0,0,0,0,0,0,0,0,-1,-1,-1
I2,0,0,0,0,0,0,0,0,0,0,0,0,0,0,0,0,0,0,0,0,0,0,0,0,0,0,0,-1,-1,-1
I3,0,0,0,0,0,0,0,0,0,0,0,0,0,0,0,0,0,0,0,0,0,0,0,0,0:0.12/-1:0.86/2:0.001/3:0.001/4:0.004/5:0.001/6:0.003/7:0.016/8:0.018/9:0.001/10:0.001/11:0.001/12:0.017/14:0.002/15:0.012/16:0.001/17:0.016/18:0.003/19:0.007/20:0.004,0:0.12/-1:0.86/1:0.005/2:0.001/3:0.001/4:0.017/5:0.001/6:0.015/7:0.004/8:0.018/9:0.001/10:0.011/11:0.001/12:0.001/13:0.018/14:0.001/15:0.001/16:0.018/17:0.003/18:0.002/20:0.01/21:0.007/22:0.004,0:0.12/-1:0.86/1:0.002/2:0.001,-1,-1,-1
I4,0,17,0,0,0,0,0,0,0,0,0:0.01/4:0.99,0,0,0,0,0,4,0,0,0:0.02/17:0.98,0,0,0:0.01/5:0.99,0,-1,-1,-1,-1,-1,-1
TATTCCAAGCAATTAG-1,0,17,0,0,0,0,0,0,0,13,4,0,0,0,0,5,4,0,0,17,0,14,5,0,-1,-1,-1,-1,-1,-1
I5,0,17,0,0,0,0,0,0:0.03/23:0.97,0,0,4,0,0,0,0,0,4,0,0,0:0.01/17:0.99,0,0,5,0,-1,-1,-1,-1,-1,-1
GGGTTTAAGCGTCAGA-1,9,17,0,19,27,0,0,23,0,8,4,0,19,23,0,0,4,0,-1,-1,-1,0,5,0,-1,-1,-1,-1,-1,-1
GTATTTCAGCATGATA-1,0,17,0,21,30,4,0,23,0,0,4,0,0,24,0,4,4,0,0,17,0,14,5,0,-1,-1,-1,-1,-1,-1
I6,12,14,0,0,0,0,0,0,0,0,16,0,0,10,0,0,6,0,0,1,0,0,7,0,-1,-1,-1,-1,-1,-1
I7,12,14,0,0,0,0,0,0,0,19,16,0,0,10,0,4,6,0,0,1,0,1,7,0,-1,-1,-1,-1,-1,-1
TACTTACGTAGTTAGA-1,12,14,0,0,0,0,0,0,0,19,16,0,0,10,0,4,6,0,0,1,0,1,7,0,-1,-1,-1,-1,-1,-1
GGTCTGGTCACTTCTA-1,12,14,0,0,28,0,0,0,0,19,16,0,0,10,0,4,6,0,0,1,0,1,7,0,-1,-1,-1,-1,-1,-1
I8,12,14,0,0:0.98/3:0.02,0:0.98/14:0.02,0,0:0.98/5:0.02,0:0.98/5:0.02,0,0,16,0,0,10,0,0,6,0,0,1,0,0,7,0,-1,-1,-1,-1,-1,-1
CGTGCTTGTGCCCGTA-1,12,14,0,-1,-1,-1,5,5,0,0,16,0,0,10,0,0,6,0,0,1,0,0,7,0,-1,-1,-1,-1,-1,-1
CTGATCCTCAACGAGG-1,12,14,0,3,14,0,-1,-1,-1,14,16,0,0,10,0,16,6,0,0,1,0,0,7,0,-1,-1,-1,-1,-1,-1
I9,0,0,0,0,0,0,0,0,0,0,0,0,0,0,0,0,0,0,0,0,0,0,0,0,0,0,0,-1,-1,-1
I10,0,0,0,0,0,0,0,0,0,0,0,0,0,0,0,0,0,0,0,0,0,0,0,0,0,0,0,-1,-1,-1
I11,1,1,0,0,0,0,0,0,0,0,0,0,0,0,0,0,0,0,1,1,0,1,1,0,0,0,0,-1,-1,-1
I12,1,1,0,0,0,0,0,0,0,0,0,0,0,0,0,0,0,0,1,1,0,1,1,0,0,0,0,-1,-1,-1
GCATCTCCACGGCGTT-1,1,1,0,17,25,0,10,21,2,0,0,0,16,20,0,20,22,0,1,1,0,1,1,0,0,18,0,-1,-1,-1
I13,1,1,0,0,0,0,0,0,0,0,0,0,0,0,0,0,0,0,1,1,0,1,1,0,0,0,0,-1,-1,-1
GGTGGCTTCCATCAGA-1,1,1,0,20,29,0,0,7,0,1,1,1,0,4,0,4,4,0,1,1,0,1,1,0,0,2,0,-1,-1,-1
I14,1,1,0,0:0.99/16:0.01,0:0.99/24:0.01,0,0,0,0,0,0,0,0,0,0,0,0,0,1,1,0,1,1,0,0,0,0,-1,-1,-1
CTAACCCCACGCGGTT-1,1,1,0,16,24,0,12,18,0,0,0,0,0,17,0,6,8,0,1,1,0,1,1,0,16,16,0,-1,-1,-1
I15,1,1,0,0:0.1/-1:0.88/16:0.02,0:0.1/-1:0.88/24:0.02,0:0.1/-1:0.88/1:0.001/6:0.001/8:0.011,0,0,0,0,0,0,0,0,0,0,0,0,1,1,0,1,1,0,0,0,0,-1,-1,-1
AAGCATCGTATGATCC-1,1,1,0,-1,-1,-1,0,8,0,0,6,0,4,7,0,0,1,0,1,1,0,1,1,0,0,4,0,-1,-1,-1
GATAGAAAGCTGTCCG-1,1,1,0,-1,-1,-1,0,1,0,0,0,0,0,0,0,0,6,0,1,1,0,1,1,0,12,6,0,-1,-1,-1
I16,1,1,0,0,0,0,0,0,0,0,0,0,0,0,0,0,0,0,1,1,0,1,1,0,-1,-1,-1,-1,-1,-1
I17,1,1,0,0,0,0,0,0,0,0,0,0,0,0,0,6,8,0,1,1,0,1,1,0,-1,-1,-1,-1,-1,-1
I18,1,1,0,0:0.03/-1:0.97,0:0.03/-1:0.97,0:0.03/-1:0.97,0,0,0,0,0,0,0,0,0,6,8,0,1,1,0,1,1,0,-1,-1,-1,-1,-1,-1
GCTTTCGTCCTCAGGG-1,1,1,0,-1,-1,-1,0,1,0,0,2,0,17,21,0,6,8,0,1,1,0,1,1,0,-1,-1,-1,-1,-1,-1
I19,1,1,0,0:0.01/-1:0.99,0:0.01/-1:0.99,0:0.01/-1:0.99,0,0,0,0,0:0.17/11:0.83,0,0,0:0.88/18:0.12,0,6,8,0,1,1,0,1,1,0,-1,-1,-1,-1,-1,-1
CTGATCCGTGTTACTG-1,1,1,0,-1,-1,-1,0,0,0,0,11,0,0,18,0,6,8,0,1,1,0,1,1,0,-1,-1,-1,-1,-1,-1
GCCAACGTCAGTAGGG-1,1,1,0,-1,-1,-1,-1,-1,-1,0,11,0,-1,-1,-1,6,8,0,-1,-1,-1,1,1,0,-1,-1,-1,-1,-1,-1
I20,1,1,0,0,0,0,0,0,0,0,0,0,0,0,0,6,8,0,1,1,0,1,1,0,-1,-1,-1,-1,-1,-1
I21,1,1,0,0,0,0,0,0,0,0:0.72/3:0.28,0:0.72/5:0.28,0,0:0.02/8:0.98,0:0.02/12:0.98,0,6,8,0,1,1,0,1,1,0,-1,-1,-1,-1,-1,-1
TGATCTTGTGGACCTC-1,1,1,0,0,35,6,0,24,0,-1,-1,-1,8,12,0,6,8,0,1,1,0,1,1,0,-1,-1,-1,-1,-1,-1
CTCCCAATCCTCAGAA-1,1,1,0,4,6,0,0,1,0,3,5,0,8,12,0,6,8,0,1,1,0,1,1,0,-1,-1,-1,-1,-1,-1
I22,1,1,0,0,0,0,0,1,0,0,0,0,0,0,0,6,8,0,1,1,0,1,1,0,-1,-1,-1,-1,-1,-1
GGAGCAAGTGCTGATT-1,1,1,0,18,26,0,0,1,0,17,22,0,-1,-1,-1,6,8,0,1,1,0,1,1,0,-1,-1,-1,-1,-1,-1
I23,1,1,0,0,0,0,0,1,0,0,0,0,0,0,0,6,8,0,1,1,0,1,1,0,-1,-1,-1,-1,-1,-1
I24,1,1,0,0,0,0,0,1,0,0,0,0,0,0,0,6,8,0,1,1,0,1,1,0,-1,-1,-1,-1,-1,-1
ACATCGATCTACCCAC-1,1,1,0,0,0,0,0,1,0,7,2,0,5,9,0,6,8,0,1,1,0,1,1,0,-1,-1,-1,-1,-1,-1
I25,1,1,0,0,0,0,0,1,0,0,0,0,0,0,0,6,8,0,1,1,0,1,1,0,-1,-1,-1,-1,-1,-1
GCAACATGTACAAAGT-1,1,1,0,0,0,0,0,1,0,15,20,0,0,0,0,6,8,0,1,1,0,1,1,0,-1,-1,-1,-1,-1,-1
I26,1,1,0,0,0,0,0,1,0,0,0,0,0,0,0,6,8,0,1,1,0,1,1,0,-1,-1,-1,-1,-1,-1
I27,1,1,0,0,0,0,0,1,0,0,0,0,0,0,0,6,8,0,1,1,0,1,1,0,-1,-1,-1,-1,-1,-1
GCTTTCGCAGCCCACA-1,1,1,0,0,0,0,0,1,0,16,21,0,0,0,0,6,8,0,1,1,0,1,1,0,-1,-1,-1,-1,-1,-1
TCACGGGGTTGCCTAA-1,1,1,0,0,0,0,0,1,0,0,0,0,21,26,3,6,8,0,1,1,0,1,1,0,-1,-1,-1,-1,-1,-1
CCCTAACCATCGGAAG-1,1,1,0,0,0,0,0,1,0,8,14,0,0,0,0,6,8,0,1,1,0,1,1,0,-1,-1,-1,-1,-1,-1
ATTCACTGTGGTTCTA-1,1,1,0,11,20,0,0,1,0,12,12,0,0,2,0,6,8,0,1,1,0,1,1,0,-1,-1,-1,-1,-1,-1
I28,1,1,0,0,0,0,0,0,0,0,0,0,0,0,0,0,0,0,1,1,0,1,1,0,-1,-1,-1,-1,-1,-1
TCCTCGACAACTAGAA-1,1,1,0,23,33,0,4,7,0,-1,-1,-1,0,0,0,21,25,0,1,1,0,1,1,0,-1,-1,-1,-1,-1,-1
I29,1,1,0,0,0,0,0,0:0.05/1:0.95,0,0,0,0,0,0,0,0,0,0,1,1,0,1,1,0,-1,-1,-1,-1,-1,-1
AAACGCTAGTAACCTC-1,1,1,0,0,0,0,0,1,0,1,1,1,1,1,0,0,0,0,1,1,0,1,1,0,-1,-1,-1,-1,-1,-1
CGTGATATCGCCAGTG-1,1,1,0,0,0,0,0,1,0,0,15,0,14,16,0,0,0,0,1,1,0,1,1,0,-1,-1,-1,-1,-1,-1
I30,0,2,0,0,0:0.06/1:0.94,0,0,2,0,0,0,0,0,0,0,0,0:0.05/1:0.95,0,0,0,0,0,2,0,0:0.7/12:0.3,0:0.7/20:0.3,0,-1,-1,-1
TGCACGGGTTGCGAAG-1,0,2,0,0,1,0,3,2,0,0,0,0,24,28,0,23,1,0,13,24,0,0,2,0,-1,-1,-1,-1,-1,-1
I31,0:0.01/2:0.99,2,0,0,1,0,1,2,0,2,0:0.01/2:0.99,0,2,0:0.01/2:0.99,0,0:0.01/1:0.99,1,0,0,0:0.35/2:0.65,0:0.35/1:0.65,0,2,0,0:0.25/12:0.75,0:0.25/20:0.75,0,-1,-1,-1
TCATGCCAGTAAATGC-1,2,2,0,0,1,0,1,2,0,2,2,0,2,2,0,1,1,0,-1,-1,-1,23,2,0,12,20,0,-1,-1,-1
AAAGAACTCTTACACT-1,2,2,0,0,1,0,1,2,0,2,2,0,2,2,0,1,1,0,0,2,1,0,2,0,-1,-1,-1,-1,-1,-1
I32,0,0,0,0,0:0.02/10:0.98,0,0:0.07/5:0.93,0:0.06/10:0.94,0,0,0,0,0,0,0,0,0,0,0:0.84/5:0.16,0:0.84/17:0.16,0,0,0,0,0,0,0,-1,-1,-1
I33,0,0:0.03/15:0.97,0,0,10,0,5,10,0,0,0,0,0,0:0.48/19:0.52,0,19,21,0,0:0.4/5:0.6,0:0.4/17:0.6,0,0,18,0,0,0:0.01/17:0.99,0,-1,-1,-1
GACTGATAGCGATGAC-1,0,15,0,2,10,0,5,10,0,-1,-1,-1,0,19,0,19,21,0,5,17,0,0,18,0,0,17,0,-1,-1,-1
TGTTCCGAGACACACG-1,0,15,0,0,10,0,5,10,0,0,0,0,-1,-1,-1,19,21,0,-1,-1,-1,0,18,0,0,17,0,-1,-1,-1
I34,5,11,0,0,10,0,5,10,0,-1,-1,-1,6,10,0,8,10,0,-1,-1,-1,0,0,0,4,7,0,-1,-1,-1
I35,5,11,0,0,10,0,5,10,0,-1,-1,-1,6,10,0,8,10,0,-1,-1,-1,0,0,0,4,7,0,-1,-1,-1
ATGACCACAAGGTTGG-1,5,11,0,0,10,0,5,10,0,-1,-1,-1,6,10,1,8,10,0,-1,-1,-1,0,0,0,4,7,0,-1,-1,-1
ACCTGTCGTGCTATTG-1,5,11,0,0,10,0,5,10,0,-1,-1,-1,6,10,0,8,10,0,-1,-1,-1,0,0,0,4,7,1,-1,-1,-1
CCTTGTGGTATCGCGC-1,5,11,0,0,10,0,5,10,0,-1,-1,-1,6,10,0,8,10,0,-1,-1,-1,0,5,0,4,7,0,-1,-1,-1
I36,0,0,0,0,0,0,0,0,0,0,0:0.04/2:0.96,0,0,9,0,9,11,0:0.01/1:0.99,0:0.78/14:0.22,0:0.78/5:0.22,0,0,0,0,0,0,0,-1,-1,-1
TAATCTCTCGTGACTA-1,2,9,0,0,0,0,0,0,0,11,2,0,20,9,1,9,11,1,-1,-1,-1,21,9,0,17,13,0,-1,-1,-1
I37,0,0,0,0,0,0,0,0:0.01/11:0.99,0,7,2,0,0,9,0,9,11,1,0:0.65/14:0.35,0:0.65/5:0.35,0,0,0,0,0,0:0.03/1:0.97,0,-1,-1,-1
I38,0,0,0,0,0,0,0,11,0,7,2,0,0,9,0,9,11,1,0:0.03/-1:0.96/14:0.01,0:0.03/-1:0.96/5:0.01,0:0.04/-1:0.96,0,9,0,0:0.34/15:0.66,0:0.01/1:0.99,0,-1,-1,-1
ACGATGTAGGTTACAA-1,0,9,0,0,0,0,0,11,0,7,2,0,0,9,0,9,11,1,-1,-1,-1,2,9,0,-1,-1,-1,-1,-1,-1
I39,0,0,0,0,0:0.09/16:0.91,0,0,11,0,7,2,0,0:0.01/5:0.99,9,0,9,11,1,-1,-1,-1,0,9,0,0:0.02/15:0.98,1,0,-1,-1,-1
GCACGGTTCCAGTACA-1,-1,-1,-1,0,16,0,0,11,0,7,2,0,5,9,0,9,11,1,-1,-1,-1,19,9,0,15,1,0,-1,-1,-1
I40,0,0,0,0,0:0.08/16:0.92,0,0,11,0,7,2,0,5,9,0,9,11,1,-1,-1,-1,0:0.12/3:0.88,9,0,0:0.02/15:0.98,1,0,-1,-1,-1
I41,0,0,0,0:0.01/-1:0.98/2:0.005/3:0.009/4:0.002/5:0.009/6:0.008/7:0.001/8:0.001/9:0.001/10:0.008/12:0.007/13:0.001/15:0.002/16:0.006/19:0.001,-1:0.98/16:0.02,0:0.01/-1:0.98/8:0.006,0,11,0,7,2,0,5,9,0,9,11,1,-1,-1,-1,3,9,0,15,1,0,-1,-1,-1
CCGGTGATCACGTCCT-1,0,12,0,-1,-1,-1,0,11,0,7,2,0,5,9,0,9,11,1,-1,-1,-1,3,9,0,15,1,0,-1,-1,-1
GTCTAGAAGGGTAGCT-1,2,13,0,-1,-1,-1,0,11,0,7,2,0,5,9,0,9,11,1,-1,-1,-1,3,9,0,15,1,0,-1,-1,-1
TCATGGAGTTGTAAAG-1,-1,-1,-1,0,16,0,0,11,0,7,2,0,5,9,0,9,11,1,-1,-1,-1,3,9,0,-1,-1,-1,-1,-1,-1
TGCGGGTCAATGGCAG-1,8,9,0,0,2,0,3,11,0,7,2,0,15,9,0,9,11,1,14,5,0,11,1,0,19,1,0,-1,-1,-1
