((((ATTCCCGCAGGCGTTC-1:6.013,AACCACAGTATGCTTG-1:10.013)I5:1.007,GTGTGGCAGACTACGG-1:8.02)I4:0.007,(GAGTTGTCAGCCCAGT-1:1.019,(AGGATAATCCGCTGTT-1:3.068,CCCTCTCTCGAGTGAG-1:4.068)I3:1.95)I2:11.008)I1:2.978)I0;
I0,0,0,0,0,0,0,0,0,0,0,0,0,0,0,0,0,0,0,0,0,0,0,0,0,0,0,0
I1,0,0,0,0,0,0,0,0,0,0,0,0,0,0,0,0,0,0,0:0.01/-1:0.99,0:0.01/-1:0.99,0:0.01/-1:0.99,0,0,0,0,0,0
I2,5,1,0,13,18,0,0,0,0,3,15,0,0,10,0,0,0,0,-1,-1,-1,3,13,0,4,10,0
I3,5,1,0,13,18,0,0,0,0,3,15,0,0,10,0,0:0.04/6:0.96,0:0.03/9:0.97,0,-1,-1,-1,3,13,0,4,10,0
CCCTCTCTCGAGTGAG-1,5,1,0,13,18,0,18,22,5,3,15,2,0,10,0,6,9,0,-1,-1,-1,3,13,0,4,10,0
AGGATAATCCGCTGTT-1,5,1,0,13,18,0,10,1,0,3,15,0,11,10,0,6,9,0,-1,-1,-1,3,13,0,4,10,0
GAGTTGTCAGCCCAGT-1,5,1,0,13,18,0,0,0,0,3,15,0,0,10,0,0,25,0,-1,-1,-1,3,13,0,4,10,0
I4,0,0,0,0,0,0,0,0,0,0,0,0,0,0,0,0,0,0,0:0.01/-1:0.99,0:0.01/-1:0.99,0:0.01/-1:0.99,0,0,0,0,0,0
GTGTGGCAGACTACGG-1,0,0,0,0,29,0,0,0,0,0,0,0,0,0,0,0,4,0,-1,-1,-1,-1,-1,-1,-1,-1,-1
I5,0,0,0,0,0,0,0,5,0,0,0,0,0,0,0,0,0,0,-1,-1,-1,0,0,0,0,0,0
AACCACAGTATGCTTG-1,0,4,0,0,4,0,4,5,0,5,6,0,0,6,0,4,5,0,-1,-1,-1,0,5,0,0,4,0
ATTCCCGCAGGCGTTC-1,0,7,0,0,23,0,0,5,0,0,0,0,0,22,0,0,21,0,-1,-1,-1,0,7,0,0,6,0
((((AAGGTAAAGTAGGAAG-1:2.014,GCATGATTCCATTTCA-1:2.014)I4:2.02,(AACAAGACAGGCATGA-1:8.011,GTCCACTCAATGTCTG-1:6.618)I3:2.416)I2:5.323,TGGGCGTCATGAGAAT-1:7.356)I1:5.696)I0;
I0,0,0,0,0,0,0,0,0,0,0,0,0,0,0,0,0,0,0,0,0,0,0,0,0,0,0,0
I1,0,0,0,0,0,0,0,0,0,0,0:0.03/4:0.97,0,0,0,0,0,0:0.03/3:0.97,0,0:0.08/-1:0.91/1:0.001/2:0.009/3:0.003/5:0.002/6:0.009/7:0.006/8:0.003/9:0.002/11:0.002/12:0.005/13:0.002/16:0.001/17:0.008,0:0.08/-1:0.91/1:0.001/2:0.006/3:0.009/4:0.005/5:0.008/7:0.001/8:0.001/9:0.002/11:0.001/12:0.001/13:0.001/14:0.006/16:0.001/17:0.002/18:0.001/19:0.009/20:0.002/21:0.002/22:0.001/23:0.001/24:0.001/25:0.003/27:0.001/29:0.005/30:0.004/31:0.009/32:0.001,0:0.08/-1:0.91/2:0.001,0,0:0.02/3:0.98,0,0,0,0
TGGGCGTCATGAGAAT-1,20,8,0,21,36,0,0,0,0,0,4,0,0,0,0,26,3,0,-1,-1,-1,0,3,0,5,7,0
I2,0,0,0,0,0:0.01/3:0.99,0,0,0,0,0:0.01/3:0.99,4,0,0,0,0,2,3,0,-1,-1,-1,0:0.01/3:0.99,3,0,0,0:0.01/2:0.99,0
I3,0:0.8/18:0.2,0:0.8/21:0.2,0,0,3,0,0,3,0:0.01/1:0.99,3,4,0,0,0,0,2,3,0,-1,-1,-1,3,3,0,0,2,0
GTCCACTCAATGTCTG-1,18,21,0,6,3,0,4,3,1,3,4,0,24,7,0,2,3,0,-1,-1,-1,3,3,0,3,2,0
AACAAGACAGGCATGA-1,-1,-1,-1,2,3,0,2,3,1,3,4,0,3,4,0,2,3,0,-1,-1,-1,3,3,0,2,2,0
I4,0,0,0,6,3,0,0,0,0,3,4,0,0,0,0,2,3,0,-1,-1,-1,3,3,0,0:0.01/3:0.99,2,0
GCATGATTCCATTTCA-1,17,12,0,6,3,0,0,0,0,3,4,0,0,0,0,2,3,0,-1,-1,-1,3,3,0,3,2,0
AAGGTAAAGTAGGAAG-1,6,6,0,6,3,0,0,0,0,3,4,0,0,0,0,2,3,0,-1,-1,-1,3,3,0,3,2,0
(((TCCTCCCTCACTTCTA-1:8.265,AGACAAACAGTTGTTG-1:1.902)I2:9.173,GAAGGACGTAACTAAG-1:18.014)I1:4.416)I0;
I0,0,0,0,0,0,0,0,0,0,0,0,0,0,0,0,0,0,0,0,0,0,0,0,0,0,0,0
I1,0:0.83/3:0.17,0:0.83/1:0.17,0,0:0.35/-1:0.62/1:0.027/3:0.014/4:0.006/5:0.006/6:0.003/7:0.021/8:0.026/9:0.003/10:0.006/11:0.002/12:0.025/13:0.024/14:0.008/16:0.001/17:0.002/21:0.01/22:0.005/23:0.002/24:0.025/25:0.018/26:0.001/27:0.008/28:0.008/29:0.001/30:0.006/31:0.004,0:0.35/-1:0.62/1:0.028/2:0.003/3:0.027/4:0.014/5:0.012/6:0.006/7:0.006/8:0.008/11:0.01/12:0.003/14:0.002/15:0.023/16:0.001/17:0.007/19:0.003/20:0.025/22:0.009/24:0.027/25:0.003/26:0.001/27:0.011/29:0.015/30:0.003/33:0.001/36:0.018/37:0.011/38:0.003/40:0.018/42:0.004/43:0.002/44:0.005/45:0.001/46:0.008/47:0.008/48:0.006,0:0.35/-1:0.62/1:0.002/5:0.001/7:0.017,0,0,0,0:0.11/12:0.89,0:0.1/11:0.9,0,0,0,0,0,0,0,0:0.83/6:0.17,0:0.83/11:0.17,0,0,0,0,0,0,0
GAAGGACGTAACTAAG-1,3,1,0,-1,-1,-1,-1,-1,-1,12,11,0,19,0,4,6,9,0,-1,-1,-1,6,21,4,8,15,0
I2,0:0.03/-1:0.94/3:0.03,0:0.03/-1:0.94/1:0.03,0:0.04/-1:0.94/1:0.002/2:0.011/4:0.001,0:0.01/-1:0.98/1:0.009/3:0.005/4:0.002/5:0.002/6:0.001/7:0.007/8:0.009/9:0.001/10:0.002/11:0.001/12:0.008/13:0.008/14:0.003/17:0.001/21:0.003/22:0.002/23:0.001/24:0.008/25:0.006/27:0.003/28:0.003/30:0.002/31:0.001,0:0.01/-1:0.98/1:0.009/2:0.001/3:0.009/4:0.005/5:0.004/6:0.002/7:0.002/8:0.003/11:0.003/12:0.001/14:0.001/15:0.008/17:0.002/19:0.001/20:0.008/22:0.003/24:0.009/25:0.001/27:0.004/29:0.005/30:0.001/36:0.006/37:0.004/38:0.001/40:0.006/42:0.001/43:0.001/44:0.002/46:0.003/47:0.003/48:0.002,0:0.01/-1:0.98/1:0.001/7:0.006,0,0,0,12,11,0,0,0,0,9,0:0.01/11:0.99,0,0:0.32/6:0.68,0:0.32/11:0.68,0,0,0:0.01/1:0.99,0,0,8,0
AGACAAACAGTTGTTG-1,-1,-1,-1,-1,-1,-1,0,0,0,12,11,0,0,17,0,9,11,0,6,11,0,0,1,0,0,8,0
TCCTCCCTCACTTCTA-1,-1,-1,-1,-1,-1,-1,-1,-1,-1,12,11,0,1,2,0,9,11,0,-1,-1,-1,0,1,0,0,8,0
(((((((GATCAGTTCCGGTAAT-1:0,((TACCCGTGTTGTATGC-1:0,TGATGGTTCTTAGCTT-1:0)I26:0,GTCAAGTCACCAGTAT-1:0)I25:0)I24:3.013,(GTACAACGTTGCGGAA-1:1,TTTGGAGTCTTACGGA-1:0)I23:0.012)I22:3.064,GGAATCTGTGGAGGTT-1:1.076)I21:2.969,ACCTGAAAGGAATCGC-1:6.032)I20:5.972,(GCGGATCTCGCTGTTC-1:4.024,GATTTCTCACCGGAAA-1:2.225)I19:10.779)I18:0.002,(((GCCAGGTAGATCCCGC-1:2.127,CACCAAACATCCGAAT-1:3.12)I17:2.915,((AACAAGACACCGCTAG-1:3.022,TCATGCCCACAATGCT-1:0.022)I16:1.985,(((TCTCAGCAGTTGCTGT-1:0,(GCGAGAAGTTTACCAG-1:0,CTCTCAGGTGAGTGAC-1:0)I15:0)I14:3.055,TACGTCCCATTCAGGT-1:0.055)I13:2.959,ACTTTCAAGTTGGCGA-1:3.007)I12:0)I11:3.017)I10:5.991,(GTTACGACACTCCCTA-1:5.587,((GTAATCGCAACGGTAG-1:5,((((ACAGGGATCCATGCAA-1:1,ATTCATCGTAGCTTAC-1:2)I9:0,AACGAAACACGACAAG-1:4)I8:0,TCACTATCACTTGTGA-1:4)I7:0,GCACATAGTTTAGAGA-1:5)I6:0)I5:3.232,CTACTATCAGAATGTA-1:3.953)I4:3.086)I3:2.427)I2:6.992)I1:0.994)I0;
I0,0,0,0,0,0,0,0,0,0,0,0,0,0,0,0,0,0,0,0,0,0,0,0,0,0,0,0
I1,0,0,0,0,0,0,0,0:0.01/7:0.99,0,0,0,0,0,0,0,0,0,0,0,0,0,0,0,0,0,0,0
I2,2,0:0.01/1:0.99,0,0,0,0,0,7,0,0,0,0,2,3,0,0,2,0,0,0,0,2,2,0,0,0,0
I3,2,1,0,0,0,0,0:0.02/6:0.98,7,0,0,0,0,2,3,0,5,2,0,0,0,0,2,2,0,0:0.78/2:0.22,0:0.78/5:0.22,0
I4,2,1,0,0,0,0,6,7,0,0,0,0,2,3,0,5,2,0,0,0:0.72/22:0.28,0,2,2,0,0:0.05/-1:0.92/2:0.03,0:0.05/-1:0.92/5:0.03,0:0.07/-1:0.92/1:0.006
CTACTATCAGAATGTA-1,2,1,0,0,0,0,6,7,0,23,25,0,2,3,0,5,2,0,0,22,0,2,2,3,-1,-1,-1
I5,2,1,0,0,0,0,6,7,0,0,0,0,2,3,0,5,2,0,-1,-1,-1,2,2,0,-1,-1,-1
I6,2,1,0,0,0,0,6,7,0,0,0,0,2,3,0,5,2,0,-1,-1,-1,2,2,0,-1,-1,-1
GCACATAGTTTAGAGA-1,2,1,0,24,37,0,6,7,0,-1,-1,-1,2,3,0,5,2,0,-1,-1,-1,2,2,0,-1,-1,-1
I7,2,1,0,0,0,0,6,7,0,0,0,0,2,3,0,5,2,0,-1,-1,-1,2,2,0,-1,-1,-1
TCACTATCACTTGTGA-1,2,1,0,-1,-1,-1,6,7,0,0,4,0,2,3,0,5,2,0,-1,-1,-1,2,2,0,-1,-1,-1
I8,2,1,0,0,0,0,6,7,0,0,0,0,2,3,0,5,2,0,-1,-1,-1,2,2,0,-1,-1,-1
AACGAAACACGACAAG-1,2,1,0,4,6,0,6,7,0,7,6,0,2,3,0,5,2,0,-1,-1,-1,2,2,0,-1,-1,-1
I9,2,1,0,0,0,0,6,7,0,0,0,0,2,3,0,5,2,0,-1,-1,-1,2,2,0,-1,-1,-1
ATTCATCGTAGCTTAC-1,2,1,0,0,0,0,6,7,0,12,11,0,2,3,0,5,2,0,-1,-1,-1,2,2,0,-1,-1,-1
ACAGGGATCCATGCAA-1,2,1,0,0,10,0,6,7,0,0,0,0,2,3,0,5,2,0,-1,-1,-1,2,2,0,-1,-1,-1
GTAATCGCAACGGTAG-1,2,1,0,25,40,0,6,7,0,-1,-1,-1,2,3,0,5,2,0,-1,-1,-1,2,2,0,-1,-1,-1
GTTACGACACTCCCTA-1,2,1,0,14,36,0,6,7,0,0,29,0,2,3,0,5,2,0,0,3,0,2,2,0,2,5,0
I10,2,1,0,0:0.02/1:0.98,2,2,0,7,0,2,3,0,2,3,0,1,2,0,0,0,0,2,2,0,0,0,0
I11,2,1,0,1,2,2,0,7,0,2,3,0,2,3,0,1,2,0,0,0,0,2,2,0,-1,-1,-1
I12,2,1,0,1,2,2,0,7,0,2,3,0,2,3,0,1,2,0,0,0,0,2,2,0,-1,-1,-1
ACTTTCAAGTTGGCGA-1,2,1,0,1,2,2,12,7,0,2,3,0,2,3,0,1,2,0,0,10,0,2,2,1,-1,-1,-1
I13,2,1,0,1,2,2,0,7,0,2,3,0,2,3,0,1,2,0,0:0.02/-1:0.98,0:0.02/-1:0.98,0:0.02/-1:0.98,2,2,0,-1,-1,-1
TACGTCCCATTCAGGT-1,2,1,0,1,2,2,0,7,0,2,3,0,2,3,0,1,2,0,-1,-1,-1,2,2,0,-1,-1,-1
I14,2,1,0,-1,-1,-1,0,7,0,2,3,0,2,3,0,1,2,0,-1,-1,-1,2,2,0,-1,-1,-1
I15,2,1,0,-1,-1,-1,0,7,0,2,3,0,2,3,0,1,2,0,-1,-1,-1,2,2,0,-1,-1,-1
CTCTCAGGTGAGTGAC-1,2,1,0,-1,-1,-1,0,7,0,2,3,0,2,3,0,1,2,0,-1,-1,-1,2,2,0,-1,-1,-1
GCGAGAAGTTTACCAG-1,2,1,0,-1,-1,-1,0,7,0,2,3,0,2,3,0,1,2,0,-1,-1,-1,2,2,0,-1,-1,-1
TCTCAGCAGTTGCTGT-1,2,1,0,-1,-1,-1,0,7,0,2,3,0,2,3,0,1,2,0,-1,-1,-1,2,2,0,-1,-1,-1
I16,2,1,0,1,2,2,0,7,0,2,3,0,2,3,0,1,2,0,0:0.01/2:0.99,0:0.01/3:0.99,0,2,2,0,-1,-1,-1
TCATGCCCACAATGCT-1,2,1,0,1,2,2,0,7,0,2,3,0,2,3,0,1,2,0,2,3,0,2,2,0,-1,-1,-1
AACAAGACACCGCTAG-1,2,1,0,1,2,2,-1,-1,-1,2,3,0,2,3,0,1,2,0,2,3,0,2,2,0,-1,-1,-1
I17,2,1,0,0:0.01/1:0.99,2,2,0,7,0,2,3,0,2,3,0,1,2,0,0:0.03/-1:0.96/1:0.001/2:0.009/3:0.003/5:0.002/6:0.009/7:0.006/8:0.003/9:0.002/11:0.002/12:0.005/13:0.002/16:0.001/17:0.008,0:0.03/-1:0.96/1:0.001/2:0.006/3:0.009/4:0.005/5:0.008/7:0.001/8:0.001/9:0.002/11:0.001/12:0.001/13:0.001/14:0.006/16:0.001/17:0.002/18:0.001/19:0.009/20:0.002/21:0.002/22:0.001/23:0.001/24:0.001/25:0.003/27:0.001/29:0.005/30:0.004/31:0.009/32:0.001,0:0.03/-1:0.96/2:0.001,2,2,0,0,0,0
CACCAAACATCCGAAT-1,2,1,0,-1,-1,-1,0,7,0,2,3,0,2,3,0,1,2,0,-1,-1,-1,2,2,0,0,0,0
GCCAGGTAGATCCCGC-1,2,1,0,1,2,2,0,7,0,2,3,0,2,3,0,1,2,0,-1,-1,-1,2,2,0,11,18,0
I18,0,0,0,0,0,0,0,7,0,0,0,0,0,0,0,0,0,0,0,0,0,0,0,0,0,0,0
I19,6,6,0,24,36,0,20,7,0,0,12,0,21,31,0,0,0:0.2/1:0.8,0,0,4,0,0,26,0,0,0,0
GATTTCTCACCGGAAA-1,6,6,0,24,36,0,20,7,0,0,12,0,21,31,0,0,1,0,0,4,0,0,26,0,10,16,0
GCGGATCTCGCTGTTC-1,6,6,0,24,36,0,20,7,0,0,12,0,21,31,0,-1,-1,-1,0,4,0,0,26,0,0,3,0
I20,0,10,0,0,0,0,0,7,0,0,0:0.01/6:0.99,0,0,0:0.01/13:0.99,0,8,10,0,0,7,0,0,0,0,0,0,0
ACCTGAAAGGAATCGC-1,8,10,0,8,11,0,0,7,0,0,6,0,0,13,0,8,10,0,0,7,0,0,0,0,-1,-1,-1
I21,0,10,0,0,0,0,0,7,0,0,6,0,0,13,0,8,10,0,0,7,0,0:0.02/-1:0.97/1:0.008/2:0.003/3:0.009/4:0.003/5:0.001/6:0.007/7:0.001/8:0.009/9:0.001/11:0.008/12:0.008/13:0.005/14:0.001/15:0.006/18:0.001/20:0.006/27:0.001,0:0.02/-1:0.97/1:0.009/2:0.003/3:0.009/4:0.009/5:0.008/6:0.001/7:0.008/8:0.003/9:0.001/11:0.005/12:0.001/14:0.003/15:0.001/16:0.006/18:0.001/19:0.001/21:0.001/23:0.002/24:0.006/26:0.005/27:0.005/30:0.004/32:0.002/33:0.003/34:0.003/35:0.001/36:0.001,0:0.02/-1:0.97/3:0.001/4:0.006,0,0,0
GGAATCTGTGGAGGTT-1,0,10,0,0,24,0,0,7,0,0,6,0,0,13,0,8,10,0,0,7,0,-1,-1,-1,0,0,0
I22,0,10,0,0,0,0,0,7,0,0,6,0,0,13,0,8,10,0,0,7,0,-1,-1,-1,-1,-1,-1
I23,0,10,0,0,0,0,0,7,0,0,6,0,0,13,0,8,10,0,0,7,0,-1,-1,-1,-1,-1,-1
TTTGGAGTCTTACGGA-1,0,10,0,0,0,0,0,7,0,0,6,0,0,13,0,8,10,0,0,7,0,-1,-1,-1,-1,-1,-1
GTACAACGTTGCGGAA-1,0,10,0,0,20,0,0,7,0,0,6,0,0,13,0,8,10,0,0,7,0,-1,-1,-1,-1,-1,-1
I24,0,10,0,-1,-1,-1,0,7,0,0,6,0,0,13,0,8,10,0,0,7,0,-1,-1,-1,-1,-1,-1
I25,0,10,0,-1,-1,-1,0,7,0,0,6,0,0,13,0,8,10,0,0,7,0,-1,-1,-1,-1,-1,-1
GTCAAGTCACCAGTAT-1,0,10,0,-1,-1,-1,0,7,0,0,6,0,0,13,0,8,10,0,0,7,0,-1,-1,-1,-1,-1,-1
I26,0,10,0,-1,-1,-1,0,7,0,0,6,0,0,13,0,8,10,0,0,7,0,-1,-1,-1,-1,-1,-1
TGATGGTTCTTAGCTT-1,0,10,0,-1,-1,-1,0,7,0,0,6,0,0,13,0,8,10,0,0,7,0,-1,-1,-1,-1,-1,-1
TACCCGTGTTGTATGC-1,0,10,0,-1,-1,-1,0,7,0,0,6,0,0,13,0,8,10,0,0,7,0,-1,-1,-1,-1,-1,-1
GATCAGTTCCGGTAAT-1,0,10,0,-1,-1,-1,0,7,0,0,6,0,0,13,0,8,10,0,0,7,0,-1,-1,-1,-1,-1,-1
((((((TGAGGAGGTGTACATC-1:5.101,GGCGTCATCGAAGGAC-1:2.9)I14:1.193,ACTGTGACAGGCGATA-1:4.093)I13:2.965,((TTAGTCTGTTGGCCGT-1:2.41,AGAGCAGTCATAAGGA-1:6.078)I12:1.63,(TCGGTCTGTCTCAGGC-1:3.012,TTCTCTCTCAGACTGT-1:1.012)I11:1.028)I10:3.013)I9:1.957,(AAAGTGATCCGGGACT-1:1.248,(TAGGTACCAGTAGGAC-1:0.417,TCATTGTTCTGGGATT-1:4.059)I8:4.606)I7:1.756)1:7.014,(TTACAGGTCTCCGCAT-1:14.127,((GTCGAATTCTCATGCC-1:3.238,TAGGGTTCAGGTTTAC-1:6.238)I6:3.822,(CGTCAAAGTCTGTGTA-1:5.001,(GCAACATTCCCTCGAT-1:4,TAAGTCGCATAACCCA-1:6.001)I5:0)I4:3.023)I3:3.103)I2:0.891)I1:0.982)I0;
I0,0,0,0,0,0,0,0,0,0,0,0,0,0,0,0,0,0,0,0,0,0,0,0,0,0,0,0
I1,0,0,0,0,0,0,0,0,0,0,0,0,0,0,0,0,0,0,0,0,0,0,0:0.02/1:0.98,0,0,0,0
I2,0,0,0,0,0,0,0,0,0,0,0,0,0,0,0,0,0:0.13/11:0.87,0,0,0,0,0,1,0,0,0,0
I3,0,0,0,0,31,0,0,0,0,0,0:0.01/24:0.99,0,0,0,0,0:0.01/10:0.99,11,0,0,0,0,0,1,0,0,0,0
I4,0,0,0,0,31,0,0,0,0,1,24,0,0,0,0,10,11,0,13,21,0,0,1,0,0,0,0
I5,0,0,0,0,31,0,0,0,0,1,24,0,0,0,0,10,11,0,13,21,0,0,1,0,0,0,0
TAAGTCGCATAACCCA-1,0,22,0,0,31,0,0,23,0,1,24,0,0,0,0,10,11,0,13,21,0,8,1,0,-1,-1,-1
GCAACATTCCCTCGAT-1,0,12,0,0,31,0,0,4,0,1,24,0,0,0,0,10,11,0,13,21,0,0,1,0,4,5,0
CGTCAAAGTCTGTGTA-1,-1,-1,-1,0,31,0,0,24,0,1,24,0,0,0,0,10,11,0,13,21,0,0,1,0,0,10,0
I6,0,0,0,0,31,0,0,0:0.02/23:0.98,0,0,24,0,0,0,0,10,11,0,0,0,0,0,1,0,0:0.06/-1:0.93/1:0.006/2:0.008/3:0.009/4:0.009/5:0.006/6:0.001/7:0.002/8:0.003/10:0.003/11:0.001/13:0.007,0:0.06/-1:0.93/1:0.009/2:0.008/3:0.004/4:0.001/5:0.003/6:0.004/7:0.006/10:0.009/11:0.009/13:0.001/14:0.002/15:0.003/16:0.003/17:0.002/18:0.001/19:0.008/20:0.001/21:0.005/22:0.003/23:0.001/24:0.005,0:0.06/-1:0.93/1:0.006
TAGGGTTCAGGTTTAC-1,0,23,0,0,31,0,0,23,0,5,24,0,0,0,0,10,11,2,17,2,0,8,1,0,-1,-1,-1
GTCGAATTCTCATGCC-1,3,3,2,0,31,0,0,23,0,0,24,0,0,0,0,10,11,0,0,0,0,0,1,0,-1,-1,-1
TTACAGGTCTCCGCAT-1,0,26,0,30,48,0,27,34,0,12,11,0,10,18,0,9,11,0,-1,-1,-1,0,1,0,0,8,0
1,0,2,0,0,0,0,1,2,0,0,2,0,1,2,0,0,1,0,0,0,0,0,1,0,0,0,0
I7,0,2,0,0,0,0,1,2,0,0,2,0,1,2,0,0,1,0,0,0:0.02/2:0.98,0,0,1,0,0:0.62/1:0.38,0:0.62/1:0.38,0
I8,0,2,0,0,0:0.36/1:0.64,0,1,2,0,0,2,0,1,2,0,0:0.01/10:0.99,1,0,0,2,0,0,1,0,0:0.01/-1:0.98/1:0.01,0:0.01/-1:0.98/1:0.01,0:0.01/-1:0.98/1:0.006
TCATTGTTCTGGGATT-1,0,2,0,-1,-1,-1,1,2,0,0,2,0,1,2,0,10,1,0,0,2,0,8,1,0,-1,-1,-1
TAGGTACCAGTAGGAC-1,0,2,0,0,1,0,1,2,0,0,2,0,1,2,0,10,1,0,0,2,0,0,1,0,-1,-1,-1
AAAGTGATCCGGGACT-1,0,2,0,0,0,0,1,2,0,0,2,0,1,2,0,0,1,0,0,2,0,0,1,0,1,1,0
I9,0,2,0,0,0,0,1,2,0,0,2,0,1,2,0,0:0.03/6:0.97,1,0,0,0,0,0:0.02/3:0.98,1,0,0,0,0
I10,0,2,0,0,0,0,1,2,0,0,2,0,1,2,0,6,1,0,0,0,0,3,1,0,0:0.01/-1:0.99,0:0.01/-1:0.99,0:0.01/-1:0.99
I11,0,2,0,0,0,0,1,2,0,0,2,0,1,2,0,6,1,0,0,0:0.01/30:0.99,0,3,1,0,-1,-1,-1
TTCTCTCTCAGACTGT-1,0,2,0,0,0,0,1,2,0,8,2,0,1,2,0,6,1,0,0,30,0,3,1,0,-1,-1,-1
TCGGTCTGTCTCAGGC-1,0,2,0,-1,-1,-1,1,2,0,0,2,0,1,2,0,6,1,0,0,30,0,3,1,0,-1,-1,-1
I12,0:0.07/3:0.93,2,0,0,0:0.78/3:0.22,0,1,2,0,0,2,0,1,2,0,6,1,0,0:0.78/2:0.22,0:0.78/2:0.22,0,3,1,0,-1,-1,-1
AGAGCAGTCATAAGGA-1,3,2,0,-1,-1,-1,1,2,0,0,2,0,1,2,0,6,1,0,-1,-1,-1,3,1,0,-1,-1,-1
TTAGTCTGTTGGCCGT-1,3,2,0,0,3,0,1,2,0,0,2,0,1,2,0,6,1,0,2,2,0,3,1,0,-1,-1,-1
I13,0,2,0,0,0,0,1,2,0,0,2,0,1,2,0,6,1,0,0:0.03/-1:0.97,0:0.03/-1:0.97,0:0.03/-1:0.97,3,1,0,0,0,0
ACTGTGACAGGCGATA-1,0,2,0,12,14,0,1,2,0,8,2,0,1,2,0,6,1,0,-1,-1,-1,3,1,0,0,6,0
I14,0:0.08/3:0.92,2,0,0,0,0,1,2,0,0,2,0,1,2,0,6,1,0,0:0.01/-1:0.99,0:0.01/-1:0.99,0:0.01/-1:0.99,3,1,0,0,0:0.8/19:0.2,0
GGCGTCATCGAAGGAC-1,3,2,0,0,39,6,1,2,0,0,2,0,1,2,0,6,1,0,-1,-1,-1,3,1,0,0,19,0
TGAGGAGGTGTACATC-1,3,2,0,27,46,0,1,2,0,0,2,0,1,2,0,6,1,0,-1,-1,-1,3,1,0,-1,-1,-1
((AACCTTTCATGGGTTT-1:9.001,(AAGGTAACATCGAGCC-1:3.007,((GTGTTCCCACTAACCA-1:1,(CTATCTATCGAGTCTA-1:1,AGTAACCAGCTTGTTG-1:0)I4:0)I3:3.002,TGTACAGGTCAAATCC-1:0.976)I2:2.031)I1:0)4:10.993)I0;
I0,0,0,0,0,0,0,0,0,0,0,0,0,0,0,0,0,0,0,0,0,0,0,0,0,0,0,0
4,4,0,0,3,5,0,0,6,0,6,4,0,5,7,0,0,4,0,0,0,0,0,4,0,0,0:0.01/1:0.99,0
I1,4,0,0,3,5,0,0,6,0,6,4,0,5,7,0,0,4,0,0,0,0,0,4,0,0,0:0.01/1:0.99,0
I2,4,0,0,3,5,0,0,6,0,6,4,0,5,7,0,13,4,0,0:0.49/6:0.51,0:0.49/32:0.51,0,0,4,0,0,1,0
TGTACAGGTCAAATCC-1,4,0,0,3,5,0,0,6,0,6,4,0,5,7,0,13,4,0,6,32,0,0,4,0,0,1,0
I3,4,0,0,3,5,0,0,6,0,6,4,0,5,7,0,13,4,0,-1,-1,-1,0,4,0,0,1,0
I4,4,0,0,3,5,0,0,6,0,6,4,0,5,7,0,13,4,0,-1,-1,-1,0,4,0,0,1,0
AGTAACCAGCTTGTTG-1,4,0,0,3,5,0,0,6,0,6,4,0,5,7,0,13,4,0,-1,-1,-1,0,4,0,0,1,0
CTATCTATCGAGTCTA-1,4,0,0,3,5,0,0,6,0,6,4,0,5,7,0,13,4,0,-1,-1,-1,3,4,0,0,1,0
GTGTTCCCACTAACCA-1,4,0,0,3,5,0,9,6,0,6,4,0,5,7,0,13,4,0,-1,-1,-1,0,4,0,0,1,0
AAGGTAACATCGAGCC-1,4,0,0,3,5,0,8,6,0,6,4,0,5,7,0,0,4,0,3,0,0,6,4,0,0,1,0
AACCTTTCATGGGTTT-1,4,0,1,3,5,0,5,6,0,6,4,0,5,7,0,0,4,0,-1,-1,-1,4,4,0,-1,-1,-1
(((((ATGAAAGGTTCTTAGG-1:11.329,ATGGATCAGCGGGTTA-1:6.195)I15:0.819,((TCTCCGAGTCGAGCAA-1:3.942,ATCGTAGCACGGTAGA-1:5.551)I14:3.894,TGTCCACTCAGAATAG-1:4.98)I13:0.034)I12:2.988,((GAGTTACCACCCAATA-1:9.202,CTCATTAGTGAGCCAA-1:5.947)I11:1.053,TTTCCTCGTAACATGA-1:6)I10:0)I9:7.999,((CAGGCCAGTCGGATTT-1:9.002,(((TCCTTTCAGAGGTTTA-1:4.847,TTCAATCGTACACTCA-1:5.145)I8:1.158,(TGACAGTAGAGGACTC-1:2.004,TCTTGCGAGAAATGGG-1:3.004)I7:0.001)I6:2.997,TGGGCTGGTTAACCTG-1:6.988)I5:0.014)I4:0.003,(ACGGTCGCATCCGAAT-1:3.99,AGAACCTTCAATCAGC-1:8.447)I3:5.073)I2:10.996)I1:0)I0;
I0,0,0,0,0,0,0,0,0,0,0,0,0,0,0,0,0,0,0,0,0,0,0,0,0,0,0,0
I1,0,0,0,0,0,0,0,0,0,0,0,0,0,0,0,0,0,0,0,0,0,0,0,0,0,0,0
I2,0,8,0,10,13,3,0,0,0,10,9,0,0,0,0,0,0,0,0,0,0,9,9,0,-1,-1,-1
I3,0:0.01/10:0.99,8,0,10,13,3,0:0.64/11:0.36,0:0.64/11:0.36,0,10,9,0,0,0,0,0:0.13/-1:0.85/1:0.007/2:0.001/3:0.001/4:0.018/5:0.001/6:0.017/8:0.003/10:0.016/13:0.003/14:0.014/16:0.001/18:0.005/21:0.009/22:0.001/24:0.017/26:0.016/28:0.001/29:0.001/30:0.001,0:0.13/-1:0.85/1:0.018/3:0.018/4:0.018/5:0.002/7:0.006/8:0.001/9:0.017/10:0.003/11:0.015/12:0.01/13:0.008/14:0.01/15:0.008/16:0.001/19:0.008/21:0.005/23:0.003/24:0.011/25:0.002/26:0.002/27:0.001/28:0.001/29:0.001/31:0.001/32:0.001,0:0.13/-1:0.85/2:0.011,0,0:0.64/8:0.36,0:0.64/1:0.36,9,9,0,-1,-1,-1
AGAACCTTCAATCAGC-1,10,8,0,10,13,3,-1,-1,-1,10,9,0,9,6,0,-1,-1,-1,-1,-1,-1,9,9,0,-1,-1,-1
ACGGTCGCATCCGAAT-1,10,8,0,10,13,3,11,11,0,10,9,0,8,0,0,-1,-1,-1,0,8,1,9,9,0,-1,-1,-1
I4,0,8,0,10,13,3,0,0,0,10,9,0,0,0,0,0,0,0,0,0,0,9,9,0,-1,-1,-1
I5,0,8,0,10,13,3,0,0,0,10,9,0,0,0,0,0,0,0,0,0:0.99/31:0.01,0,9,9,0,-1,-1,-1
TGGGCTGGTTAACCTG-1,0,8,0,10,13,3,2,4,0,10,9,0,30,39,0,10,25,0,0,31,0,9,9,0,-1,-1,-1
I6,0,8,0,10,13,3,0,0,0,10,9,0,0,0,0,0,0,0,-1,-1,-1,9,9,0,-1,-1,-1
I7,0,8,0,10,13,3,0,0,0,10,9,0,0,0,0,0,0,0,-1,-1,-1,9,9,0,-1,-1,-1
TCTTGCGAGAAATGGG-1,0,8,0,10,13,3,25,4,0,10,9,0,0,12,0,0,0,0,-1,-1,-1,9,9,0,-1,-1,-1
TGACAGTAGAGGACTC-1,0,8,0,10,13,3,0,31,0,10,9,0,0,0,0,0,11,0,-1,-1,-1,9,9,0,-1,-1,-1
I8,0,8,0,10,13,3,0,0,0,10,9,0,0:0.14/5:0.86,0,0,0:0.85/4:0.15,0:0.85/1:0.15,0,-1,-1,-1,9,9,0,-1,-1,-1
TTCAATCGTACACTCA-1,0,8,0,10,13,3,0,23,0,10,9,0,5,31,0,-1,-1,-1,-1,-1,-1,9,9,0,-1,-1,-1
TCCTTTCAGAGGTTTA-1,0,8,0,10,13,3,23,30,0,10,9,0,5,37,0,4,1,0,-1,-1,-1,9,9,0,-1,-1,-1
CAGGCCAGTCGGATTT-1,-1,-1,-1,10,13,3,0,19,0,10,9,0,0,8,0,6,22,0,6,19,0,9,9,0,-1,-1,-1
I9,0,0,0,15,20,0,0,0,0,0,18,0,7,11,2,0,0,0,0,16,0,0,7,0,0,0,0
I10,0,0,0,15,20,0,0,0,0,0,18,0,7,11,2,0,0,0,0,16,0,0,7,0,0,0,0
TTTCCTCGTAACATGA-1,0,27,0,15,20,0,5,35,0,0,18,0,7,11,2,24,1,0,0,16,0,0,7,0,0,24,0
I11,0,0,0,15,20,0,0,0,0,0,18,0,7,11,2,0:0.87/19:0.13,0:0.87/24:0.13,0,0,16,0,0:0.2/8:0.8,7,0,0,0,0
CTCATTAGTGAGCCAA-1,15,19,0,15,20,0,0,0,0,0,18,0,7,11,2,19,24,0,0,16,0,8,7,0,2,3,0
GAGTTACCACCCAATA-1,0,8,0,15,20,0,1,23,0,0,18,0,7,11,2,-1,-1,-1,-1,-1,-1,8,7,0,0,0,0
I12,0,0,0,15,20,0,0,0,0,0,18,0,7,11,2,0,0,0,0,16,0,0,7,0,-1,-1,-1
I13,0:0.98/16:0.02,0:0.98/25:0.02,0,15,20,0,0,0,0,0,18,0,7,11,2,0,0,0,0,16,0,0,7,0,-1,-1,-1
TGTCCACTCAGAATAG-1,16,25,0,15,20,0,26,33,0,3,18,0,7,11,2,0,0,0,0,16,0,0,7,0,-1,-1,-1
I14,0:0.1/-1:0.89/16:0.01,0:0.1/-1:0.89/25:0.01,0:0.1/-1:0.89/1:0.001/2:0.006,15,20,0,0,0:0.61/17:0.39,0,0,18,0,7,11,2,0:0.61/17:0.39,0:0.61/18:0.39,0,0,16,0,0,7,0,-1,-1,-1
ATCGTAGCACGGTAGA-1,-1,-1,-1,15,20,0,-1,-1,-1,16,18,0,7,11,2,17,18,0,0,16,0,0,7,0,-1,-1,-1
TCTCCGAGTCGAGCAA-1,-1,-1,-1,15,20,0,0,17,0,0,18,0,7,11,2,-1,-1,-1,0,16,0,0,7,0,-1,-1,-1
I15,0,0,0,15,20,0,0:0.93/2:0.07,0:0.93/18:0.07,0,0,18,0,7,11,2,0,0,0,0,16,0,0:0.32/8:0.68,7,0,-1,-1,-1
ATGGATCAGCGGGTTA-1,13,16,0,15,20,0,2,18,0,0,18,0,7,11,2,0,20,3,0,16,0,8,7,0,-1,-1,-1
ATGAAAGGTTCTTAGG-1,3,1,0,15,20,0,-1,-1,-1,1,18,0,7,11,2,4,9,0,-1,-1,-1,8,7,0,-1,-1,-1
(((TTTCAGTCACTGCGAC-1:5.172,AGGCATTCACTTTATC-1:2.172)I3:6.896,(TCCCAGTTCCCGAACG-1:6.043,CTAAGTGAGCTCACTA-1:5.757)I2:3.122)I1:6.122)I0;
I0,0,0,0,0,0,0,0,0,0,0,0,0,0,0,0,0,0,0,0,0,0,0,0,0,0,0,0
I1,0,0:0.01/7:0.99,0,0:0.34/18:0.66,0:0.34/32:0.66,0,0,0:0.02/6:0.98,0,0,0,0,0,0,0,0,0,0,0,13,0,0,0:0.01/4:0.99,0,0:0.58/7:0.42,0:0.58/14:0.42,0
I2,0,7,0,18,32,0,0,6,0,0,0,0,0,0:0.02/27:0.98,0,0,0:0.03/14:0.97,0,0,13,0,0,4,0,0:0.36/7:0.64,0:0.36/14:0.64,0
CTAAGTGAGCTCACTA-1,11,7,0,18,32,0,5,6,0,8,2,0,0,27,0,6,14,0,0,13,0,0,4,0,7,14,0
TCCCAGTTCCCGAACG-1,3,7,0,18,32,0,18,6,0,0,0,0,0,27,0,25,14,0,0,13,0,0,4,0,-1,-1,-1
I3,0,7,0,0:0.01/-1:0.97/18:0.02,0:0.01/-1:0.97/32:0.02,0:0.02/-1:0.97/1:0.001/7:0.006,0,6,0,0,0,0,0,0,0,0,15,0,0,13,0,0,4,0,0:0.01/-1:0.97/7:0.02,0:0.01/-1:0.97/14:0.02,0:0.02/-1:0.97/1:0.006
AGGCATTCACTTTATC-1,0,7,0,-1,-1,-1,0,6,0,0,0,0,0,19,0,0,15,0,0,13,0,3,4,0,-1,-1,-1
TTTCAGTCACTGCGAC-1,9,7,0,-1,-1,-1,16,6,0,25,32,0,0,0,0,0,15,0,0,13,0,27,4,0,-1,-1,-1
(((((AGCGCTGCACCGTGGT-1:4.038,(CATCCACGTCTGCCTT-1:2,(CATCGGGCAGCGCTTG-1:2,TATGTTCTCATTGCGA-1:3)I13:0)I12:3.038)I11:1.985,TAATTCCCATGAGATA-1:7.023)I10:6.956,GATGGAGAGAGTCGAC-1:13)I9:0.021,((((AGTCACATCATTTCGT-1:9.109,GTATTGGGTTGGCCGT-1:5.09)I8:7.911,(ATGCCTCCAGCGTAGA-1:11.617,(CCCTCTCGTAAGCAAT-1:3.267,GTGCTTCAGTTTCGAC-1:3.497)I7:14.89)I6:0.383)I5:0,TGTCCTGAGAGGTCAC-1:15)I4:0,(GATCATGGTCCCGGTA-1:11.068,GATAGCTGTTGGGCCT-1:7.068)I3:3.932)I2:0)I1:3)I0;
I0,0,0,0,0,0,0,0,0,0,0,0,0,0,0,0,0,0,0,0,0,0,0,0,0,0,0,0
I1,0,0,0,0,0,0,0,0,0,0,0,0,0,0,0,0,0,0,0,0,0,0,0,0,-1,-1,-1
I2,0,0,0,0,0,0,0,0,0,0,0,0,0,0,0,0,0,0,0,0,0,0,0,0,-1,-1,-1
I3,0,0:0.03/5:0.97,0,0,0:0.03/4:0.97,0,0,0,0,0,26,0,0,0,0,0,0,0,0,0,0,0,22,0,-1,-1,-1
GATAGCTGTTGGGCCT-1,0,5,0,21,4,0,19,25,0,24,26,0,0,0,0,0,19,0,0,3,0,1,22,0,-1,-1,-1
GATCATGGTCCCGGTA-1,3,5,0,22,4,0,2,26,0,7,26,0,20,29,0,20,6,0,0,5,0,12,22,0,-1,-1,-1
I4,0,0,0,0,0,0,0,0,0,0,0,0,0,0,0,0,0,0,0,0,0,0,0,0,-1,-1,-1
TGTCCTGAGAGGTCAC-1,0,12,0,4,6,0,0,7,0,7,6,0,-1,-1,-1,29,32,0,7,14,0,11,34,0,-1,-1,-1
I5,0,0,0,0,0,0,0,0,0,0,0,0,0,0,0,0,0,0,0,0,0,0,0,0,-1,-1,-1
I6,0,0,0,0:0.62/1:0.38,0,0,0,0,0,0,0,0,0,0,0,0,0,0,0,0,0,0,0,0,-1,-1,-1
I7,1,18,4,1,20,0,0:0.01/4:0.99,21,0,18,21,0,0:0.23/25:0.77,0:0.23/8:0.77,0,0,0:0.23/23:0.77,0,12,0:0.01/3:0.99,0,0:0.01/3:0.99,3,0,-1,-1,-1
GTGCTTCAGTTTCGAC-1,1,18,4,1,20,0,4,21,0,18,21,0,25,8,0,-1,-1,-1,12,3,0,3,3,0,-1,-1,-1
CCCTCTCGTAAGCAAT-1,1,18,4,1,20,0,4,21,0,18,21,0,-1,-1,-1,0,23,0,12,3,0,3,3,0,-1,-1,-1
ATGCCTCCAGCGTAGA-1,0,7,0,1,21,4,0,0,0,0,19,0,13,21,0,0,19,0,9,17,0,14,15,0,-1,-1,-1
I8,0,0:0.03/1:0.97,0,0:0.5/3:0.5,0:0.5/5:0.5,0,0,16,0,0:0.04/8:0.96,0:0.03/6:0.97,0,0:0.5/5:0.5,0:0.5/7:0.5,0,0,0,0,0,15,0,0,0:0.01/14:0.99,0,-1,-1,-1
GTATTGGGTTGGCCGT-1,0,1,0,3,5,0,0,16,0,8,6,0,5,7,0,13,4,0,0,15,0,6,14,0,-1,-1,-1
AGTCACATCATTTCGT-1,0,1,0,-1,-1,-1,0,16,0,8,6,0,-1,-1,-1,14,1,0,8,15,0,0,14,0,-1,-1,-1
I9,0,0,0,0,0,0,0,0,0,0,0,0,0,0,0,0,0:0.98/14:0.02,0,0,0,0,0,0,0,-1,-1,-1
GATGGAGAGAGTCGAC-1,11,3,0,23,35,0,0,27,0,0,4,0,0,30,0,-1,-1,-1,0,2,0,23,25,0,-1,-1,-1
I10,0,14,0,0,0,0,0,0,0,0,0:0.01/13:0.99,0,10,18,0,0,0:0.01/14:0.99,0,0,12,0,0,11,0,-1,-1,-1
TAATTCCCATGAGATA-1,5,14,0,8,24,0,-1,-1,-1,1,13,0,10,18,0,0,14,0,0,12,0,0,11,0,-1,-1,-1
I11,0,14,0,0,0,0,0,0,0,13,13,0,10,18,0,0:0.04/4:0.96,14,0,0,12,0,0,11,0,-1,-1,-1
I12,0,14,0,0,0,0,17,20,4,13,13,0,10,18,0,4,14,0,0,12,0,0,11,0,-1,-1,-1
I13,0,14,0,0,0,0,17,20,4,13,13,0,10,18,0,4,14,0,0,12,0,0,11,0,-1,-1,-1
TATGTTCTCATTGCGA-1,9,14,0,0,43,0,17,20,4,13,13,0,10,18,0,4,14,0,0,12,0,3,11,0,-1,-1,-1
CATCGGGCAGCGCTTG-1,0,14,0,0,0,0,17,20,4,13,13,0,10,18,0,4,14,0,10,12,0,19,11,0,-1,-1,-1
CATCCACGTCTGCCTT-1,14,14,0,0,28,0,17,20,4,13,13,0,10,18,0,4,14,0,0,12,0,0,11,0,-1,-1,-1
AGCGCTGCACCGTGGT-1,9,14,0,0,1,0,0,6,0,13,13,0,10,18,0,4,14,0,0,12,0,3,11,0,-1,-1,-1
((((((GTTCCGTCACATTCGA-1:5.899,TCAGGGCTCCTGTACC-1:7.166)I33:1.154,(TAAGCGTCATGACTTG-1:3.003,CAATTTCAGAGGGTGG-1:2.003)I32:2.05)I31:2.982,TCTCACGCATCCTCAC-1:10.634)I30:5.416,TGGTACAAGCCTAACT-1:17.235)I29:0.949,(TCGGGCAAGTCCCGGT-1:18,((TCGACCTCAGTCAGTT-1:16.046,(((TTGCATTGTACTCGAT-1:3.085,((((ATCCATTAGCGGGTAT-1:3.116,TGGGTTACAATTGCCA-1:2.116)I28:1.303,GACTCTCAGGCGAACT-1:5.419)I27:0.581,(((CTCATTATCAAGCTGT-1:3,AGATGCTAGACGAAGA-1:3)I26:0,TACTTGTAGAAGGTAG-1:1)I25:0,(CACTGAAGTATCGTGT-1:3.837,AACAGGGTCAATGTCG-1:3.053)I24:1.163)I23:0)I22:1.079,(TAGATCGAGGTGCTGA-1:4.307,CTTACCGTCTTCGGTC-1:4.307)I21:3.8)I20:2.967)I19:2.996,(CTTCAATGTAAGGCCA-1:4.083,(ACGCACGTCATCCTAT-1:6.231,GCATGATCAGCGAGTA-1:0.815)I18:3.251)I17:3.997)I16:3.4,ACGGAAGCATCTCCCA-1:7.099)I15:2.221)I14:3.299,(((AAAGGATGTTCCTACC-1:8.208,GTACAGTGTGGTCAAG-1:8.673)I13:7.257,(((((TACAACGAGCATTTGC-1:2.035,TATTGGGTCAATCCGA-1:3.035)I12:1.053,(GTAGGAGAGGATATAC-1:8.048,(TGCACGGCAACACAGG-1:5.048,CACAGATGTAACTTCG-1:4.048)I11:0)I10:3.03)I9:3.941,AACGTCAGTTCGGCGT-1:7.403)I8:1.523,ATTCCATCAAAGGTTA-1:13.025)I7:6.687,CAAGCTACACAGTCCG-1:1.613)I6:0.387)I5:0,AGCGATTGTGAAGCGT-1:15)I4:0)I3:0.999)I2:0.001)I1:0)I0;
I0,0,0,0,0,0,0,0,0,0,0,0,0,0,0,0,0,0,0,0,0,0,0,0,0,0,0,0
I1,0,0,0,0,0,0,0,0,0,0,0,0,0,0,0,0,0,0,0,0,0,0,0,0,0,0,0
I2,0,0,0,0,0,0,0,0,0,0,0,0,0,0,0,0,0,0,0,0,0,0,0,0,0,0,0
I3,0,0,0,0,0,0,0,0,0,0,0,0,0,0,0,0,0,0,0,0,0,0,0,0,0,3,0
I4,0,0,0,0,0,0,0,0,0,0,0,0,0,0,0,0,0,0,0,0,0,0,0,0,0,3,0
AGCGATTGTGAAGCGT-1,12,13,0,0,17,0,13,13,0,0,12,0,0,7,0,11,13,0,-1,-1,-1,11,7,0,3,3,0
I5,0,0,0,0,0,0,0,0,0,0,0,0,0,0,0,0,0,0,0,0,0,0,0,0,0,3,0
I6,0,0,0,0,0,0,0,0,0,0,0,0,0,0,0,0,0,0,0,0,0,0,0,0,0:0.61/2:0.39,3,0
CAAGCTACACAGTCCG-1,0,0,0,0,0,0,0,0,0,0,0,0,0,0,0,0,0,0,0,3,0,0,0,0,2,3,0
I7,0:0.01/5:0.99,0:0.01/5:0.99,0,0,0,0,0,0:0.23/8:0.77,0,0,7,0,0,0,0,0,0,0,0,0:0.24/4:0.76,0,5,6,0,0:0.43/2:0.57,3,0
ATTCCATCAAAGGTTA-1,5,5,0,0,22,0,-1,-1,-1,1,7,0,0,8,0,0,4,0,-1,-1,-1,5,6,0,-1,-1,-1
I8,5,5,0,0,0,0,0,8,0,0,7,0,0,0,0,0,6,0,0,0:0.02/4:0.98,0,5,6,0,0:0.38/2:0.62,3,0
AACGTCAGTTCGGCGT-1,5,5,0,5,7,0,7,8,0,8,7,0,4,5,1,0,6,0,0,4,0,5,6,0,2,3,0
I9,5,5,0,0,0,0,0:0.01/5:0.99,8,0,0,7,0,0,0,0,0,6,0,0,0:0.01/4:0.99,0,5,6,0,0:0.01/-1:0.98/2:0.01,-1:0.98/3:0.02,0:0.02/-1:0.98
I10,5,5,0,0,0,0,5,8,0,0,7,0,0,0,0,0,6,0,0:0.01/-1:0.98/1:0.001/2:0.009/3:0.003/5:0.002/6:0.009/7:0.006/8:0.003/9:0.002/11:0.002/12:0.005/13:0.002/16:0.001/17:0.008,-1:0.98/4:0.02,0:0.01/-1:0.98/2:0.001,5,6,0,-1,-1,-1
I11,5,5,0,0,0,0,5,8,0,0,7,0,0,0,0,0,6,0,0:0.01/-1:0.98/1:0.001/2:0.009/3:0.003/5:0.002/6:0.009/7:0.006/8:0.003/9:0.002/11:0.002/12:0.005/13:0.002/16:0.001/17:0.008,-1:0.98/4:0.02,0:0.01/-1:0.98/2:0.001,5,6,0,-1,-1,-1
CACAGATGTAACTTCG-1,5,5,0,7,26,0,5,8,0,0,7,0,14,1,0,0,6,0,-1,-1,-1,5,6,0,-1,-1,-1
TGCACGGCAACACAGG-1,5,5,0,18,32,0,5,8,0,0,7,0,3,27,0,4,6,0,-1,-1,-1,5,6,0,-1,-1,-1
GTAGGAGAGGATATAC-1,5,5,0,1,41,8,-1,-1,-1,1,7,0,0,0,0,24,6,0,-1,-1,-1,5,6,0,-1,-1,-1
I12,5,5,0,0,0,0,5,8,0,0,7,0,0,0,0,0:0.03/4:0.97,6,0,0,4,0,5,6,0,-1,-1,-1
TATTGGGTCAATCCGA-1,5,5,0,4,6,0,5,8,0,0,7,0,0,8,0,4,6,0,0,4,0,5,6,0,-1,-1,-1
TACAACGAGCATTTGC-1,5,5,0,0,0,0,5,8,0,0,7,0,26,34,0,4,6,0,0,4,0,5,6,0,-1,-1,-1
I13,0:0.02/1:0.98,0:0.04/1:0.96,0,0,0:0.03/1:0.97,0,0,0,0,0,0,0,0,0:0.03/1:0.97,0,0,0,0,0:0.01/1:0.99,1,0,0:0.54/1:0.46,0:0.54/1:0.46,0,0:0.54/12:0.46,3,0
GTACAGTGTGGTCAAG-1,1,1,0,1,1,0,21,28,8,0,0,0,0,1,0,6,0,0,1,1,0,-1,-1,-1,12,3,0
AAAGGATGTTCCTACC-1,1,1,0,0,1,1,0,1,0,1,1,0,0,1,0,0,0,0,1,1,0,1,1,0,-1,-1,-1
I14,0,0,0,0,0,0,0,0:0.04/4:0.96,0,4,5,0,0,0,0,0,0,0,0,0:0.66/19:0.34,0,0,0,0,0,3,0
I15,0,0:0.05/3:0.95,0,0,0,0,0,4,0,4,5,0,0,0,0,0,0:0.05/4:0.95,0,0,0:0.38/19:0.62,0,0,0,0,0,3,0
ACGGAAGCATCTCCCA-1,0,3,0,9,12,0,0,4,0,4,5,0,0,15,0,6,4,0,-1,-1,-1,0,0,0,0,3,0
I16,0,3,0,0,0,0,3,4,0,4,5,0,0,0,0,3,4,0,0,0:0.05/19:0.95,0,0,0,0,0:0.02/2:0.98,3,0
I17,0:0.02/9:0.98,3,0,0,0,0,3,4,2,4,5,0,0:0.03/3:0.97,14,0,3,4,0,0,0:0.03/19:0.97,0,0,0,0,2,3,0
I18,9,3,0,0,0,0,3,4,2,4,5,0,3,14,0,3,4,0,0:0.07/-1:0.92/1:0.001/2:0.009/3:0.003/5:0.002/6:0.009/7:0.006/8:0.003/9:0.002/11:0.002/12:0.005/13:0.002/16:0.001/17:0.008,-1:0.92/19:0.08,0:0.07/-1:0.92/2:0.001,0,0:0.58/27:0.42,0,2,3,0
GCATGATCAGCGAGTA-1,9,3,0,0,0,0,3,4,2,4,5,0,3,14,0,3,4,0,-1,-1,-1,0,27,0,2,3,0
ACGCACGTCATCCTAT-1,9,3,0,-1,-1,-1,3,4,2,4,5,0,3,14,0,3,4,0,-1,-1,-1,-1,-1,-1,2,3,0
CTTCAATGTAAGGCCA-1,9,3,0,20,34,0,3,4,2,4,5,0,3,14,0,3,4,0,0,19,0,4,1,0,2,3,0
I19,0,3,0,0,0,0,3,4,0,4,5,0,4,5,0:0.04/1:0.96,3,4,0,0,0:0.04/19:0.96,0,0,0,0,2,3,0
I20,0,3,0,0,0,0,3,4,0,4,5,0,4,5,1,3,4,0,0:0.02/-1:0.97/1:0.001/2:0.009/3:0.003/5:0.002/6:0.009/7:0.006/8:0.003/9:0.002/11:0.002/12:0.005/13:0.002/16:0.001/17:0.008,-1:0.97/19:0.03,0:0.02/-1:0.97/2:0.001,0,0,0,2,3,0
I21,0,3,0,0,0,0,3,4,0:0.02/6:0.98,4,5,0,4,5,1,3,4,0,-1,-1,-1,0:0.08/-1:0.91/1:0.008/2:0.003/3:0.009/4:0.003/5:0.001/6:0.007/7:0.001/8:0.009/9:0.001/11:0.008/12:0.008/13:0.005/14:0.001/15:0.006/18:0.001/20:0.006/27:0.001,0:0.08/-1:0.91/1:0.009/2:0.003/3:0.009/4:0.009/5:0.008/6:0.001/7:0.008/8:0.003/9:0.001/11:0.005/12:0.001/14:0.003/15:0.001/16:0.006/18:0.001/19:0.001/21:0.001/23:0.002/24:0.006/26:0.005/27:0.005/30:0.004/32:0.002/33:0.003/34:0.003/35:0.001/36:0.001,0:0.08/-1:0.91/3:0.001/4:0.006,2,3,0
CTTACCGTCTTCGGTC-1,16,3,0,10,33,5,3,4,6,4,5,0,4,5,1,3,4,0,-1,-1,-1,-1,-1,-1,2,3,0
TAGATCGAGGTGCTGA-1,5,3,0,1,3,0,3,4,6,4,5,0,4,5,1,3,4,0,-1,-1,-1,-1,-1,-1,2,3,1
I22,3,3,0,0,0,0,3,4,0,4,5,0,4,5,1,3,4,0,-1,-1,-1,0,0,0,2,3,0
I23,3,3,0,0,0,0,3,4,0,4,5,0,4,5,1,3,4,0,-1,-1,-1,0,0,0,2,3,0
I24,3,3,0,0,0:0.78/16:0.22,0,3,4,0,4,5,0,4,5,1,3,4,0,-1,-1,-1,0,0:0.05/4:0.95,0,2,3,0
AACAGGGTCAATGTCG-1,3,3,0,-1,-1,-1,3,4,0,4,5,0,4,5,1,3,4,0,-1,-1,-1,0,4,0,2,3,0
CACTGAAGTATCGTGT-1,3,3,0,0,16,0,3,4,3,4,5,0,4,5,1,3,4,0,-1,-1,-1,17,4,2,2,3,0
I25,3,3,0,0,0,0,3,4,0,4,5,0,4,5,1,3,4,0,-1,-1,-1,0,0,0,2,3,0
TACTTGTAGAAGGTAG-1,3,3,0,0,0,0,3,4,0,4,5,3,4,5,1,3,4,0,-1,-1,-1,0,0,0,2,3,0
I26,3,3,0,0,0,0,3,4,0,4,5,0,4,5,1,3,4,0,-1,-1,-1,0,0,0,2,3,0
AGATGCTAGACGAAGA-1,3,3,0,13,1,0,3,4,0,4,5,0,4,5,1,3,4,2,-1,-1,-1,0,0,0,2,3,0
CTCATTATCAAGCTGT-1,3,3,0,0,3,0,3,4,0,4,5,0,4,5,1,3,4,0,-1,-1,-1,21,20,0,2,3,0
I27,3,3,0:0.42/2:0.58,0,0,0,3,4,0,4,5,0,4,5,1,3,4,0,-1,-1,-1,0,0,0,2,3,0
GACTCTCAGGCGAACT-1,3,3,2,-1,-1,-1,3,4,7,4,5,0,4,5,1,3,4,0,-1,-1,-1,0,8,0,2,3,0
I28,3,3,0:0.09/2:0.91,0,0,0,3,4,0,4,5,0,4,5,1,3,4,0,-1,-1,-1,0,0:0.03/1:0.97,0,2,3,0
TGGGTTACAATTGCCA-1,3,3,2,8,47,0,3,4,0,4,5,0,4,5,1,3,4,0,-1,-1,-1,0,1,0,2,3,0
ATCCATTAGCGGGTAT-1,3,3,2,1,19,0,3,4,0,4,5,0,4,5,1,3,4,0,-1,-1,-1,12,1,0,2,3,0
TTGCATTGTACTCGAT-1,3,3,0,0,24,0,3,4,0,4,5,0,4,5,1,3,4,0,0,19,0,0,36,0,2,3,0
TCGACCTCAGTCAGTT-1,19,24,0,7,20,0,24,4,9,4,5,0,25,14,0,26,29,0,-1,-1,-1,1,30,0,2,3,0
TCGGGCAAGTCCCGGT-1,2,1,0,26,45,0,6,7,0,9,30,0,2,3,0,5,2,0,0,29,0,2,2,0,-1,-1,-1
I29,0,0,0,0,0,0,0:0.23/16:0.77,0,0,0,0,0,0,0,0,0,0,0,0,0:0.95/3:0.05,0,0,0,0,0,0:0.87/12:0.13,0
TGGTACAAGCCTAACT-1,5,1,0,28,10,0,16,27,0,0,31,0,25,40,0,0,11,0,-1,-1,-1,3,32,0,-1,-1,-1
I30,0,17,0,0,0,0,0:0.01/16:0.99,0:0.02/11:0.98,0,0,0,0,0,0,0,0,0,0,0,0:0.61/3:0.39,0,16,17,0,0,12,0
TCTCACGCATCCTCAC-1,0,17,0,-1,-1,-1,16,11,0,-1,-1,-1,27,35,0,28,31,0,0,3,0,16,17,0,0,12,0
I31,0,17,0,0,0,0,16,11,0,0,0,0,0,0,0,0,0,0,0:0.01/-1:0.98/1:0.001/2:0.009/3:0.003/5:0.002/6:0.009/7:0.006/8:0.003/9:0.002/11:0.002/12:0.005/13:0.002/16:0.001/17:0.008,0:0.01/-1:0.98/3:0.01,0:0.01/-1:0.98/2:0.001,16,17,0,0,12,0
I32,0,17,0,0,0,0,16,11,0,0,0,0,2,3,0,0,0,0,-1,-1,-1,16,17,0,0,12,0
CAATTTCAGAGGGTGG-1,0,17,0,0,25,0,16,11,0,0,12,0,2,3,0,0,0,0,-1,-1,-1,16,17,0,0,12,0
TAAGCGTCATGACTTG-1,0,17,0,0,0,0,16,11,0,0,15,0,2,3,0,4,9,0,-1,-1,-1,16,17,0,0,12,0
I33,0,17,0,0:0.87/2:0.13,0:0.87/3:0.13,0,16,11,0,0,0,0,0,0,0,0,0:0.15/3:0.85,0,0:0.01/-1:0.99,-1:0.99/3:0.01,0:0.01/-1:0.99,16,17,0,0,12,0
TCAGGGCTCCTGTACC-1,0,17,0,-1,-1,-1,16,11,0,4,5,0,0,0,0,24,3,0,-1,-1,-1,16,17,0,13,12,0
GTTCCGTCACATTCGA-1,0,17,0,2,3,0,16,11,0,3,4,0,0,0,0,2,3,0,-1,-1,-1,16,17,0,3,12,0
((((CAGATCACATCTTCGC-1:5.403,GGGTAGACACATTCTT-1:5.403)I27:9.253,((((TGGTACAGTACTAACC-1:4.898,TCTATCACAGCCTACG-1:10.098)I26:1.105,((((AGTGATCTCGCTGTTC-1:3.055,CGAGGAACATCATGAC-1:2.792)I25:1.29,AGTGCCGCAAGGTTGG-1:3.082)I24:2.927,CTGTAGAAGTGTTCAC-1:4.965)I23:0.035,(CAATACGGTGCACAAG-1:4.064,GTGAGTTCACCACATA-1:3.064)I22:0.936)I21:0.003)I20:6.07,TACCCACAGTTGCATC-1:6.441)I19:5.082,((TCCCAGTAGTATGGCG-1:4.156,TTACCGCCACGACAGA-1:3.095)I18:3.956,(((GATGACTGTTGCGAAG-1:1.04,TCATGTTGTGTAGGAC-1:2.04)I17:2.966,CCCTGATGTTGCATGT-1:3.953)I16:0.049,(TTACGCCGTCGAATTC-1:4.001,TTGGGATCACACCGCA-1:3.929)I15:0.073)I14:3.024)I13:7.497)I12:1.477)I11:0,((GCCGTGATCTTCGATT-1:14.088,((TCAGTTTGTCTGCGCA-1:5.155,AGACACTAGTGCGCTC-1:8.218)I10:3.748,((CCTCAACGTATCGGTT-1:0.004,TTCACCGGTGTTAGCT-1:2.004)I9:2.012,(CGGGTCAGTAGCGAGT-1:1,TTGGGATCATTCTTCA-1:1)I8:1.016)I7:9.379)I6:4.345)I5:0.921,((CCTCAACGTGTTGACT-1:5.133,AAGTTCGTCAGGAACG-1:0.133)I4:8.525,GGAGATGCAGCGAGTA-1:10.139)I3:7.96)I2:0.99)I1:0)I0;
I0,0,0,0,0,0,0,0,0,0,0,0,0,0,0,0,0,0,0,0,0,0,0,0,0,0,0,0
I1,0,0,0,0,0,0,0,0,0,0,0,0,0,0,0,0,0,0,0,0,0,0,0,0,0,0,0
I2,0,0,0,0,0,0,0,0,0,0,0,0,0,0,0,0,0:0.01/7:0.99,0,0,0,0,0,0,0,0,0,0
I3,0:0.05/7:0.95,0:0.05/8:0.95,0,0:0.13/-1:0.84/1:0.027/3:0.014/4:0.006/5:0.006/6:0.003/7:0.021/8:0.026/9:0.003/10:0.006/11:0.002/12:0.025/13:0.024/14:0.008/16:0.001/17:0.002/21:0.01/22:0.005/23:0.002/24:0.025/25:0.018/26:0.001/27:0.008/28:0.008/29:0.001/30:0.006/31:0.004,0:0.13/-1:0.84/1:0.028/2:0.003/3:0.027/4:0.014/5:0.012/6:0.006/7:0.006/8:0.008/11:0.01/12:0.003/14:0.002/15:0.023/16:0.001/17:0.007/19:0.003/20:0.025/22:0.009/24:0.027/25:0.003/26:0.001/27:0.011/29:0.015/30:0.003/33:0.001/36:0.018/37:0.011/38:0.003/40:0.018/42:0.004/43:0.002/44:0.005/45:0.001/46:0.008/47:0.008/48:0.006,0:0.13/-1:0.84/1:0.002/5:0.001/7:0.017,9,0:0.05/6:0.95,0,0,0,0,0,0,0,0,7,0,0:0.63/16:0.37,0:0.63/27:0.37,0,0,0,0,0:0.63/4:0.37,0:0.63/10:0.37,0
GGAGATGCAGCGAGTA-1,7,8,0,-1,-1,-1,9,6,0,26,28,0,23,13,0,23,7,0,16,27,0,0,24,4,4,10,0
I4,7,8,0,-1,-1,-1,9,6,0,0,0,0,0,0,0,0,7,0,0:0.01/-1:0.98/16:0.01,0:0.01/-1:0.98/27:0.01,0:0.01/-1:0.98/2:0.001,0:0.01/3:0.99,7,0,0:0.01/-1:0.98/4:0.01,0:0.01/-1:0.98/10:0.01,0:0.01/-1:0.98/1:0.006
AAGTTCGTCAGGAACG-1,7,8,0,-1,-1,-1,9,6,0,0,0,0,0,0,0,0,7,0,-1,-1,-1,3,7,0,-1,-1,-1
CCTCAACGTGTTGACT-1,7,8,0,-1,-1,-1,9,6,0,21,23,0,-1,-1,-1,0,7,0,-1,-1,-1,3,7,0,-1,-1,-1
I5,0,0:0.2/12:0.8,0,0,0,0,0,0,0,0,0,0,0,0,0,0,7,0,0:0.95/15:0.05,0:0.95/26:0.05,0,0,0,0,0,0,0
I6,0,0:0.01/12:0.99,0,0,0,0,0,0:0.5/4:0.5,0,0,0,0,0,0,0,0:0.04/10:0.96,7,0,0:0.1/-1:0.88/15:0.02,0:0.1/-1:0.88/26:0.02,0:0.1/-1:0.88/2:0.002,0,0,0,0,0,0
I7,0,12,0,0,29,0,-1,-1,-1,0,22,0,0,12,0,10,7,0,-1,-1,-1,0,19,0,6,13,0
I8,0,12,0,0,29,0,-1,-1,-1,22,22,0,0,12,0,10,7,0,-1,-1,-1,0,19,0,6,13,0
TTGGGATCATTCTTCA-1,7,12,0,0,29,0,-1,-1,-1,22,22,0,0,12,0,10,7,0,-1,-1,-1,0,19,0,6,13,0
CGGGTCAGTAGCGAGT-1,0,12,0,17,29,0,-1,-1,-1,22,22,0,0,12,0,10,7,0,-1,-1,-1,0,19,0,6,13,0
I9,5,12,0,0,29,0,-1,-1,-1,20,22,0,0,12,0,10,7,0,-1,-1,-1,0,19,0,6,13,0
TTCACCGGTGTTAGCT-1,5,12,0,31,29,0,-1,-1,-1,20,22,0,5,12,0,10,7,0,-1,-1,-1,0,19,0,6,13,0
CCTCAACGTATCGGTT-1,5,12,0,0,29,0,-1,-1,-1,20,22,0,0,12,0,10,7,0,-1,-1,-1,0,19,0,6,13,0
I10,0,12,0,0,0,0,0,0:0.03/4:0.97,0,0:0.06/8:0.94,0:0.06/6:0.94,0,0:0.65/27:0.35,0:0.65/35:0.35,0,10,7,0,0:0.01/-1:0.98/15:0.01,0:0.01/-1:0.98/26:0.01,0:0.02/-1:0.98,0,0,0,0,0:0.65/21:0.35,0
AGACACTAGTGCGCTC-1,11,12,0,0,16,0,0,4,0,8,6,0,-1,-1,-1,10,7,0,-1,-1,-1,0,0,0,-1,-1,-1
TCAGTTTGTCTGCGCA-1,0,12,0,0,44,0,5,4,0,8,6,0,27,35,0,10,7,0,-1,-1,-1,0,29,0,0,21,0
GCCGTGATCTTCGATT-1,3,12,0,0,38,0,5,6,0,25,6,0,22,32,0,22,7,0,15,26,0,0,0,0,-1,-1,-1
I11,0,0,0,0,0,0,0,0,0,0,0,0,0,0,0,0,0,0,0,0,0,0,0,0,0,0,0
I12,0,0,0,0,0,0,0,0,0,0,0,0,0,0,0,0,0,0,0:0.3/2:0.7,0:0.22/3:0.78,0,0,0,0,0,0,0
I13,0,0:0.01/12:0.99,0,0,8,0,0,0:0.01/23:0.99,0,19,18,0,18,25,0,0,0,0,2,3,0,0,0,0,0,0,0
I14,0,12,0,0,8,0,0,23,0,19,18,0,18,25,0,0,0,0,2,3,0,0,0,0,-1,-1,-1
I15,0,12,0,0,8,0,0,23,0,19,18,0,18,25,0,0:0.98/30:0.02,0:0.98/20:0.02,0:0.98/3:0.02,2,3,0,0,0,0,-1,-1,-1
TTGGGATCACACCGCA-1,0,12,0,0,8,0,0,23,0,19,18,0,18,25,0,30,20,3,2,3,0,0,4,0,-1,-1,-1
TTACGCCGTCGAATTC-1,0,12,0,0,8,0,0,23,0,19,18,0,18,25,0,-1,-1,-1,2,3,0,0,35,0,-1,-1,-1
I16,0,12,0,0,8,0,0,23,0,19,18,0,18,25,0,0,0,0,2,3,0,0:0.98/2:0.02,0:0.98/2:0.02,0,-1,-1,-1
CCCTGATGTTGCATGT-1,0,12,0,0,8,0,0,23,0,19,18,0,18,25,0,1,2,0,2,3,0,2,2,0,-1,-1,-1
I17,0,12,0,0,8,0,0,23,0,19,18,0,18,25,0,0,0,0,2,3,0,0:0.01/-1:0.99,0:0.01/-1:0.99,0:0.01/-1:0.99,-1,-1,-1
TCATGTTGTGTAGGAC-1,0,12,0,0,8,0,0,23,0,19,18,0,18,25,0,0,4,4,2,3,0,-1,-1,-1,-1,-1,-1
GATGACTGTTGCGAAG-1,0,12,0,0,8,0,0,23,0,19,18,0,18,25,0,0,27,0,2,3,0,-1,-1,-1,-1,-1,-1
I18,0,12,0,0,8,0,0,23,0,19,18,0,18,25,0,0:0.04/-1:0.95/1:0.003/3:0.001/4:0.009/5:0.001/6:0.008/8:0.001/10:0.008/13:0.002/14:0.007/18:0.003/21:0.005/24:0.009/26:0.008,0:0.04/-1:0.95/1:0.009/3:0.009/4:0.009/5:0.001/7:0.003/9:0.008/10:0.001/11:0.008/12:0.005/13:0.004/14:0.005/15:0.004/19:0.004/21:0.003/23:0.001/24:0.005/25:0.001/26:0.001,0:0.04/-1:0.95/2:0.006,2,3,0,0:0.47/12:0.53,0:0.47/3:0.53,0,0,0,0
TTACCGCCACGACAGA-1,0,12,0,0,8,0,0,23,0,19,18,0,18,25,0,-1,-1,-1,2,3,0,12,3,0,4,5,0
TCCCAGTAGTATGGCG-1,0,12,0,0,8,0,0,23,0,19,18,0,18,25,0,-1,-1,-1,2,3,0,-1,-1,-1,0,22,0
I19,0,0:0.02/2:0.98,0,0,0,0,0,0:0.04/6:0.96,0,0,16,0,0,0,0,0:0.01/8:0.99,0:0.01/10:0.99,0,0:0.21/2:0.79,0:0.16/3:0.84,0,0,0,0,0,0,0
TACCCACAGTTGCATC-1,0,2,0,0,8,0,0,6,0,0,16,0,18,25,0,8,10,0,2,3,0,-1,-1,-1,0,0,0
I20,0,2,0,0,0,0,0,6,0,0,16,0,0,0,0,8,10,0,-1,-1,-1,0,0,0,-1,-1,-1
I21,0,2,0,0,0,0,0,6,0,0,16,0,0,0,0,8,10,0,-1,-1,-1,0,0,0,-1,-1,-1
I22,0,2,0,0,0,0,0:0.06/5:0.94,6,0,0,16,0,0,0,0,8,10,0,-1,-1,-1,0,0,0,-1,-1,-1
GTGAGTTCACCACATA-1,0,2,0,0,31,0,5,6,0,0,16,0,0,0,0,8,10,0,-1,-1,-1,2,2,0,-1,-1,-1
CAATACGGTGCACAAG-1,0,2,0,0,24,0,5,6,0,0,16,0,0,23,0,8,10,0,-1,-1,-1,15,16,0,-1,-1,-1
I23,0,2,0,0,0,0,0,6,0,0,16,0,0,0,0,8,10,0,-1,-1,-1,0:0.98/3:0.02,0:0.98/5:0.02,0,-1,-1,-1
CTGTAGAAGTGTTCAC-1,5,2,0,14,0,0,0,6,0,0,16,0,0,28,0,8,10,0,-1,-1,-1,3,5,0,-1,-1,-1
I24,0,2,0,0,0,0,0,6,0,0,16,0,0,0,0,8,10,0,-1,-1,-1,0:0.02/-1:0.97/3:0.01,0:0.02/-1:0.97/5:0.01,0:0.02/-1:0.97/3:0.001/4:0.006,-1,-1,-1
AGTGCCGCAAGGTTGG-1,0,2,0,4,6,0,0,6,0,0,16,0,0,8,0,8,10,0,-1,-1,-1,-1,-1,-1,-1,-1,-1
I25,0,2,0,0,0:0.74/30:0.26,0,0:0.05/5:0.95,6,0,0,16,0,0,0,0,8,10,0,-1,-1,-1,-1,-1,-1,-1,-1,-1
CGAGGAACATCATGAC-1,0,2,0,0,30,0,5,6,0,0,16,0,3,26,0,8,10,0,-1,-1,-1,-1,-1,-1,-1,-1,-1
AGTGATCTCGCTGTTC-1,0,2,0,-1,-1,-1,5,6,0,0,16,0,0,0,0,8,10,0,-1,-1,-1,-1,-1,-1,-1,-1,-1
I26,0,2,0,0:0.9/29:0.1,0:0.9/27:0.1,0,0:0.1/6:0.9,6,0,0,16,0,0,0,0,8,10,0,-1,-1,-1,0,0,0,-1,-1,-1
TCTATCACAGCCTACG-1,7,2,0,-1,-1,-1,6,6,0,7,16,0,29,38,5,8,10,0,-1,-1,-1,12,24,0,-1,-1,-1
TGGTACAGTACTAACC-1,0,2,0,29,27,0,6,6,0,0,16,0,31,41,0,8,10,0,-1,-1,-1,0,33,0,-1,-1,-1
I27,0,0:0.01/1:0.99,0,0,0:0.34/27:0.66,0,0,16,0,0,0:0.02/6:0.98,0,0,0,0,0:0.02/4:0.98,0:0.01/12:0.99,0,0,10,0,18,18,0,0,0:0.34/20:0.66,0
GGGTAGACACATTCTT-1,11,1,0,-1,-1,-1,5,16,0,0,6,0,0,0,0,4,12,0,0,10,0,18,18,0,0,20,0
CAGATCACATCTTCGC-1,0,1,0,0,27,0,0,16,0,0,6,0,15,24,0,4,12,0,0,10,0,18,18,0,-1,-1,-1
(((GCCAACGCATCATCTT-1:1,(AGGAATATCACTCCGT-1:12.904,((AGGGCTCCAGCGTTGC-1:6.144,TGAGCATAGCAGTAAT-1:7.144)I10:2.975,(GATCACACATACTTTC-1:9.071,TGCGACGTCTATACTC-1:6.857)I9:2.263)I8:2.938)I7:2.096)I6:0,((AATGGAAGTACTAACC-1:11.11,(AGCTTCCAGCACGTCC-1:7.109,(AATGCCAGTCCCGGTA-1:6.656,TCGTCCATCGTTCTCG-1:6.656)I5:3.513)I4:0)I3:5.939,(AGACTCACACAATTCG-1:0.358,GTACAACAGTTAACAG-1:12.356)I2:3.755)I1:1.957)10:0)I0;
I0,0,0,0,0,0,0,0,0,0,0,0,0,0,0,0,0,0,0,0,0,0,0,0,0,0,0,0
10,0,0,0,0,0,0,0,0,0,0,0,0,0,0,0,0,0,0,0,0,0,0,0,0,0,0,0
I1,0,0,0,0,0,0,0,0,0,0,0,0,0,0,0,0,0,0,0,6,0,0,0:0.04/4:0.96,0,0,0,0
I2,0,0,0,0,0,0,0,0,0,0,0,0,0,0,0,0,0:0.02/12:0.98,0,0,6,0,0,4,0,0:0.09/-1:0.89/1:0.012/2:0.017/3:0.017/4:0.018/5:0.012/6:0.001/7:0.004/8:0.005/9:0.001/10:0.007/11:0.002/13:0.014,0:0.09/-1:0.89/1:0.018/2:0.015/3:0.008/4:0.002/5:0.007/6:0.008/7:0.012/10:0.018/11:0.018/13:0.001/14:0.004/15:0.005/16:0.005/17:0.005/18:0.002/19:0.017/20:0.001/21:0.01/22:0.006/23:0.002/24:0.01,0:0.09/-1:0.89/1:0.011
GTACAACAGTTAACAG-1,9,1,0,0,0,7,2,27,0,0,12,0,5,33,0,0,12,0,-1,-1,-1,1,4,0,-1,-1,-1
AGACTCACACAATTCG-1,0,0,0,0,0,0,0,0,0,0,0,0,0,0,0,0,12,0,0,6,0,0,4,0,-1,-1,-1
I3,0,1,0:0.07/2:0.93,0:0.01/-1:0.99,0:0.01/-1:0.99,0:0.01/-1:0.99,0,0,0,0,6,0,0,0,0,0,0,0,0,6,0,0,4,0,0,0,0
I4,0,1,0:0.07/2:0.93,0:0.01/-1:0.99,0:0.01/-1:0.99,0:0.01/-1:0.99,0,0,0,0,6,0,0,0,0,0,0,0,0,6,0,0,4,0,0,0,0
I5,0,1,0:0.02/2:0.98,-1,-1,-1,0,0,0,0:0.07/3:0.93,6,0,0,0,0,0,0,0,0,6,0,0,4,0,0:0.17/-1:0.81/1:0.012/2:0.017/3:0.017/4:0.018/5:0.012/6:0.001/7:0.004/8:0.005/9:0.001/10:0.007/11:0.002/13:0.014,0:0.17/-1:0.81/6:0.02,0:0.17/-1:0.81/1:0.011
TCGTCCATCGTTCTCG-1,0,1,2,-1,-1,-1,0,0,0,3,6,0,2,3,0,27,30,5,0,6,0,12,4,0,-1,-1,-1
AATGCCAGTCCCGGTA-1,0,1,2,-1,-1,-1,-1,-1,-1,3,6,0,0,10,0,6,8,0,0,6,0,0,4,0,-1,-1,-1
AGCTTCCAGCACGTCC-1,0,1,2,-1,-1,-1,14,6,0,0,6,0,0,12,0,-1,-1,-1,0,6,0,0,4,0,0,6,0
AATGGAAGTACTAACC-1,0,1,2,-1,-1,-1,10,10,0,9,6,0,7,11,2,0,9,0,4,6,0,3,4,0,4,5,0
I6,0,0,0,0,0,0,0,0,0,0,0,0,0,0,0,0,0,0,0,0,0,0,0,0,0,0,0
I7,0,0,0,0,0,0,0,0,0,0:0.02/14:0.98,0:0.02/14:0.98,0,0,0,0,0,0,0,0,0,0,0,0,0,0,0:0.86/9:0.14,0
I8,0,0,0,0,0,0,0,0,0,14,14,0,0,0,0,0,0,0,0,0,0,0,0,0,0:0.03/-1:0.96/1:0.006/2:0.008/3:0.009/4:0.009/5:0.006/6:0.001/7:0.002/8:0.003/10:0.003/11:0.001/13:0.007,0:0.03/-1:0.96/9:0.01,0:0.03/-1:0.96/1:0.006
I9,0,0,0,0,0:0.79/31:0.21,0,0,0,0,14,14,0,0,0,0,0,0,0,14,0:0.04/25:0.96,0,0,0,0,0:0.01/-1:0.99,0:0.01/-1:0.99,0:0.01/-1:0.99
TGCGACGTCTATACTC-1,0,7,0,0,31,0,10,32,0,14,14,0,0,0,0,4,2,0,14,25,0,0,1,0,-1,-1,-1
GATCACACATACTTTC-1,0,3,0,-1,-1,-1,0,0,0,14,14,0,0,13,0,14,26,0,14,25,0,22,23,0,-1,-1,-1
I10,0:0.06/5:0.94,0:0.01/10:0.99,0,0,0,0,0,0,0,14,14,0,0,0:0.05/13:0.95,0,0,0,0,0,0,0,0,0,0,0:0.01/-1:0.99,-1:0.99/9:0.01,0:0.01/-1:0.99
TGAGCATAGCAGTAAT-1,5,10,0,0,0,0,0,0,0,14,14,0,5,13,0,4,5,0,0,29,0,26,31,5,-1,-1,-1
AGGGCTCCAGCGTTGC-1,5,10,0,0,0,0,0,15,0,14,14,0,0,13,0,12,3,0,7,14,0,13,0,0,-1,-1,-1
AGGAATATCACTCCGT-1,0,12,0,0,15,0,4,14,0,14,14,0,0,0,0,-1,-1,-1,-1,-1,-1,12,12,0,0,9,0
GCCAACGCATCATCTT-1,0,0,0,0,0,0,0,0,0,0,0,0,0,0,0,0,0,0,0,0,0,0,0,0,0,17,0
(((((ACGTAACGTTGTACGT-1:0.213,GAGAAATTCGCTCATC-1:3.018)I17:17.831,((TTCCTTCCAATGTCAC-1:3.342,(AGTGATCTCCTTATAC-1:5.106,AAGTCGTAGGACCCAA-1:0.575)I16:3.454)I15:8.687,(TTGACCCGTAACCCGC-1:3.771,(GAACGTTCATCCTTCG-1:2.01,(TCAGTTTCAGTCCGTG-1:3.01,CACAACACAAAGGATT-1:4.01)I14:0)I13:3.084)I12:13.277)I11:0.011)I10:0.96,GATGCTACAAGTACCT-1:10)I9:0,(((TCCCAGTCACTGATTG-1:4.483,(GAGGCAAGTCGGAAAC-1:2.058,TAACCAGCAAAGGTTA-1:2.058)I8:4.123)I7:5.146,(((TAAGTCGGTCTTGTCC-1:2.077,ATCGCCTAGATCGCCC-1:5.077)I6:0.929,TAGGGTTCAGTGGCTC-1:5.006)I5:1.069,GGAGCAACACATGAAA-1:5.075)I4:2.942)I3:3.232,ATCCCTGCAGTAGGAC-1:16.008)I2:3.17)I1:0)I0;
I0,0,0,0,0,0,0,0,0,0,0,0,0,0,0,0,0,0,0,0,0,0,0,0,0,0,0,0
I1,0,0,0,0,0,0,0,0,0,0,0,0,0,0,0,0,0,0,0,0,0,0,0,0,0,0,0
I2,0,0,0,0,0,0,0,17,0,15,17,0,0,0,0,0,0,0,0,0:0.82/28:0.18,0,0,0,0,0,0,0
ATCCCTGCAGTAGGAC-1,0,15,3,8,1,0,15,17,0,15,17,0,2,3,0,16,16,0,-1,-1,-1,-1,-1,-1,0,11,0
I3,0,0,0,0:0.01/14:0.99,0,0,0,17,0,15,17,0,12,20,0,0,0,0,0,0:0.59/28:0.41,0,0,0,0,0,0,0
I4,0,0,0,14,0,0,0,17,0,15,17,0,12,20,0,0,0,0,0:0.02/-1:0.98,0:0.01/-1:0.98/28:0.01,0:0.02/-1:0.98,0,0,0,0,0,0
GGAGCAACACATGAAA-1,0,2,0,14,29,0,0,17,0,15,17,0,12,20,0,0,0,0,-1,-1,-1,0,0,0,-1,-1,-1
I5,0,0,0,14,0,0,0,17,0,15,17,0,12,20,0,0,17,0,-1,-1,-1,0,0,0,0,0,0
TAGGGTTCAGTGGCTC-1,0,0,0,14,0,0,0,17,0,15,17,0,12,20,0,0,17,0,-1,-1,-1,24,28,0,-1,-1,-1
I6,0:0.08/3:0.92,0,0,14,0,0,0,17,0,15,17,0,12,20,0,0,17,0,-1,-1,-1,0,0,0,0,0,0
ATCGCCTAGATCGCCC-1,3,2,0,14,0,0,0,17,0,15,17,0,12,20,0,0,17,0,-1,-1,-1,-1,-1,-1,0,11,0
TAAGTCGGTCTTGTCC-1,3,7,0,14,42,0,0,17,0,15,17,0,12,20,0,0,17,0,-1,-1,-1,0,0,0,0,0,0
I7,0,15,3,14,0,0,0,17,0,15,17,0,12,20,0,0,0,0,0,0:0.31/28:0.69,0,0,0,0,0:0.05/-1:0.94/1:0.006/2:0.008/3:0.009/4:0.009/5:0.006/6:0.001/7:0.002/8:0.003/10:0.003/11:0.001/13:0.007,0:0.05/-1:0.94/1:0.009/2:0.008/3:0.004/4:0.001/5:0.003/6:0.004/7:0.006/10:0.009/11:0.009/13:0.001/14:0.002/15:0.003/16:0.003/17:0.002/18:0.001/19:0.008/20:0.001/21:0.005/22:0.003/23:0.001/24:0.005,0:0.05/-1:0.94/1:0.006
I8,0,15,3,14,29,0,0,17,0,15,17,0,12,20,0,0,0,0,0:0.01/-1:0.98/1:0.001/2:0.009/3:0.003/5:0.002/6:0.009/7:0.006/8:0.003/9:0.002/11:0.002/12:0.005/13:0.002/16:0.001/17:0.008,-1:0.98/28:0.02,0:0.01/-1:0.98/2:0.001,0,0,0,-1,-1,-1
TAACCAGCAAAGGTTA-1,0,15,3,14,29,0,0,17,0,15,17,0,12,20,0,0,0,0,-1,-1,-1,3,3,0,-1,-1,-1
GAGGCAAGTCGGAAAC-1,0,15,3,14,29,0,0,17,0,15,17,0,12,20,0,0,0,0,-1,-1,-1,15,16,0,-1,-1,-1
TCCCAGTCACTGATTG-1,0,15,3,14,42,0,0,17,0,15,17,0,12,20,0,0,17,0,0,28,0,25,1,0,-1,-1,-1
I9,0,0,0,0,0,0,0,0,0,0,0,0,0,0,0,0,0,0,0,0,0,0,0,0,0,0,0
GATGCTACAAGTACCT-1,0,20,0,0,0,0,0,0,0,0,27,0,0,0,0,21,28,0,0,24,2,0,24,0,-1,-1,-1
I10,0,0,0,0,0,0,0:0.04/5:0.96,0,0,0,0,0,0,0,0,0,0,0,0,0,0,0,0,0,0,0,0
I11,0,0,0,0,0,0,0:0.03/5:0.97,0,0,0,0,0,0,0,0,0,0,0,0,0,0,0,0,0,0,0,0
I12,0:0.01/-1:0.98/1:0.005/2:0.001/3:0.009/4:0.003/5:0.008/7:0.009/9:0.008/10:0.001/11:0.008/12:0.001/14:0.001/15:0.002/16:0.006/17:0.001/19:0.006/20:0.001,0:0.01/-1:0.98/1:0.009/2:0.004/3:0.008/4:0.006/5:0.004/7:0.008/8:0.009/10:0.001/11:0.001/12:0.009/13:0.001/17:0.001/19:0.002/20:0.003/22:0.003/23:0.003/24:0.006/25:0.004/27:0.001,0:0.01/-1:0.98/1:0.001/2:0.006,0,15,0,5,0:0.01/4:0.99,0,17,20,0,0:0.01/14:0.99,1,0,18,0:0.01/3:0.99,0,0,0,0,0,3,0,0:0.34/4:0.66,0:0.34/5:0.66,0
I13,-1,-1,-1,0,15,0,5,4,0,17,20,0,14,1,0,18,3,0,0,0,0,0,3,0,-1,-1,-1
I14,-1,-1,-1,0,15,0,5,4,0,17,20,0,14,1,0,18,3,0,0,0,0,0,3,0,-1,-1,-1
CACAACACAAAGGATT-1,-1,-1,-1,-1,-1,-1,5,4,0,17,20,0,14,1,0,18,3,0,0,18,0,0,3,0,-1,-1,-1
TCAGTTTCAGTCCGTG-1,-1,-1,-1,0,15,0,5,4,0,17,20,0,14,1,0,18,3,0,-1,-1,-1,0,3,0,-1,-1,-1
GAACGTTCATCCTTCG-1,-1,-1,-1,0,15,0,5,4,0,17,20,0,14,1,0,18,3,0,0,24,2,0,3,0,-1,-1,-1
TTGACCCGTAACCCGC-1,-1,-1,-1,0,15,0,5,4,0,17,20,0,14,1,0,18,3,0,-1,-1,-1,0,3,0,4,5,0
I15,0,0,0,0,8,0,5,9,0,0,8,0,0,0:0.01/8:0.99,0,0,2,0,0,0:0.01/5:0.99,0,2,2,0,0,0:0.32/23:0.68,0
I16,0,0:0.47/7:0.53,0,0,8,0,5,9,0,0,8,0,0,8,0,0,2,0,0,5,0,2,2,0,0:0.03/-1:0.96/1:0.006/2:0.008/3:0.009/4:0.009/5:0.006/6:0.001/7:0.002/8:0.003/10:0.003/11:0.001/13:0.007,0:0.01/-1:0.96/23:0.03,0:0.03/-1:0.96/1:0.006
AAGTCGTAGGACCCAA-1,0,7,0,0,8,0,5,9,0,0,8,0,0,8,0,0,2,0,0,5,0,2,2,0,-1,-1,-1
AGTGATCTCCTTATAC-1,-1,-1,-1,8,8,0,5,9,0,0,8,0,0,8,0,15,2,0,0,5,0,2,2,0,-1,-1,-1
TTCCTTCCAATGTCAC-1,0,1,0,24,8,0,5,9,0,0,8,0,0,8,0,6,2,0,0,5,0,2,2,0,0,23,0
I17,0,11,0,11,4,0,5,12,0,7,10,1,0,10,0,6,7,1,0:0.1/5:0.9,0:0.1/9:0.9,0,10,10,0,-1,-1,-1
GAGAAATTCGCTCATC-1,0,11,0,11,4,0,5,12,0,7,10,1,0,10,0,6,7,1,-1,-1,-1,10,10,0,-1,-1,-1
ACGTAACGTTGTACGT-1,0,11,0,11,4,0,5,12,0,7,10,1,0,10,0,6,7,1,5,9,0,10,10,0,-1,-1,-1
((CCCATTGTCCGGGACT-1:18,((TCGGATAGTGACTAAA-1:8.044,(TCCCACAAGGGAGATA-1:6.044,(ACAGGGATCTGTGTGA-1:5.001,((TCAGCCTTCCGTTTCG-1:3.001,GCACGTGTCTTGCAAG-1:3.001)I15:0,TTACCATTCGCGTTTC-1:3.001)I14:0)I13:3.043)I12:0)I11:11.968,(GAGTTACAGTCTTGGT-1:16,(AATGACCGTCACTACA-1:19,(((((TGTAAGCTCAGCAATC-1:2.007,CCAATTTCACCCTAAA-1:1.007)I10:2.026,(ACTTATCGTCGCTGCA-1:3.005,TTCTAACGTATTGACC-1:3.005)I9:1.028)I8:2.997,CTACTATTCCGTATGA-1:6.41)I7:2.155,TGTTGGATCCGCAAAT-1:8.057)I6:7.158,TGTGCGGTCGGTGTAT-1:20)I5:0.089)I4:0.09)I3:0.049)I2:0.029)I1:0.019)I0;
I0,0,0,0,0,0,0,0,0,0,0,0,0,0,0,0,0,0,0,0,0,0,0,0,0,0,0,0
I1,0,0,0,0,0,0,0,0,0,0,0:0.98/6:0.02,0,0,0,0,0,0,0,0,0,0,0,0,0,0,0,0
I2,0,0,0,0,0,0,0,0,0,0,0:0.96/6:0.04,0,0,0,0,0,0,0,0,0:0.99/23:0.01,0,0,0,0,0,0,0
I3,0,0,0,0,0,0,0,0:0.98/10:0.02,0,0,0:0.94/6:0.06,0,0,0,0,0,0,0,0,0:0.98/23:0.02,0,0,0,0,0,0,0
I4,0,0,0,0,0,0,0,0:0.96/10:0.04,0,0,0:0.92/6:0.08,0,0,0,0,0,0,0,0,0:0.97/23:0.03,0,0,0,0,0:0.98/5:0.02,0:0.98/7:0.02,0
I5,0,0,0,0,0,0,0,0:0.94/10:0.06,0,0,0:0.9/6:0.1,0,0,0,0,0,0,0,0,0:0.96/23:0.04,0,0,0,0,0:0.96/5:0.04,0:0.96/7:0.04,0
TGTGCGGTCGGTGTAT-1,0,9,0,0,9,0,-1,-1,-1,-1,-1,-1,0,19,0,-1,-1,-1,-1,-1,-1,7,8,0,-1,-1,-1
I6,0,0:0.01/3:0.99,0,0,0:0.01/15:0.99,0,0,0:0.01/10:0.99,0,0,0:0.01/6:0.99,0,0,0,0,0,0,0,0,0:0.51/23:0.49,0,0,0:0.01/1:0.99,0,0:0.01/5:0.99,0:0.01/7:0.99,0
TGTTGGATCCGCAAAT-1,0,3,0,12,15,0,2,10,0,0,6,0,1,2,0,0,13,0,-1,-1,-1,0,1,0,5,7,0
I7,0,3,0,0,15,0,0,10,0,0,6,0,0,16,0:0.02/3:0.98,0,0,0,0,0:0.38/23:0.62,0,0,1,0,5,7,0
CTACTATTCCGTATGA-1,0,3,0,19,15,0,0,10,0,11,6,0,0,16,3,-1,-1,-1,0,23,0,20,1,0,5,7,0
I8,0,3,0,0,15,0,0,10,0,0,6,0,0,16,3,0,0,0,0:0.01/-1:0.99,-1:0.99/23:0.01,0:0.01/-1:0.99,0,1,0,5,7,0
I9,0,3,0,0,15,0,0,10,0,11,6,0,0,16,3,0,0,0,-1,-1,-1,0,1,0,5,7,0
TTCTAACGTATTGACC-1,0,3,0,0,15,0,0,10,0,11,6,0,0,16,3,0,0,0,-1,-1,-1,0,1,0,-1,-1,-1
ACTTATCGTCGCTGCA-1,3,3,0,0,15,0,0,10,0,11,6,0,0,16,3,6,1,0,-1,-1,-1,0,1,0,5,7,0
I10,0,3,0,0,15,0,0:0.01/2:0.99,10,0,0,6,0,16,16,3,0,0,0,-1,-1,-1,0,1,0,5,7,0
CCAATTTCACCCTAAA-1,0,3,0,0,15,0,2,10,0,0,6,0,16,16,3,0,11,0,-1,-1,-1,0,1,0,5,7,0
TGTAAGCTCAGCAATC-1,0,3,0,0,15,0,2,10,0,0,6,0,16,16,3,6,12,0,-1,-1,-1,0,1,0,5,7,0
AATGACCGTCACTACA-1,0,9,0,0,9,0,-1,-1,-1,-1,-1,-1,6,9,0,0,1,0,-1,-1,-1,7,8,0,-1,-1,-1
GAGTTACAGTCTTGGT-1,0,9,0,0,9,0,-1,-1,-1,-1,-1,-1,0,0,0,0,4,0,-1,-1,-1,7,8,0,9,1,0
I11,0,9,0,0,9,0,0,0,0,-1,-1,-1,0,0,0,0,0,0,-1,-1,-1,0,8,0,-1,-1,-1
I12,0,9,0,0,9,0,0,0,0,-1,-1,-1,0,0,0,0,0,0,-1,-1,-1,0,8,0,-1,-1,-1
I13,0,9,0,0,9,0,-1,-1,-1,-1,-1,-1,0,0,0,0,0,0,-1,-1,-1,0,8,0,-1,-1,-1
I14,0,9,0,0,9,0,-1,-1,-1,-1,-1,-1,0,0,0,0,0,0,-1,-1,-1,0,8,0,-1,-1,-1
TTACCATTCGCGTTTC-1,21,9,0,0,9,0,-1,-1,-1,-1,-1,-1,0,8,0,0,1,0,-1,-1,-1,0,8,0,-1,-1,-1
I15,0,9,0,0,9,0,-1,-1,-1,-1,-1,-1,0,0,0,0,0,0,-1,-1,-1,0,8,0,-1,-1,-1
GCACGTGTCTTGCAAG-1,0,9,0,0,9,0,-1,-1,-1,-1,-1,-1,0,10,0,4,4,0,-1,-1,-1,0,8,0,-1,-1,-1
TCAGCCTTCCGTTTCG-1,0,9,0,0,9,0,-1,-1,-1,-1,-1,-1,0,0,0,-1,-1,-1,-1,-1,-1,0,8,0,-1,-1,-1
ACAGGGATCTGTGTGA-1,0,9,0,7,9,0,-1,-1,-1,-1,-1,-1,0,12,0,7,9,0,-1,-1,-1,8,8,0,-1,-1,-1
TCCCACAAGGGAGATA-1,0,9,0,0,9,0,22,29,0,-1,-1,-1,28,36,0,6,1,0,-1,-1,-1,0,8,0,-1,-1,-1
TCGGATAGTGACTAAA-1,0,9,0,0,9,0,4,6,0,-1,-1,-1,-1,-1,-1,-1,-1,-1,-1,-1,-1,0,8,0,-1,-1,-1
CCCATTGTCCGGGACT-1,0,9,0,16,9,0,12,7,0,-1,-1,-1,17,7,0,1,2,0,11,20,0,0,8,0,-1,-1,-1
