[&R] (((((CAGCAATCATCCCACT-1:9.061,((((((((TCGACCTAGGTCACTT-1:1.168,GAGTCTAGTCAAAGAT-1:3.001)I57:1.832,((TTGCGTCTCGCAGTGC-1:2.024,AGGTGTTTCCCGAGAC-1:2.024)I56:0.976,(CACAGGCTCCGTCACT-1:2,((TCATCATGTAACATGA-1:1.007,TCACAAGGTAGGTAGC-1:1.007)I55:0.993,(ATGCATGTCCACTTTA-1:2,CCATAAGTCATGACAC-1:1)I54:0)I53:0)I52:0)I51:0)I50:0,((TCGCTCACAAGCGCAA-1:0,ATAGAGACAGACGCTC-1:0)I49:1.387,TGGAGGAGTAGATTGA-1:4.028)I48:1.613)I47:0,TGTTGAGTCCGAAGGA-1:4)I46:1.002,(((((((CCTCTCCAGTGTTCCA-1:1.005,GTTGCGGCAGATCACT-1:1.005)I45:0.995,TTCACGCGTACTGCGC-1:0)I44:0.02,TGTAACGGTAGTATAG-1:6.021)I43:0.979,(GGGTCTGGTTGGGATG-1:3,(CCTAAGATCCAGGACC-1:2,((AACGGGATCTTGCAGA-1:1.012,TGACCCTGTTTCGTTT-1:2.012)I42:0.869,ATGCGATCACCTGCGA-1:3)I41:0.119)I40:0)I39:0)I38:0,TTCTAGTCACACTTAG-1:6)I37:0,CTCATCGTCCCGAAAT-1:3)I36:0,((ACGGGTCTCGGCCCAA-1:1.009,CTGTAGATCTCTTGCG-1:1.009)I35:1.063,GGTTAACGTGGCAACA-1:3.071)I34:2.935)I33:0.002)I32:2.999,(GCAACCGAGGTACATA-1:1,TTACCGCGTAGCTCGC-1:3)I31:0.001)I30:1,AGCTCAAAGGGTTAGC-1:6.001)I29:0.002,(GCTTTCGGTCCTTAAG-1:5.31,TCCGGGATCCGAAATC-1:4.31)I28:3.726)I27:1.059)I26:8.022,(((((TGCAGTATCCGCGATG-1:4.006,CCTACGTTCACTCGAA-1:2.006)I25:0.009,TAACGACTCTCGGCTT-1:3.015)I24:3.006,CCTACGTCATCAGTGT-1:0.859)I23:1.195,ATCACAGGTTACCGTA-1:2.053)I22:3.035,TATGTTCGTTATCTTC-1:3.496)I21:6.621)I20:0.046,(((ATCACGATCATGGATC-1:0.02,AGCCACGGTCATCCCT-1:2.02)I19:4.224,CATACAGCATAGCTGT-1:3.501)I18:3.652,AGCATCATCCGTCAAA-1:4.982)I17:13.16)I16:2.889,(((CGATGGCGTTTGCAGT-1:5.698,CAACCAAAGGTCCTGC-1:6.407)I15:3.441,(CACCGTTGTACAACGG-1:3.056,((((AACCTTTAGTTGTAAG-1:4,AGGACGAAGGTCACCC-1:3)I14:0,CGCAGGTCATACATCG-1:4)I13:0.002,TTACGCCAGATTGCGG-1:5.002)I12:0.999,((GGGTAGAGTCAAAGCG-1:8,(GACTTCCCACACACGC-1:3.043,TGCTCGTTCCATACAG-1:3.043)I11:0.957)I10:0.001,((CATCCGTGTCAAGCGA-1:3,ATGGAGGAGGTAGACC-1:3)I9:0.001,GTCAGCGGTTGGGATG-1:4.001)I8:1)I7:1)I6:1.055)I5:3.061)I4:3.913,(AGTACCAGTGAGATCG-1:4.54,CTCCGATGTCTACGTA-1:5.665)I3:3.083)I2:4.721)I1:0.02)I0;
I0,0,0,0,0,0,0,0,0,0,0,0,0,0,0,0,0,0,0,0,0,0,0,0,0,0,0,0,0,0,0
I1,0,0,0,0,0,0,0,0,0,0,0,0,0,0,0,0,0,0,0,0,0,0,0,0,0,0,0,0:0.99/1:0.01,0:0.99/2:0.01,0
I2,0,5,0,0,0:0.01/1:0.99,0,0,0,0,0,0,0,0,0,0,0,0,0,0,0,0,0,5,0,0,2,0,0:0.62/1:0.38,0:0.62/2:0.38,0
I3,0,5,0,0,1,0,0,0,0,0,4,0,0,0,0,0,0,0,0,0:0.51/4:0.49,0,0:0.03/3:0.97,5,0,0,2,0,0:0.32/1:0.68,0:0.32/2:0.68,0
CTCCGATGTCTACGTA-1,0,5,0,0,1,0,0,0,0,2,4,0,0,4,0,0,0,0,-1,-1,-1,3,5,0,0,2,0,1,2,0
AGTACCAGTGAGATCG-1,0,5,0,0,1,0,0,0,0,0,4,0,0,0,0,0,13,0,0,4,0,3,5,0,0,2,0,-1,-1,-1
I4,0,5,0,0,1,0,0,0,0,0,0,0,0,4,0,0,0,0,0,0,0,0,5,0,0,2,0,0:0.02/-1:0.96/1:0.02,0:0.02/-1:0.96/2:0.02,0:0.03/-1:0.96/1:0.01
I5,0,5,0,0,1,0,0,0,0,0,0,0,0,4,0,0,0,0,0:0.02/-1:0.98,0:0.02/-1:0.98,0:0.02/-1:0.98,0,5,0,0,2,0,-1,-1,-1
I6,0,5,0,0,1,0,0,0,0,0,4,0,0,4,0,0,0,0,-1,-1,-1,0,5,0,0,2,0,-1,-1,-1
I7,0,5,0,0,1,0,0,0,0,0,4,0,0,4,0,0,0,0,-1,-1,-1,0,5,2,0,2,0,-1,-1,-1
I8,0,5,0,15,1,0,0,0,0,0,4,0,0,4,0,0,0,0,-1,-1,-1,0,5,2,0,2,0,-1,-1,-1
GTCAGCGGTTGGGATG-1,0,5,0,15,1,0,2,3,0,0,4,0,0,4,0,26,31,0,-1,-1,-1,0,5,2,0,2,0,-1,-1,-1
I9,0,5,0,15,1,0,0,0,0,0,4,0,0,4,0,0,0,0,-1,-1,-1,0,5,2,0,2,0,-1,-1,-1
ATGGAGGAGGTAGACC-1,0,5,0,15,1,0,14,8,0,0,4,0,0,4,0,0,17,0,-1,-1,-1,0,5,2,0,2,0,-1,-1,-1
CATCCGTGTCAAGCGA-1,0,5,0,15,1,0,0,19,3,0,4,0,0,4,0,0,22,0,-1,-1,-1,0,5,2,0,2,0,-1,-1,-1
I10,0,5,0,0,1,0,0,0,0,0,4,0,0,4,0,0,0,0,-1,-1,-1,0,5,2,0,2,0,-1,-1,-1
I11,0,5,0,0,1,0,0,0,0,0:0.04/2:0.96,4,0,0,4,0,0,0,0,-1,-1,-1,0,5,2,0,2,0,-1,-1,-1
TGCTCGTTCCATACAG-1,0,5,0,13,1,0,0,35,0,2,4,0,0,4,0,0,24,0,-1,-1,-1,0,5,2,0,2,0,-1,-1,-1
GACTTCCCACACACGC-1,0,5,0,0,1,0,10,27,0,2,4,0,0,4,0,0,17,0,-1,-1,-1,0,5,2,0,2,0,-1,-1,-1
GGGTAGAGTCAAAGCG-1,0,5,0,0,1,0,-1,-1,-1,9,4,0,0,4,0,-1,-1,-1,-1,-1,-1,18,5,2,0,2,0,-1,-1,-1
I12,0,5,0,0,1,0,0,0,0,0,4,0,0,4,0,0,0,0,-1,-1,-1,3,5,0,0,2,0,-1,-1,-1
TTACGCCAGATTGCGG-1,0,5,0,0,1,0,0,0,0,0,4,0,0,4,7,0,13,0,-1,-1,-1,3,5,0,-1,-1,-1,-1,-1,-1
I13,0,5,0,0,1,0,0,0,0,0,4,0,0,4,0,0,0,0,-1,-1,-1,3,5,0,0,2,0,-1,-1,-1
CGCAGGTCATACATCG-1,0,5,0,0,1,0,0,2,0,0,4,0,0,4,0,22,27,2,-1,-1,-1,3,5,0,0,2,0,-1,-1,-1
I14,0,5,0,0,1,0,0,0,0,0,4,0,0,4,0,0,0,0,-1,-1,-1,3,5,0,0,2,0,-1,-1,-1
AGGACGAAGGTCACCC-1,0,5,0,11,1,0,0,0,0,0,4,0,9,4,0,0,17,0,-1,-1,-1,3,5,0,0,2,0,-1,-1,-1
AACCTTTAGTTGTAAG-1,0,5,0,0,1,0,3,4,0,0,4,0,0,4,0,4,4,0,-1,-1,-1,3,5,0,0,2,0,-1,-1,-1
CACCGTTGTACAACGG-1,0,5,0,0,1,0,0,0,0,0,0,0,0,4,0,3,3,0,-1,-1,-1,0,5,0,0,2,1,-1,-1,-1
I15,0,5,0,0,1,0,0,0,0,0:0.65/20:0.35,0:0.65/27:0.35,0,0,4,0,0,0,0,0,0,0,0,5,0,0:0.12/-1:0.87/1:0.001/2:0.008/5:0.001/6:0.009/7:0.007/8:0.008/11:0.006/12:0.009/13:0.006,-1:0.87/2:0.13,0:0.12/-1:0.87/1:0.001,-1,-1,-1
CAACCAAAGGTCCTGC-1,0,5,0,0,1,0,0,0,0,-1,-1,-1,8,4,0,0,0,0,7,7,0,0,5,0,-1,-1,-1,-1,-1,-1
CGATGGCGTTTGCAGT-1,0,5,0,0,1,0,0,24,0,20,27,0,0,4,0,21,26,0,0,5,0,0,5,0,-1,-1,-1,-1,-1,-1
I16,0,0,0,0,0,0,0,0,0,0,0,0,0,0,0,0,0,0,0,0,0,0,0,0,0,0,0,0:0.04/-1:0.96,0:0.04/-1:0.96,0:0.04/-1:0.96
I17,0,0,0,0:0.01/2:0.99,0:0.01/9:0.99,0,0,0,0,0,0:0.01/16:0.99,0,0:0.01/8:0.99,11,0,14,0:0.01/11:0.99,0,0:0.02/-1:0.97/1:0.003/2:0.005/3:0.009/4:0.007/6:0.003/7:0.009/9:0.008/10:0.008/11:0.003/12:0.002/13:0.001/14:0.001,0:0.02/-1:0.97/1:0.001/2:0.005/3:0.003/4:0.008/5:0.009/7:0.009/8:0.003/9:0.001/10:0.001/12:0.001/13:0.003/15:0.005/16:0.008/17:0.006/18:0.003/19:0.002/20:0.001/21:0.009/22:0.001/23:0.001/24:0.001/25:0.005,0:0.02/-1:0.97/2:0.001,0:0.01/6:0.99,0:0.01/13:0.99,0,0:0.42/5:0.58,0:0.42/8:0.58,0,-1,-1,-1
AGCATCATCCGTCAAA-1,8,16,2,2,9,0,0,2,0,0,16,0,8,11,0,14,11,0,-1,-1,-1,6,13,0,5,8,0,-1,-1,-1
I18,0,0,0,2,9,0,0:0.63/17:0.37,0:0.63/18:0.37,0,0,16,0,8,11,0,14,11,0,-1,-1,-1,6,13,0,0:0.03/-1:0.92/5:0.05,0:0.03/-1:0.92/8:0.05,0:0.07/-1:0.92/1:0.001,-1,-1,-1
CATACAGCATAGCTGT-1,11,2,0,2,9,0,17,18,0,0,16,0,8,11,0,14,11,0,-1,-1,-1,6,13,0,-1,-1,-1,-1,-1,-1
I19,0,0,0,2,9,0,-1:0.99/17:0.01,-1:0.99/18:0.01,-1:0.99/2:0.001/3:0.001/5:0.006,2,16,0,8,11,0,14,11,0,-1,-1,-1,6,13,0,-1,-1,-1,-1,-1,-1
AGCCACGGTCATCCCT-1,9,17,0,2,9,0,-1,-1,-1,2,16,0,8,11,0,14,11,0,-1,-1,-1,6,13,0,-1,-1,-1,-1,-1,-1
ATCACGATCATGGATC-1,0,0,0,2,9,0,-1,-1,-1,2,16,0,8,11,0,14,11,0,-1,-1,-1,6,13,0,-1,-1,-1,-1,-1,-1
I20,0,0,0,0,0,0,0,0,0,0,0,0,0,0,0,0,0,0,0,0,0,0,0:0.98/6:0.02,0,0,0,0,0:0.03/-1:0.97,0:0.03/-1:0.97,0:0.03/-1:0.97
I21,0,3,0,0,0,0,0,0,0,0,2,0,0,0,0,0,20,0,0,0,0,0:0.02/-1:0.97/1:0.008/3:0.009/4:0.008/5:0.002/6:0.009/9:0.006/10:0.006/12:0.001/15:0.001/18:0.008/19:0.002/20:0.003/21:0.007/25:0.001/27:0.001/28:0.005/29:0.001,0:0.02/-1:0.97/6:0.01,0:0.02/-1:0.97/3:0.001/5:0.001,0,0:0.41/21:0.59,0,-1,-1,-1
TATGTTCGTTATCTTC-1,0,3,0,0,0,0,0,0,0,0,2,0,0,0,0,0,20,0,-1,-1,-1,-1,-1,-1,0,21,0,-1,-1,-1
I22,0,3,0,0,0,0,0,0,0,0,2,0,0,0,0,0,20,0,0,0,0,-1,-1,-1,0:0.02/-1:0.98,0:0.01/-1:0.98/21:0.01,0:0.02/-1:0.98,-1,-1,-1
ATCACAGGTTACCGTA-1,0,3,0,0,0,0,0,1,0,0,2,0,0,0,0,0,20,0,0,12,0,-1,-1,-1,-1,-1,-1,-1,-1,-1
I23,0,3,0,0,0,0,0,0:0.84/2:0.16,0,0,2,0,0,0,0,0,20,0,0,0:0.02/2:0.98,0,-1,-1,-1,-1,-1,-1,-1,-1,-1
CCTACGTCATCAGTGT-1,0,3,0,0,0,0,0,2,0,0,2,0,0,0,0,0,20,0,0,2,0,-1,-1,-1,-1,-1,-1,-1,-1,-1
I24,0,3,0,0,0,0,-1,-1,-1,0,2,0,0,0,0,0,20,0,0,2,0,-1,-1,-1,-1,-1,-1,-1,-1,-1
TAACGACTCTCGGCTT-1,0,3,0,31,31,8,-1,-1,-1,0,2,0,0,0,0,0,20,0,0,2,0,-1,-1,-1,-1,-1,-1,-1,-1,-1
I25,0,3,0,0,0,0,-1,-1,-1,0,2,0,0,0,0,0,20,0,0,2,0,-1,-1,-1,-1,-1,-1,-1,-1,-1
CCTACGTTCACTCGAA-1,0,3,0,18,24,0,-1,-1,-1,0,2,0,0,0,0,0,20,0,0,2,0,-1,-1,-1,-1,-1,-1,-1,-1,-1
TGCAGTATCCGCGATG-1,0,3,0,0,2,0,-1,-1,-1,0,2,0,0,0,0,0,20,0,-1,-1,-1,-1,-1,-1,-1,-1,-1,-1,-1,-1
I26,0,0,0,0,0,0,0:0.01/-1:0.98/2:0.002/4:0.009/5:0.002/7:0.008/8:0.008/9:0.006/10:0.009/11:0.008/12:0.003/13:0.001/15:0.003/16:0.001/18:0.001/21:0.003/22:0.007/23:0.002/25:0.001,0:0.01/-1:0.98/1:0.008/3:0.009/5:0.009/6:0.002/7:0.001/8:0.009/9:0.001/10:0.005/11:0.005/13:0.001/14:0.002/16:0.003/17:0.001/19:0.001/20:0.004/21:0.001/23:0.001/24:0.008/27:0.001/29:0.002/30:0.001/31:0.001/32:0.002/37:0.004,0:0.01/-1:0.98/2:0.001/3:0.001/5:0.006,0:0.01/2:0.99,4,0,2,5,0,0,0,0,0,0,0,0,6,0,0,0,0,-1,-1,-1
I27,0,0,0,0,0,0,-1,-1,-1,2,4,0,2,5,0,0,0,0,0,4,0,0,6,0,0,0,0,-1,-1,-1
I28,0,0,0,0,0,0,-1,-1,-1,2,4,0,2,5,0,0,0,0,0:0.02/11:0.98,4,0,0,6,0,0:0.09/-1:0.9/1:0.001/2:0.008/5:0.001/6:0.009/7:0.007/8:0.008/11:0.006/12:0.009/13:0.006,0:0.09/-1:0.9/1:0.006/2:0.002/3:0.001/4:0.009/7:0.004/8:0.001/9:0.005/10:0.004/11:0.003/13:0.008/14:0.004/16:0.001/18:0.009/19:0.006/20:0.001/21:0.003/23:0.001/25:0.008/27:0.009/28:0.003,0:0.09/-1:0.9/1:0.001,-1,-1,-1
TCCGGGATCCGAAATC-1,0,5,0,10,16,0,-1,-1,-1,2,4,0,2,5,0,0,17,0,11,4,0,0,6,0,-1,-1,-1,-1,-1,-1
GCTTTCGGTCCTTAAG-1,21,32,0,2,9,0,-1,-1,-1,2,4,0,2,5,0,0,24,0,11,4,0,0,6,0,-1,-1,-1,-1,-1,-1
I29,0,0,0,0,0,0,-1,-1,-1,2,4,0,2,5,0,0,0,0,0,4,0,0,6,0,0,0,0,-1,-1,-1
AGCTCAAAGGGTTAGC-1,0,5,0,3,11,0,-1,-1,-1,2,4,0,2,5,0,15,16,0,0,4,0,0,6,0,0,1,0,-1,-1,-1
I30,0,0,0,0,0,0,-1,-1,-1,2,4,0,2,5,0,0,5,0,0,4,0,0,6,0,0,0,0,-1,-1,-1
I31,0,0,0,0,0,0,-1,-1,-1,2,4,0,2,5,0,0,5,0,0,4,0,0,6,0,0,0,0,-1,-1,-1
TTACCGCGTAGCTCGC-1,0,42,0,0,0,0,-1,-1,-1,2,4,0,2,5,0,0,5,0,0,4,0,0,6,0,8,11,0,-1,-1,-1
GCAACCGAGGTACATA-1,0,7,0,0,0,0,-1,-1,-1,2,4,0,2,5,0,0,5,0,0,4,0,0,6,0,0,0,0,-1,-1,-1
I32,0,0,0,0,0,0,-1,-1,-1,2,4,0,2,5,0,0,5,0,0,4,0,0,6,0,-1,-1,-1,-1,-1,-1
I33,0,0,0,0,0,0,-1,-1,-1,2,4,0,2,5,0,0,5,0,0,4,0,0,6,0,-1,-1,-1,-1,-1,-1
I34,0,0,0,0:0.02/-1:0.98,0:0.02/-1:0.98,0:0.02/-1:0.98,-1,-1,-1,2,4,0,2,5,0,0,5,0,0,4,0,0,6,0,-1,-1,-1,-1,-1,-1
GGTTAACGTGGCAACA-1,-1,-1,-1,-1,-1,-1,-1,-1,-1,2,4,0,2,5,0,0,5,0,0,4,0,0,6,0,-1,-1,-1,-1,-1,-1
I35,0,0,0,-1,-1,-1,-1,-1,-1,2,4,0,2,5,0,0:0.01/11:0.99,5,0,0,4,0,0,6,0,-1,-1,-1,-1,-1,-1
CTGTAGATCTCTTGCG-1,0,7,0,-1,-1,-1,-1,-1,-1,2,4,0,2,5,0,11,5,0,0,4,0,0,6,0,-1,-1,-1,-1,-1,-1
ACGGGTCTCGGCCCAA-1,0,14,0,-1,-1,-1,-1,-1,-1,2,4,0,2,5,0,11,5,0,0,4,0,0,6,0,-1,-1,-1,-1,-1,-1
I36,0,0,0,0,0,0,-1,-1,-1,2,4,0,2,5,0,0,5,0,0,4,0,0,6,0,-1,-1,-1,-1,-1,-1
CTCATCGTCCCGAAAT-1,0,7,0,20,26,0,-1,-1,-1,2,4,0,2,5,0,0,5,0,0,4,0,0,6,0,-1,-1,-1,-1,-1,-1
I37,0,0,0,0,0,0,-1,-1,-1,2,4,0,2,5,0,0,5,0,0,4,0,0,6,0,-1,-1,-1,-1,-1,-1
TTCTAGTCACACTTAG-1,31,19,0,0,0,0,-1,-1,-1,2,4,0,2,5,0,11,5,0,-1,-1,-1,0,6,0,-1,-1,-1,-1,-1,-1
I38,0,0,0,0,0,0,-1,-1,-1,2,4,0,2,5,0,0,5,0,0,4,0,0,6,0,-1,-1,-1,-1,-1,-1
I39,0,0,0,0,0,0,-1,-1,-1,2,4,0,2,5,0,0,5,0,0,4,0,0,6,0,-1,-1,-1,-1,-1,-1
I40,0,0,0,0,0,0,-1,-1,-1,2,4,0,2,5,0,0,5,0,0,4,0,0,6,0,-1,-1,-1,-1,-1,-1
I41,0,0,0,0,0:0.88/2:0.12,0,-1,-1,-1,2,4,0,2,5,0,0,5,0,0,4,0,0,6,0,-1,-1,-1,-1,-1,-1
ATGCGATCACCTGCGA-1,0,0,0,-1,-1,-1,-1,-1,-1,2,4,0,2,5,0,0,5,0,0,4,0,0,6,0,-1,-1,-1,-1,-1,-1
I42,0,0,0,0,0:0.01/2:0.99,0,-1,-1,-1,2,4,0,2,5,0,0,5,0,0,4,0,0,6,0,-1,-1,-1,-1,-1,-1
TGACCCTGTTTCGTTT-1,0,28,0,27,2,0,-1,-1,-1,2,4,0,2,5,0,0,5,0,0,4,0,0,6,0,-1,-1,-1,-1,-1,-1
AACGGGATCTTGCAGA-1,0,6,0,0,2,0,-1,-1,-1,2,4,0,2,5,0,0,5,0,0,4,0,0,6,0,-1,-1,-1,-1,-1,-1
CCTAAGATCCAGGACC-1,0,24,0,0,0,0,-1,-1,-1,2,4,0,2,5,0,19,5,0,0,4,0,0,6,0,-1,-1,-1,-1,-1,-1
GGGTCTGGTTGGGATG-1,22,34,0,0,0,0,-1,-1,-1,2,4,0,2,5,0,25,5,0,0,4,0,0,6,0,-1,-1,-1,-1,-1,-1
I43,0,0,0,0,0,0,-1,-1,-1,2,4,0,2,5,0,0:0.02/3:0.98,5,0,0,4,0,0,6,0,-1,-1,-1,-1,-1,-1
TGTAACGGTAGTATAG-1,0,41,7,-1,-1,-1,-1,-1,-1,2,4,0,2,5,0,3,5,0,7,4,0,0,6,0,-1,-1,-1,-1,-1,-1
I44,0,0,0,0,0,0,-1,-1,-1,2,4,0,2,5,0,3,5,0,0,4,0,0,6,0,-1,-1,-1,-1,-1,-1
TTCACGCGTACTGCGC-1,0,0,0,0,0,0,-1,-1,-1,2,4,0,2,5,0,3,5,0,0,4,0,0,6,0,-1,-1,-1,-1,-1,-1
I45,0,0:0.01/1:0.99,0,0,0,0,-1,-1,-1,2,4,0,2,5,0,3,5,0,0,4,0,0,6,0,-1,-1,-1,-1,-1,-1
GTTGCGGCAGATCACT-1,15,1,0,0,0,0,-1,-1,-1,2,4,0,2,5,0,3,5,0,0,4,0,0,6,0,-1,-1,-1,-1,-1,-1
CCTCTCCAGTGTTCCA-1,0,1,0,0,0,0,-1,-1,-1,2,4,0,2,5,0,3,5,0,7,4,0,0,6,0,-1,-1,-1,-1,-1,-1
I46,0,5,0,0,0,0,-1,-1,-1,2,4,0,2,5,0,0,5,0,0,4,0,0,6,0,-1,-1,-1,-1,-1,-1
TGTTGAGTCCGAAGGA-1,0,5,0,31,31,8,-1,-1,-1,2,4,0,2,5,0,19,5,0,0,4,0,0,6,0,-1,-1,-1,-1,-1,-1
I47,0,5,0,0,0,0,-1,-1,-1,2,4,0,2,5,0,0,5,0,0,4,0,0,6,0,-1,-1,-1,-1,-1,-1
I48,0,5,0,0:0.68/9:0.32,0:0.68/13:0.32,0,-1,-1,-1,2,4,0,2,5,0,0:0.03/3:0.97,5,0,0,4,0,0,6,0,-1,-1,-1,-1,-1,-1
TGGAGGAGTAGATTGA-1,28,5,0,-1,-1,-1,-1,-1,-1,2,4,0,2,5,0,3,5,0,0,4,0,0,6,0,-1,-1,-1,-1,-1,-1
I49,0,5,0,9,13,0,-1,-1,-1,2,4,0,2,5,0,3,5,0,0,4,0,0,6,0,-1,-1,-1,-1,-1,-1
ATAGAGACAGACGCTC-1,0,5,0,9,13,0,-1,-1,-1,2,4,0,2,5,0,3,5,0,0,4,0,0,6,0,-1,-1,-1,-1,-1,-1
TCGCTCACAAGCGCAA-1,0,5,0,9,13,0,-1,-1,-1,2,4,0,2,5,0,3,5,0,0,4,0,0,6,0,-1,-1,-1,-1,-1,-1
I50,0,5,0,0,0,0,-1,-1,-1,2,4,0,2,5,0,0,5,0,0,4,0,0,6,0,-1,-1,-1,-1,-1,-1
I51,0,5,0,0,0,0,-1,-1,-1,2,4,0,2,5,0,0,5,0,0,4,0,0,6,0,-1,-1,-1,-1,-1,-1
I52,0,5,0,0,0,0,-1,-1,-1,2,4,0,2,5,0,0,5,0,0,4,0,0,6,0,-1,-1,-1,-1,-1,-1
I53,0,5,0,0,0,0,-1,-1,-1,2,4,0,2,5,0,0,5,0,0,4,0,0,6,0,-1,-1,-1,-1,-1,-1
I54,0,5,0,0,0,0,-1,-1,-1,2,4,0,2,5,0,0,5,0,0,4,0,0,6,0,-1,-1,-1,-1,-1,-1
CCATAAGTCATGACAC-1,0,5,0,0,6,0,-1,-1,-1,2,4,0,2,5,0,0,5,0,0,4,0,0,6,0,-1,-1,-1,-1,-1,-1
ATGCATGTCCACTTTA-1,0,5,0,14,19,0,-1,-1,-1,2,4,0,2,5,0,0,5,0,0,4,0,0,6,0,-1,-1,-1,-1,-1,-1
I55,0,5,0,0,0,0,-1,-1,-1,2,4,0,2,5,0,0:0.01/11:0.99,5,0,0,4,0,0,6,0,-1,-1,-1,-1,-1,-1
TCACAAGGTAGGTAGC-1,0,5,0,0,33,0,-1,-1,-1,2,4,0,2,5,0,11,5,0,0,4,0,0,6,0,-1,-1,-1,-1,-1,-1
TCATCATGTAACATGA-1,0,5,0,0,34,0,-1,-1,-1,2,4,0,2,5,0,11,5,0,0,4,0,0,6,0,-1,-1,-1,-1,-1,-1
CACAGGCTCCGTCACT-1,0,5,0,0,21,0,-1,-1,-1,2,4,0,2,5,0,17,5,0,0,4,0,0,6,0,-1,-1,-1,-1,-1,-1
I56,0,5,0,0,0:0.02/2:0.98,0,-1,-1,-1,2,4,0,2,5,0,0,5,0,0,4,0,0,6,0,-1,-1,-1,-1,-1,-1
AGGTGTTTCCCGAGAC-1,0,5,0,12,2,0,-1,-1,-1,2,4,0,2,5,0,16,5,0,0,4,0,0,6,0,-1,-1,-1,-1,-1,-1
TTGCGTCTCGCAGTGC-1,0,5,0,26,2,0,-1,-1,-1,2,4,0,2,5,0,23,5,0,0,4,0,0,6,0,-1,-1,-1,-1,-1,-1
I57,0,5,0,0:0.58/3:0.42,0:0.58/1:0.42,0,-1,-1,-1,2,4,0,2,5,0,23,5,0,0,4,0,0,6,0,-1,-1,-1,-1,-1,-1
GAGTCTAGTCAAAGAT-1,0,5,0,-1,-1,-1,-1,-1,-1,2,4,0,2,5,0,23,5,0,0,4,0,0,6,0,-1,-1,-1,-1,-1,-1
TCGACCTAGGTCACTT-1,0,5,0,3,1,0,-1,-1,-1,2,4,0,2,5,0,23,5,0,0,4,0,0,6,0,-1,-1,-1,-1,-1,-1
CAGCAATCATCCCACT-1,0,23,0,16,23,5,-1,-1,-1,2,4,0,2,5,0,0,21,0,0,5,0,0,6,0,-1,-1,-1,-1,-1,-1
