[&R] (((TGAACGTAGCAAACAT-1:21.335,((((GACTGATTCACCTTAT-1:6.18,TGGGTTAGTTCAAGTC-1:1.765)I19:3.396,GTTTACTAGGCAGCTA-1:6.754)I18:6.286,(AGAACAAGTAACGCGA-1:5.011,((GATGACTCAAGTGTCT-1:3.022,GTGCACGAGGAGGGTG-1:2.022)I17:3.585,ACATCCCTCCAAGCTA-1:5.157)I16:3.422)I15:0.017)I14:3.094,(CTCAACCGTGAAGCTG-1:8.308,CATCCCACACGCTGTG-1:5.7)I13:5.085)I12:3.176)I11:1.926,((((((CTCAGGGCATACATCG-1:2.014,TCACGGGTCGATCCAA-1:1.014)I10:0.993,TTGTTCAAGCCATCCG-1:2.007)I9:4.068,TGTTGGAAGTGCCCGT-1:7.075)I8:5.909,((GGATGTTGTGGATACG-1:10.424,TTCTTCCTCGTGGGTC-1:10.424)I7:0.608,(TTCCGGTGTAATGATG-1:15.029,GGCAGTCTCCGATAGT-1:9.029)I6:0.003)I5:2.975)I4:0.022,TTCATGTTCGTGGAAG-1:13.006)I3:0.023,GTGTTAGAGGTTCCAT-1:18.029)I2:5.975)I1:0.054)I0;
I0,0,0,0,0,0,0,0,0,0,0,0,0,0,0,0,0,0,0,0,0,0,0,0,0,0,0,0,0,0,0
I1,0,0,0,0,0,0,0,0,0,0,0,0,0,0,0,0,0,0,0:0.95/3:0.05,0,0,0,0,0,0,0,0,0,0,0
I2,0,0,0,0,0,0,0,0,0,0,0,0,0,0,0,0,0,0,-1,-1,-1,0,0,0,0,0,0,-1,-1,-1
GTGTTAGAGGTTCCAT-1,24,37,0,-1,-1,-1,2,30,5,29,26,0,0,7,0,26,18,0,-1,-1,-1,1,15,3,14,22,0,-1,-1,-1
I3,0,0,0,0,0,0,0,0,0,0,0,0,0,0,0,0,0,0,-1,-1,-1,0,0,0,0,0,0,-1,-1,-1
TTCATGTTCGTGGAAG-1,29,43,0,39,40,0,10,5,9,19,37,0,0,2,0,0,0,0,-1,-1,-1,3,2,0,0,27,0,-1,-1,-1
I4,0,0,0,0,0,0,0,0,0,0,0,0,0,0,0,0,0,0,-1,-1,-1,0,0,0,0,0:0.98/18:0.02,0,-1,-1,-1
I5,0,0,0,0,0,0,0,0,0,0,0,0,0,0,0,0,0,0,-1,-1,-1,0,0,0,0:0.01/-1:0.99,0:0.01/-1:0.99,0:0.01/-1:0.99,-1,-1,-1
I6,0,0,0,0,0,0,0,0,0,0,0,0,0,0,0,0,0,0,-1,-1,-1,0,0,0,0:0.01/-1:0.99,0:0.01/-1:0.99,0:0.01/-1:0.99,-1,-1,-1
GGCAGTCTCCGATAGT-1,0,33,4,0,29,0,22,5,0,27,32,0,0,27,0,0,0,0,-1,-1,-1,0,15,0,-1,-1,-1,-1,-1,-1
TTCCGGTGTAATGATG-1,30,44,0,40,41,0,4,8,0,0,38,0,24,33,0,-1,-1,-1,-1,-1,-1,4,42,4,-1,-1,-1,-1,-1,-1
I7,0,0,0,0,0,0,0,0,0,0,0,0,0,0:0.4/7:0.6,0,0,0,0,-1,-1,-1,0,0,0,0:0.01/-1:0.99,0:0.01/-1:0.99,0:0.01/-1:0.99,-1,-1,-1
TTCTTCCTCGTGGGTC-1,0,45,0,0,42,0,11,30,0,0,26,0,25,7,0,31,38,0,-1,-1,-1,0,43,5,-1,-1,-1,-1,-1,-1
GGATGTTGTGGATACG-1,10,10,0,24,7,0,4,0,0,26,0,0,0,7,0,6,17,0,-1,-1,-1,3,3,0,-1,-1,-1,-1,-1,-1
I8,18,10,0,0,0,0,0:0.03/4:0.97,0,0,0,0,0,0,21,0,0,0,0,-1,-1,-1,0,0:0.02/3:0.98,0,0,0:0.02/18:0.98,0,-1,-1,-1
TGTTGGAAGTGCCCGT-1,18,10,0,10,16,0,4,0,0,0,0,0,0,21,0,-1,-1,-1,-1,-1,-1,6,3,0,8,18,0,-1,-1,-1
I9,18,10,0,19,7,0,4,0,0,20,0,0,0,21,0,0,0,0,-1,-1,-1,0,3,0,12,18,0,-1,-1,-1
TTGTTCAAGCCATCCG-1,18,10,0,19,7,0,4,0,0,20,0,0,27,21,0,0,0,0,-1,-1,-1,6,3,0,12,18,0,-1,-1,-1
I10,18,10,0,19,7,0,4,0,0,20,0,0,0,21,0,0,0,0,-1,-1,-1,0:0.01/1:0.99,3,0,12,18,0,-1,-1,-1
TCACGGGTCGATCCAA-1,18,10,0,19,7,0,4,0,0,20,0,6,0,21,0,0,0,0,-1,-1,-1,1,3,0,12,18,0,-1,-1,-1
CTCAGGGCATACATCG-1,18,10,0,19,7,0,4,0,0,20,0,0,0,21,0,6,28,0,-1,-1,-1,1,3,0,12,18,0,-1,-1,-1
I11,0,0,0,0,0,0,0,0,0,0,0,0,0,0,0,0,0,0,0:0.23/3:0.77,0,0,0,0:0.11/3:0.89,0,0,0:0.68/4:0.32,0,0,0,0
I12,0,10,0,0,7,0,0,0,0,0,0,0,0,0,0,0,0,0,0:0.11/3:0.89,0,0,0,3,0,0,0:0.01/4:0.99,0,0,0:0.72/1:0.28,0
I13,0,10,0,17,7,0,18,0,0,0,0,0,0,0,0,0,0,0,0:0.01/-1:0.9/3:0.09,0:0.08/-1:0.9/1:0.002/2:0.01/3:0.005/4:0.017/5:0.018/7:0.018/8:0.007/9:0.002/10:0.002/12:0.001/13:0.005/15:0.01/16:0.015/17:0.012/18:0.006/19:0.004/20:0.002/21:0.018/22:0.002/23:0.003/24:0.002/25:0.011,0:0.08/-1:0.9/2:0.002,0,3,0,0,4,0,0,0:0.39/1:0.61,0
CATCCCACACGCTGTG-1,10,10,0,17,7,0,18,0,0,19,0,0,0,0,0,-1,-1,-1,-1,-1,-1,0,3,0,0,4,0,0,1,0
CTCAACCGTGAAGCTG-1,0,10,0,17,7,0,18,0,0,23,0,3,0,7,0,0,0,0,-1,-1,-1,3,3,0,11,4,0,-1,-1,-1
I14,0,10,0,0,7,0,0,0,0,0,0,0,0,0,0,0,0,0,0:0.01/3:0.99,0,0,0,3,0,0,4,0,-1,-1,-1
I15,0,10,0,0,7,0,0,0,0,0,0,0,0,0,0,0,0,0,0:0.01/3:0.99,0:0.99/8:0.01,0,0,3,0,0,4,0,-1,-1,-1
I16,0,10,0,0,7,0,0,0,0,0,0,0,0,0,0,0:0.45/3:0.55,0,0,-1:0.95/3:0.05,0:0.04/-1:0.95/8:0.01,0:0.04/-1:0.95/2:0.001,0,3,0,0,4,0,-1,-1,-1
ACATCCCTCCAAGCTA-1,0,10,0,3,7,0,0,0,0,0,0,0,0,9,0,-1,-1,-1,-1,-1,-1,0,3,0,0,4,0,-1,-1,-1
I17,0,10,0,24,7,0,0:0.01/4:0.99,0,0,25,0,0,0,0,0,3,0,0,-1,-1,-1,0,3,0,0,4,0,-1,-1,-1
GTGCACGAGGAGGGTG-1,2,10,0,24,7,0,4,0,0,25,0,0,0,0,0,3,11,0,-1,-1,-1,0,3,0,0,4,0,-1,-1,-1
GATGACTCAAGTGTCT-1,0,10,0,24,7,0,4,0,0,25,0,0,18,23,0,3,3,0,-1,-1,-1,0,3,0,0,4,0,-1,-1,-1
AGAACAAGTAACGCGA-1,0,10,0,3,7,0,0,0,0,3,0,0,0,13,0,0,0,0,3,8,0,1,3,0,0,4,0,-1,-1,-1
I18,0,10,0,0:0.02/4:0.98,7,0,0,0,0,24,0,0,0,0,0,0,0,0,0:0.01/3:0.99,0:0.6/17:0.4,0,0:0.01/20:0.99,3,0,0:0.04/-1:0.96,-1:0.96/4:0.04,0:0.04/-1:0.96,-1,-1,-1
GTTTACTAGGCAGCTA-1,25,10,0,4,7,0,11,0,0,24,0,0,2,5,0,6,17,0,3,17,0,20,3,0,-1,-1,-1,-1,-1,-1
I19,0,10,0,4,7,0,0,0,0,24,0,0,0,0,0,0,0:0.59/37:0.41,0,-1:0.94/3:0.06,0:0.03/-1:0.94/17:0.03,0:0.05/-1:0.94/2:0.001,20,3,0,-1,-1,-1,-1,-1,-1
TGGGTTAGTTCAAGTC-1,0,10,0,4,7,0,0,0,0,24,0,0,0,32,0,0,37,0,-1,-1,-1,20,3,0,-1,-1,-1,-1,-1,-1
GACTGATTCACCTTAT-1,0,10,0,4,7,0,7,0,0,24,0,0,10,6,0,-1,-1,-1,-1,-1,-1,20,3,0,-1,-1,-1,-1,-1,-1
TGAACGTAGCAAACAT-1,0,14,0,20,37,0,24,24,7,32,35,0,22,31,6,30,35,3,3,16,0,4,3,0,-1,-1,-1,2,3,0
