((((CAATACGGTACCGTGC-1:5.607,ACACAGTGTGGATCAG-1:7.046)I16:3.274,((CAGGGCTCAGGTTACT-1:5.093,(CAGCGTGCATAGGAGC-1:6.237,GAAATGAAGGTGCGAT-1:5.513)I15:2.882)I14:1.058,GCACGTGGTATGAGCG-1:8.15)I13:2.886)I12:1.129,(GTGAGCCCAAGCGCTC-1:4.847,((AGAAGCGTCCTTCTAA-1:7.04,GCACGGTGTGTGAGCA-1:5.158)I11:0.98,((((ATCCACCAGCTCTTCC-1:0.005,TCCGGGAAGGTACAGC-1:1.005)I10:3.169,TTTGATCAGGACACTG-1:3.173)I9:2.874,GGTAATCTCAGGGTAG-1:1.87)I8:1.13,(((AAGTGAAGTACCTTCC-1:6.039,CAGTTAGGTGAGTAGC-1:3.876)I7:1.124,(GTTGTAGTCGTGTGAT-1:1,GCTGAATGTCGAATGG-1:2)I6:0)I5:0,CGAGTTAAGCAAACAT-1:6)I4:0)I3:1.02)I2:2.989)I1:1.163)c12:7.991)I0;
I0,0,0,0,0,0,0,0,0,0,0,0,0,0,0,0,0,0,0,0,0,0,0,0,0,0,0,0,0,0,0
c12,0,0,0,0,0,0,0,0,0,3,6,0,0,5,0,0,0,0,0,4,0,0,7,0,0,0,0,-1,-1,-1
I1,0,0,0,0,0:0.01/4:0.99,0,0,0,0,3,6,0,0,5,0,0,0,0,0,4,0,0,7,0,0,0:0.84/19:0.16,0,-1,-1,-1
I2,0,0,0,0,4,0,0,0,0,3,6,0,0,5,0,0,0,0,0,4,0,0,7,0,0:0.01/-1:0.99,0:0.01/-1:0.99,0:0.01/-1:0.99,-1,-1,-1
I3,0,0,0,0,4,0,0,5,0,3,6,0,0,5,0,0,0,0,0,4,0,0,7,0,-1,-1,-1,-1,-1,-1
I4,0,0,0,0,4,0,0,5,0,3,6,0,0,5,0,0,0,0,0,4,0,0,7,0,-1,-1,-1,-1,-1,-1
CGAGTTAAGCAAACAT-1,14,3,0,6,4,0,0,5,0,3,6,0,0,5,0,-1,-1,-1,0,4,0,0,7,0,-1,-1,-1,-1,-1,-1
I5,0,0,0,0,4,0,0,5,0,3,6,0,0,5,0,0,0,0,0,4,0,0,7,0,-1,-1,-1,-1,-1,-1
I6,0,0,0,0,4,0,0,5,0,3,6,0,0,5,0,0,0,0,0,4,0,0,7,0,-1,-1,-1,-1,-1,-1
GCTGAATGTCGAATGG-1,0,33,0,0,4,0,6,5,0,3,6,0,0,5,0,0,0,0,0,4,0,0,7,0,-1,-1,-1,-1,-1,-1
GTTGTAGTCGTGTGAT-1,0,0,0,0,4,0,0,5,0,3,6,0,29,5,0,0,0,0,0,4,0,0,7,0,-1,-1,-1,-1,-1,-1
I7,0,0,0,0,4,0,0,5,0,3,6,0,0:0.04/3:0.96,5,0,0,0,0,0:0.84/7:0.16,4,0,0,7,0,-1,-1,-1,-1,-1,-1
CAGTTAGGTGAGTAGC-1,0,0,0,0,4,0,6,5,0,3,6,0,3,5,0,0,24,4,7,4,0,0,7,0,-1,-1,-1,-1,-1,-1
AAGTGAAGTACCTTCC-1,0,4,0,0,4,0,3,5,0,3,6,0,3,5,0,0,6,0,-1,-1,-1,0,7,0,-1,-1,-1,-1,-1,-1
I8,0,0,0,0,4,0,0,5,0,3,6,0,0,5,0,0,0:0.83/1:0.17,0,0,4,0,0:0.04/1:0.96,7,0,-1,-1,-1,-1,-1,-1
GGTAATCTCAGGGTAG-1,0,0,0,18,4,0,0,5,0,3,6,0,0,5,0,0,1,0,0,4,0,1,7,0,-1,-1,-1,-1,-1,-1
I9,0,0,0,0,4,0,0,5,0,3,6,0,0,5,0,0:0.05/-1:0.94/1:0.008/2:0.009/6:0.008/8:0.001/9:0.009/10:0.007/12:0.003/15:0.008/18:0.001/19:0.006/22:0.001/24:0.002,0:0.04/-1:0.94/1:0.02,0:0.05/-1:0.94/1:0.006/3:0.001,0,4,0,1,7,0,-1,-1,-1,-1,-1,-1
TTTGATCAGGACACTG-1,0,0,0,0,4,0,0,5,0,3,6,0,0,5,0,-1,-1,-1,-1,-1,-1,1,7,0,-1,-1,-1,-1,-1,-1
I10,-1,-1,-1,0,4,0,0,5,0,3,6,0,0,5,0,-1,-1,-1,0,4,0,1,7,0,-1,-1,-1,-1,-1,-1
TCCGGGAAGGTACAGC-1,-1,-1,-1,3,4,0,0,5,0,3,6,0,0,5,0,-1,-1,-1,0,4,0,1,7,0,-1,-1,-1,-1,-1,-1
ATCCACCAGCTCTTCC-1,-1,-1,-1,0,4,0,0,5,0,3,6,0,0,5,0,-1,-1,-1,0,4,0,1,7,0,-1,-1,-1,-1,-1,-1
I11,0,0,0,0,4,0,0,0,0,3,6,0,0,5,0,0,0:0.88/1:0.12,0,0,4,0,0:0.15/13:0.85,7,0,-1,-1,-1,-1,-1,-1
GCACGGTGTGTGAGCA-1,0,0,0,0,4,0,4,33,0,3,6,0,0,5,0,-1,-1,-1,0,4,0,13,7,0,-1,-1,-1,-1,-1,-1
AGAAGCGTCCTTCTAA-1,-1,-1,-1,3,4,0,11,18,0,3,6,0,0,5,0,0,1,0,0,4,0,13,7,0,-1,-1,-1,-1,-1,-1
GTGAGCCCAAGCGCTC-1,0,0,0,0,4,0,3,5,0,3,6,0,0,5,0,0,36,0,7,4,0,0,7,0,0,19,0,-1,-1,-1
I12,0,0,0,0,0,0,0,0:0.03/5:0.97,0,3,6,0,0,5,0,0,0,0,0,4,0,0,7,0,0:0.93/7:0.07,0:0.93/15:0.07,0,-1,-1,-1
I13,0,0,0,0,0,0,0,5,0,3,6,0,0,5,0,0,0,0,0,4,0,0,7,0,0:0.04/-1:0.95/7:0.01,0:0.04/-1:0.95/15:0.01,0:0.05/-1:0.95,-1,-1,-1
GCACGTGGTATGAGCG-1,-1,-1,-1,1,12,0,4,5,0,3,6,0,25,5,0,0,34,0,0,4,0,0,7,0,-1,-1,-1,-1,-1,-1
I14,0,0,0,0,0,0,0:0.06/6:0.94,5,0,3,6,0,0,5,0,0,0,0,0,4,0,0,7,0,0:0.01/-1:0.99,0:0.01/-1:0.99,0:0.01/-1:0.99,-1,-1,-1
I15,0,0,0,0,0:0.72/23:0.28,0,6,5,0,3,6,0,0,5,0,0,0,0,0:0.15/-1:0.83/1:0.017/2:0.001/4:0.017/6:0.004/7:0.016/9:0.005/10:0.012/11:0.001/13:0.018/16:0.016/17:0.014/18:0.002,-1:0.83/4:0.17,0:0.15/-1:0.83/1:0.001/3:0.002,0,7,0,-1,-1,-1,-1,-1,-1
GAAATGAAGGTGCGAT-1,0,3,0,-1,-1,-1,6,5,0,3,6,0,0,5,0,0,31,0,-1,-1,-1,0,7,0,-1,-1,-1,-1,-1,-1
CAGCGTGCATAGGAGC-1,0,24,0,0,23,0,6,5,0,3,6,0,17,5,0,9,1,0,-1,-1,-1,23,7,0,-1,-1,-1,-1,-1,-1
CAGGGCTCAGGTTACT-1,0,25,0,6,17,0,6,5,0,3,6,0,0,5,0,0,3,0,0,4,0,24,7,0,-1,-1,-1,-1,-1,-1
I16,0:0.66/10:0.34,0:0.66/16:0.34,0,0,0:0.04/1:0.96,0,0,5,0,3,6,0,6,5,0,0,0,0,0,4,0,0,7,0,0:0.62/7:0.38,0:0.62/15:0.38,0,-1,-1,-1
ACACAGTGTGGATCAG-1,-1,-1,-1,0,1,0,0,5,0,3,6,0,6,5,0,0,6,0,0,4,0,0,7,0,-1,-1,-1,-1,-1,-1
CAATACGGTACCGTGC-1,10,16,0,0,1,0,4,5,0,3,6,0,6,5,0,1,21,0,0,4,0,0,7,0,7,15,0,-1,-1,-1
((((((GGGAAGTAGGCGCTCT-1:1,CGTTGGGAGTAGCAAT-1:1)I23:0,TCATTACTCGCATTAG-1:1)I22:0.001,CCACGAGGTGCAACAG-1:2.001)I21:14.363,TTCTAGTAGTCATGAA-1:14.403)I20:0.675,((((AGAAATGAGGTTCTTG-1:4.009,CCTCAGTTCCGGGACT-1:0.351)I19:10.649,((TAAGCGTGTCCACGCA-1:5,TCCTAATCAATCGTCA-1:0.952)I18:1.048,GGGTGTCGTGTTCATG-1:7)I17:0)I16:0,GCCGATGAGTAATACG-1:13)I15:0,((TGAACGTGTCACCTTC-1:7.2,ACTGATGAGGTATTGA-1:14.041)I14:0.964,((((AAGCCATCACCAGTTA-1:3.045,(GATTCTTTCCGCTGTT-1:4.01,GAGAAATTCGTCAAAC-1:3.01)I13:1.035)I12:3.972,CATGCTCGTCCTTAAG-1:1.538)I11:4.462,(((CATGGATAGTGGACTG-1:11.105,CGGGTCAGTGAGTTTC-1:1.669)I10:5.331,CCTCAACCAGGAACCA-1:15)I9:0,TATGTTCAGACTTCGT-1:14)I8:0)I7:0,((GTTATGGTCCATTCGC-1:0,ATTCTTGAGTGCGTCC-1:2)I6:0.002,CGCCATTAGCTTAGTC-1:4.002)I5:6.999)I4:0.005)I3:2.996)I2:0.002)I1:2.998)I0;
I0,0,0,0,0,0,0,0,0,0,0,0,0,0,0,0,0,0,0,0,0,0,0,0,0,0,0,0,0,0,0
I1,0,0,0,0,0,0,0,0,0,0,0,0,0,0,0,0,0,0,0,0,0,0,0,0,0,0,0,-1,-1,-1
I2,0,0,0,0,0,0,0,0,0,0,0,0,0,0,0,0,0,0,0,0,0,0,0,0,0,0,0,-1,-1,-1
I3,0,0,0,0,0,0,0,0,0,0,0,0,0,0,0,0,0,0,0,0,0,0,0,0,-1,-1,-1,-1,-1,-1
I4,0,0,0,0,0,0,0,0,0,0,0,0,0,0,0,0,0,0,0,0,0,0,0,0,-1,-1,-1,-1,-1,-1
I5,0,20,0,0,0,0,0,25,0,12,13,0,0,27,0,0,6,0,0,15,0,0,0,0,-1,-1,-1,-1,-1,-1
CGCCATTAGCTTAGTC-1,0,20,0,0,16,0,0,25,0,12,13,0,0,27,0,0,6,0,0,15,0,-1,-1,-1,-1,-1,-1,-1,-1,-1
I6,0,20,0,0,0,0,0,25,0,12,13,0,0,27,0,0,6,0,0,15,0,0,0,0,-1,-1,-1,-1,-1,-1
ATTCTTGAGTGCGTCC-1,0,20,0,0,0,0,0,25,0,12,13,0,0,27,0,0,6,0,0,15,0,15,2,0,-1,-1,-1,-1,-1,-1
GTTATGGTCCATTCGC-1,0,20,0,0,0,0,0,25,0,12,13,0,0,27,0,0,6,0,0,15,0,0,0,0,-1,-1,-1,-1,-1,-1
I7,0,0,0,0,0,0,0,0,0,0,0,0,0,0,0,0,0,0,0,0,0,0,0,0,-1,-1,-1,-1,-1,-1
I8,0,0,0,0,0,0,0,0,0,0,0,0,0,0,0,0,0,0,0,0,0,0,0,0,-1,-1,-1,-1,-1,-1
TATGTTCAGACTTCGT-1,0,1,0,22,1,0,11,18,0,19,32,0,8,45,0,21,37,0,0,14,0,2,32,0,-1,-1,-1,-1,-1,-1
I9,0,0,0,0,0,0,0,0,0,0,0,0,0,0,0,0,0,0,0,0,0,0,0,0,-1,-1,-1,-1,-1,-1
CCTCAACCAGGAACCA-1,13,28,0,3,10,0,19,32,0,1,23,0,18,2,0,15,28,0,0,24,0,27,37,0,-1,-1,-1,-1,-1,-1
I10,0,0:0.01/8:0.99,0,0,0,0,0,0:0.03/10:0.97,0,0,0:0.03/10:0.97,0,0,0:0.01/1:0.99,0,0,0,0,0,0:0.56/28:0.44,0,0,0:0.03/10:0.97,0,-1,-1,-1,-1,-1,-1
CGGGTCAGTGAGTTTC-1,0,8,0,0,0,0,0,10,0,0,10,0,0,1,0,0,24,0,0,28,0,0,10,0,-1,-1,-1,-1,-1,-1
CATGGATAGTGGACTG-1,1,8,0,0,24,0,3,10,0,19,10,0,1,1,0,2,25,5,-1,-1,-1,0,10,0,-1,-1,-1,-1,-1,-1
I11,0,0,0,0,0,0,0,0,0,0,0,0,2,4,0,0,0,0,0,0:0.53/23:0.47,0,0:0.01/4:0.99,6,0,-1,-1,-1,-1,-1,-1
CATGCTCGTCCTTAAG-1,11,0,0,0,0,0,0,0,0,0,0,0,2,4,0,0,0,0,0,23,0,4,6,0,-1,-1,-1,-1,-1,-1
I12,0,0,0,0,0,0,0,0,0,0,5,0,2,4,0,0,0,0,0:0.01/-1:0.99,0:0.01/-1:0.99,0:0.01/-1:0.99,4,6,0,-1,-1,-1,-1,-1,-1
I13,0,0,0,0,0,0,0,36,0,0,5,0,2,4,0,0,0,0,-1,-1,-1,4,6,0,-1,-1,-1,-1,-1,-1
GAGAAATTCGTCAAAC-1,0,0,0,0,0,0,20,36,0,22,5,0,2,4,0,0,33,0,-1,-1,-1,4,6,0,-1,-1,-1,-1,-1,-1
GATTCTTTCCGCTGTT-1,16,0,0,0,0,0,21,36,0,7,5,0,2,4,0,0,6,0,-1,-1,-1,4,6,0,-1,-1,-1,-1,-1,-1
AAGCCATCACCAGTTA-1,0,0,0,0,0,0,1,4,0,0,5,0,2,4,0,0,5,0,-1,-1,-1,4,6,0,-1,-1,-1,-1,-1,-1
I14,0,0,0,0,0:0.2/3:0.8,0,0,0,0,0,0,0,0,0,0,0,0,0,0,0:0.92/7:0.08,0:0.92/1:0.08,0,0,0,-1,-1,-1,-1,-1,-1
ACTGATGAGGTATTGA-1,6,12,0,0,3,0,8,14,0,8,11,0,9,15,0,8,15,0,0,7,1,10,15,0,-1,-1,-1,-1,-1,-1
TGAACGTGTCACCTTC-1,0,0,0,3,3,0,0,0,0,0,29,0,0,0,0,0,0,0,-1,-1,-1,1,7,0,-1,-1,-1,-1,-1,-1
I15,0,0,0,0,0,0,0,0,0,0,0,0,0,0,0,0,0,0,0,0,0,0,0,0,0,0,0,-1,-1,-1
GCCGATGAGTAATACG-1,18,32,0,7,35,0,22,37,0,0,12,0,0,0,0,0,35,0,-1,-1,-1,0,46,0,0,26,0,-1,-1,-1
I16,0,0,0,0,0,0,0,0,0,0,0,0,0,0,0,0,0,0,0,0,0,0,0,0,0,0,0,-1,-1,-1
I17,0,0,0,0,0,0,0,0,0,0,0,0,0,0,0,0,0,0,0,0,0,0,0,0,0,0,0,-1,-1,-1
GGGTGTCGTGTTCATG-1,0,0,0,0,0,0,0,0,0,0,29,0,0,0,0,0,6,0,17,14,0,-1,-1,-1,0,0,0,-1,-1,-1
I18,0,0,0,0,0,0,0,0,0,0,0,0,0,0,0,0,0,0,0,0,0,0,0,0,0:0.48/1:0.52,0:0.48/1:0.52,0,-1,-1,-1
TCCTAATCAATCGTCA-1,0,0,0,0,0,0,0,0,0,0,0,0,0,0,0,0,0,0,0,0,0,0,0,0,1,1,0,-1,-1,-1
TAAGCGTGTCCACGCA-1,0,0,0,0,10,0,0,0,0,0,29,0,0,0,0,0,0,0,0,0,0,0,0,0,-1,-1,-1,-1,-1,-1
I19,0,14,0,0,11,0,9,17,0,0,5,0,0,16,0,0,4,0,0,9,0,0,7,0,0:0.17/9:0.83,0:0.17/19:0.83,0,-1,-1,-1
CCTCAGTTCCGGGACT-1,0,14,0,0,11,0,9,17,0,0,5,0,0,16,0,0,4,0,0,9,0,0,7,0,9,19,0,-1,-1,-1
AGAAATGAGGTTCTTG-1,0,14,0,0,11,0,9,17,0,0,5,0,0,16,0,0,4,0,4,9,0,0,7,0,-1,-1,-1,-1,-1,-1
I20,0,0,0,0,0,0,0,0,0,0,0,0,0,0,0,0,0,0,0:0.79/-1:0.2/1:0.008/2:0.001/4:0.009/6:0.002/7:0.008/9:0.003/10:0.006/11:0.001/13:0.009/16:0.008/17:0.007/18:0.001,0:0.79/-1:0.2/1:0.009/2:0.008/4:0.008/5:0.004/6:0.001/8:0.003/9:0.005/10:0.001/13:0.001/14:0.009/16:0.003/17:0.001/19:0.006/20:0.001/21:0.001/22:0.003/23:0.009/24:0.001/26:0.006/29:0.005/33:0.004/34:0.001/35:0.001/36:0.001,0:0.79/-1:0.2/3:0.001,0,0,0,0,0:0.96/17:0.04,0,-1,-1,-1
TTCTAGTAGTCATGAA-1,4,6,0,6,7,0,0,8,0,0,9,0,0,2,0,0,1,0,-1,-1,-1,0,8,0,-1,-1,-1,-1,-1,-1
I21,0,0,0,0,6,0,17,30,0,7,21,0,19,29,0,16,26,0,-1,-1,-1,25,34,0,0,17,0,-1,-1,-1
CCACGAGGTGCAACAG-1,12,17,0,0,6,0,17,30,0,7,21,0,19,29,0,16,26,0,-1,-1,-1,25,34,0,0,17,0,-1,-1,-1
I22,0,0,0,0,6,0,17,30,0,7,21,0,19,29,0,16,26,0,-1,-1,-1,25,34,0,0,17,0,-1,-1,-1
TCATTACTCGCATTAG-1,0,21,0,0,6,0,17,30,0,7,21,0,19,29,0,16,26,0,-1,-1,-1,25,34,0,0,17,0,-1,-1,-1
I23,0,0,0,0,6,0,17,30,0,7,21,0,19,29,0,16,26,0,-1,-1,-1,25,34,0,0,17,0,-1,-1,-1
CGTTGGGAGTAGCAAT-1,0,30,0,0,6,0,17,30,0,7,21,0,19,29,0,16,26,0,-1,-1,-1,25,34,0,0,17,0,-1,-1,-1
GGGAAGTAGGCGCTCT-1,0,3,0,0,6,0,17,30,0,7,21,0,19,29,0,16,26,0,-1,-1,-1,25,34,0,0,17,0,-1,-1,-1
((((((TCTCTGGTCAGCCCAG-1:0.173,TCGATTTTCATGCAGT-1:3.004)I20:7.889,(((TCTTAGTCACAGCGCT-1:0.006,ACCAAACAGCGTCTCG-1:3.006)I19:0.998,((((((((CGAGGAACATTCCTAT-1:2.016,ATTCTTGCACACGGAA-1:2.016)I18:0.984,AACTTCTTCTAGAACC-1:2)I17:0,AGAAATGCACTAAACC-1:4)I16:0,TTCGGTCCAAACTCTG-1:2)I15:0,TCATTACCAATTCTCT-1:2)I14:0,CGAATTGAGGAAGAAC-1:2)I13:0,GGTGTTAGTGCCAAGA-1:2)I12:0.001,CCCTGATCATAGAATG-1:2.001)I11:2.003)I10:2.045,TCGCTCAGTGAGTAAT-1:15.049)I9:0.014)I8:2.943,((TCAGTGACAGAGATTA-1:4.015,CACGTTCGTGAGATAT-1:2.554)I7:9.545,(TGGGATTAGCGTTCCG-1:6.501,CGAGAAGTCGGTCTAA-1:3.501)I6:5.121)I5:0.901)I4:0,(TGCTTCGTCACCGGGT-1:4.016,AGGCCACAGCTGGTGA-1:4.459)I3:2.541)I2:0.007,(GGAGGATCACCACATA-1:2.013,GCTTTCGCAGTTACCA-1:1.013)I1:11.997)c7:2.994)I0;
I0,0,0,0,0,0,0,0,0,0,0,0,0,0,0,0,0,0,0,0,0,0,0,0,0,0,0,0,0,0,0
c7,0,0,0,0,0,0,0,0,0,0,0,0,0,0,0,0,0,0,0,0,0,0,0,0,0,0,0,-1,-1,-1
I1,0,0,0,16,6,0,0,36,0,0,28,0,1,40,0,0,31,0,0,14,0,0,2,0,-1,-1,-1,-1,-1,-1
GCTTTCGCAGTTACCA-1,0,0,0,16,6,0,0,36,0,0,28,0,1,40,0,0,31,0,0,14,0,35,2,0,-1,-1,-1,-1,-1,-1
GGAGGATCACCACATA-1,0,0,0,16,6,0,0,36,0,0,28,0,1,40,0,9,31,0,0,14,0,20,2,0,-1,-1,-1,-1,-1,-1
I2,0,0,0,0,0,0,0,0,0,0,0,0,0,0,0,0,0,0,0,0,0,0,0,0,0,0,0,-1,-1,-1
I3,0,0,0,0,0,0,0,0,0,0,4,0,0,0,0,0,0:0.02/4:0.98,0,0,0,0,0,0:0.44/7:0.56,0,0,0,0,-1,-1,-1
AGGCCACAGCTGGTGA-1,0,0,0,0,1,0,10,3,0,0,4,0,0,0,0,0,4,0,0,12,0,0,7,0,0,0,0,-1,-1,-1
TGCTTCGTCACCGGGT-1,0,0,0,0,0,0,0,9,0,0,4,0,0,0,0,0,4,0,0,0,0,-1,-1,-1,0,0,0,-1,-1,-1
I4,0,0,0,0,0,0,0,0,0,0,0,0,0,0,0,0,0,0,0,0,0,0,0,0,0,0,0,-1,-1,-1
I5,0,0,0,0,0,0,0,0,0,0,0,0,0,0,0,0,0:0.1/23:0.9,0,0,0,0,0,0,0,0,0,0,-1,-1,-1
I6,0,0,0,0,0,0,0,0:0.01/33:0.99,0,0,26,0,0,32,0,0,23,0,0,0:0.48/38:0.52,0,0,0:0.02/10:0.98,0,0,0:0.48/21:0.52,0,-1,-1,-1
CGAGAAGTCGGTCTAA-1,0,0,0,0,0,0,0,33,0,0,26,0,0,32,0,0,23,0,-1,-1,-1,0,10,0,0,21,0,-1,-1,-1
TGGGATTAGCGTTCCG-1,0,0,0,3,13,0,0,33,0,0,26,0,0,32,0,0,23,0,0,38,0,1,10,0,-1,-1,-1,-1,-1,-1
I7,0,22,0,0,21,0,15,5,0,0,20,0,0,11,0,0,23,0,0,19,0,0,33,0,0:0.27/2:0.73,0:0.27/16:0.73,0,-1,-1,-1
CACGTTCGTGAGATAT-1,0,22,0,0,21,0,15,5,0,16,20,0,0,11,0,2,23,0,0,19,0,0,33,0,2,16,0,-1,-1,-1
TCAGTGACAGAGATTA-1,0,22,0,0,21,0,15,5,0,14,20,0,0,11,0,0,23,0,0,19,0,0,33,0,-1,-1,-1,-1,-1,-1
I8,0,0,0,0,0,0,0,0,0,0,0,0,0,0,0,0,0,0,0:0.02/-1:0.98,0:0.02/-1:0.98,0:0.02/-1:0.98,0,0,0,0,0,0,-1,-1,-1
I9,0,0,0,0,0,0,0,0,0,0,0,0,0,0,0,0,0,0,0:0.01/-1:0.98/1:0.008/2:0.001/4:0.009/6:0.002/7:0.008/9:0.003/10:0.006/11:0.001/13:0.009/16:0.008/17:0.007/18:0.001,0:0.01/-1:0.98/1:0.009/2:0.008/4:0.008/5:0.004/6:0.001/8:0.003/9:0.005/10:0.001/13:0.001/14:0.009/16:0.003/17:0.001/19:0.006/20:0.001/21:0.001/22:0.003/23:0.009/24:0.001/26:0.006/29:0.005/33:0.004/34:0.001/35:0.001/36:0.001,0:0.01/-1:0.98/3:0.001,0,0,0,0,0,0,-1,-1,-1
TCGCTCAGTGAGTAAT-1,-1,-1,-1,0,39,0,0,13,6,0,0,0,30,2,6,9,24,0,-1,-1,-1,0,2,0,-1,-1,-1,-1,-1,-1
I10,0,0,0,0,0,0,0,0,0,0,4,0,0,0,0,0,4,0,-1,-1,-1,0,0,0,0,0,0,-1,-1,-1
I11,0,0,0,0,1,0,0,3,0,0,4,0,0,0,0,0,4,0,-1,-1,-1,0,0,0,0,0,0,-1,-1,-1
CCCTGATCATAGAATG-1,0,0,0,0,1,0,0,3,0,0,4,0,0,0,0,0,4,0,-1,-1,-1,0,35,0,0,18,0,-1,-1,-1
I12,0,0,0,0,1,0,0,3,0,0,4,0,0,0,0,0,4,0,-1,-1,-1,0,0,0,0,0,0,-1,-1,-1
GGTGTTAGTGCCAAGA-1,0,0,0,0,1,0,0,3,0,24,4,0,0,0,0,0,4,0,-1,-1,-1,0,25,0,0,0,0,-1,-1,-1
I13,0,0,0,0,1,0,0,3,0,0,4,0,0,0,0,0,4,0,-1,-1,-1,0,0,0,0,0,0,-1,-1,-1
CGAATTGAGGAAGAAC-1,0,0,0,0,1,0,0,3,0,0,4,0,0,0,0,0,4,0,-1,-1,-1,28,2,0,0,0,0,-1,-1,-1
I14,0,0,0,0,1,0,0,3,0,0,4,0,0,0,0,0,4,0,-1,-1,-1,0,0,0,0,0,0,-1,-1,-1
TCATTACCAATTCTCT-1,0,0,0,0,1,0,0,3,0,0,4,0,0,0,0,0,4,0,-1,-1,-1,11,16,0,0,0,0,-1,-1,-1
I15,0,0,0,0,1,0,0,3,0,0,4,0,0,0,0,0,4,0,-1,-1,-1,0,0,0,0,0,0,-1,-1,-1
TTCGGTCCAAACTCTG-1,0,0,0,0,1,0,0,3,0,0,4,0,0,0,0,0,4,0,-1,-1,-1,7,12,0,0,0,0,-1,-1,-1
I16,0,0,0,0,1,0,0,3,0,0,4,0,0,0,0,0,4,0,-1,-1,-1,0,0,0,0,0,0,-1,-1,-1
AGAAATGCACTAAACC-1,0,4,0,0,1,0,10,3,0,0,4,0,0,0,0,0,4,0,-1,-1,-1,2,19,0,0,0,0,-1,-1,-1
I17,0,0,0,0,1,0,0,3,0,0,4,0,0,0,0,0,4,0,-1,-1,-1,0,0,0,0,0,0,-1,-1,-1
AACTTCTTCTAGAACC-1,0,0,0,0,1,0,0,3,0,0,4,0,0,0,0,0,4,0,-1,-1,-1,3,5,0,0,0,0,-1,-1,-1
I18,0,0,0,0,1,0,0,3,0,0:0.02/14:0.98,4,0,0,0,0,0,4,0,-1,-1,-1,0,0,0,0,0,0,-1,-1,-1
ATTCTTGCACACGGAA-1,0,0,0,0,1,0,0,3,0,14,4,0,0,0,0,0,4,0,-1,-1,-1,21,30,0,0,0,0,-1,-1,-1
CGAGGAACATTCCTAT-1,0,0,0,0,1,0,0,3,0,14,4,0,0,0,0,0,4,0,-1,-1,-1,5,22,0,0,0,0,-1,-1,-1
I19,0,0,0,0,0,0,0,0,0,0,4,0,0,0,0,0,4,0,-1,-1,-1,0,0:0.01/10:0.99,0,0,0,0,-1,-1,-1
ACCAAACAGCGTCTCG-1,0,0,0,0,0,0,0,9,0,7,4,0,0,0,0,0,4,0,-1,-1,-1,6,10,0,0,0,0,-1,-1,-1
TCTTAGTCACAGCGCT-1,0,0,0,0,0,0,0,0,0,0,4,0,0,0,0,0,4,0,-1,-1,-1,0,10,0,0,0,0,-1,-1,-1
I20,0,0,0,3,13,0,0,33,0,0,26,0,0,32,0,0,23,0,-1,-1,-1,0,0:0.17/2:0.83,0,0,21,0,-1,-1,-1
TCGATTTTCATGCAGT-1,0,0,0,3,13,0,0,33,0,0,26,0,0,32,0,0,23,0,-1,-1,-1,-1,-1,-1,0,21,0,-1,-1,-1
TCTCTGGTCAGCCCAG-1,0,0,0,3,13,0,0,33,0,0,26,0,0,32,0,0,23,0,-1,-1,-1,0,2,0,0,21,0,-1,-1,-1
(((((GACTCAACAACCGTAT-1:6.097,GAATCGTAGGTTGCCC-1:4.742)I4:1.262,(TCATGGACACTCATAG-1:5.792,GTGCAGCTCGCAATTG-1:5.954)I3:1.374)I2:0.014,AACCTTTTCAACCTCC-1:6.018)I1:3.116,AAGTACCCAGCGAGTA-1:7.651)c5:10.375)I0;
I0,0,0,0,0,0,0,0,0,0,0,0,0,0,0,0,0,0,0,0,0,0,0,0,0,0,0,0,0,0,0
c5,0,0:0.01/3:0.99,0,0,0:0.01/2:0.99,0,0,2,0,0,0:0.01/2:0.99,0,0,0,0,3,2,0,0,0:0.52/1:0.48,0,0,3,0,0,0,0,0:0.03/-1:0.96/1:0.009,0:0.03/-1:0.96/1:0.005/2:0.005/3:0.009,0:0.03/-1:0.96/1:0.001
AAGTACCCAGCGAGTA-1,2,3,0,3,2,0,2,2,0,0,2,0,0,0,0,3,2,0,0,1,0,5,3,0,-1,-1,-1,-1,-1,-1
I1,0,3,0,0,2,0,0,2,0,0,2,0,0,0,0,3,2,0,0:0.01/-1:0.99,-1:0.99/1:0.01,0:0.01/-1:0.99,0,3,0,0,0,0,-1,-1,-1
AACCTTTTCAACCTCC-1,0,3,0,-1,-1,-1,0,2,0,1,2,0,0,0,0,3,2,0,-1,-1,-1,1,3,0,0,2,0,-1,-1,-1
I2,0,3,0,0,2,0,0,2,0,0,2,0,0,0,0,3,2,0,-1,-1,-1,0,3,0,0,0,0,-1,-1,-1
I3,0,3,0,0,2,0,0,2,0,0:0.11/7:0.89,2,0,0,0:0.84/43:0.16,0,3,2,0,-1,-1,-1,0,3,0,0:0.84/11:0.16,0:0.84/25:0.16,0,-1,-1,-1
GTGCAGCTCGCAATTG-1,0,3,0,6,2,0,0,2,0,7,2,0,0,43,0,3,2,0,-1,-1,-1,2,3,0,-1,-1,-1,-1,-1,-1
TCATGGACACTCATAG-1,0,3,0,0,2,0,3,2,0,7,2,0,-1,-1,-1,3,2,0,-1,-1,-1,0,3,0,11,25,0,-1,-1,-1
I4,0,3,0,0,2,0,0,2,0,0,2,0,0,0,0,3,2,0,-1,-1,-1,0:0.1/5:0.9,3,0,0:0.82/6:0.18,0:0.82/20:0.18,0,-1,-1,-1
GAATCGTAGGTTGCCC-1,0,3,0,0,2,0,0,2,0,3,2,0,8,35,0,3,2,0,-1,-1,-1,5,3,0,6,20,0,-1,-1,-1
GACTCAACAACCGTAT-1,0,3,0,10,2,0,0,2,0,0,2,0,23,11,0,3,2,0,-1,-1,-1,5,3,0,-1,-1,-1,-1,-1,-1
((((CCTTCAGTCGGTTAGT-1:6.05,TCGGGACAGACGGATC-1:3.724)I6:2.718,TACGTCCAGGTACCTT-1:9.087)I5:8.018,(((AACCATGGTAATGCGG-1:1.008,TTACCGCAGCAAATCA-1:2.008)I4:2.248,TTGTGTTAGCCGGATA-1:7.256)I3:2.805,(TGTTCATCATGGGTTT-1:1.533,AGATCGTTCTGCTGAA-1:5.107)I2:5.636)I1:7.308)c4:3.582)I0;
I0,0,0,0,0,0,0,0,0,0,0,0,0,0,0,0,0,0,0,0,0,0,0,0,0,0,0,0,0,0,0
c4,0,0,0,0,0,0,0,0,0,0,0,0,0,0,0,0,0,0,0,0,0,0,3,0,0,0,0,0:0.14/-1:0.85/1:0.009,0:0.14/-1:0.85/1:0.005/2:0.005/3:0.009,0:0.14/-1:0.85/1:0.001
I1,0,0:0.01/3:0.99,0,0,0:0.01/2:0.99,0,0,2,0,0,0:0.01/2:0.99,0,0,0,0,3,2,0,0:0.55/13:0.45,0:0.55/9:0.45,0,0,3,0,0,0,0,-1:0.99/1:0.009,-1:0.99/1:0.005/2:0.005/3:0.009,-1:0.99/1:0.001
I2,0,3,0,0,2,0,12,2,0,0,2,0,0,0,0,3,2,0,0:0.21/13:0.79,0:0.21/9:0.79,0,0:0.01/5:0.99,3,0,0:0.03/-1:0.97,0:0.03/-1:0.97,0:0.03/-1:0.97,-1,-1,-1
AGATCGTTCTGCTGAA-1,0,3,0,0,2,0,12,2,0,0,2,0,10,18,0,3,2,0,-1,-1,-1,5,3,0,-1,-1,-1,-1,-1,-1
TGTTCATCATGGGTTT-1,0,3,0,0,2,0,12,2,0,0,2,0,0,11,0,3,2,0,13,9,0,5,3,0,-1,-1,-1,-1,-1,-1
I3,0,3,0,0,2,0,0,2,0,0,2,0,0,0,0,3,2,0,0:0.04/-1:0.92/13:0.04,0:0.04/-1:0.92/9:0.04,0:0.07/-1:0.92/3:0.001,0,3,0,0,0,0,-1,-1,-1
TTGTGTTAGCCGGATA-1,0,3,0,6,2,0,5,2,0,0,2,0,32,50,0,3,2,0,-1,-1,-1,5,3,0,16,5,0,-1,-1,-1
I4,0,3,0,0,2,0,0,2,0,1,2,0,0,0,0,3,2,0,-1,-1,-1,0,3,0,0,2,0,-1,-1,-1
TTACCGCAGCAAATCA-1,0,3,0,0,2,0,0,2,0,1,2,0,31,47,0,3,2,0,-1,-1,-1,0,3,0,0,2,0,-1,-1,-1
AACCATGGTAATGCGG-1,0,3,0,2,2,0,0,2,0,1,2,0,0,0,0,3,2,0,-1,-1,-1,0,3,0,0,2,0,-1,-1,-1
I5,0,0:0.01/16:0.99,0,0,26,0:0.01/1:0.99,0,0,0,0,0,0,0,0:0.01/11:0.99,0,0:0.02/1:0.98,0:0.01/24:0.99,0,0,0:0.29/24:0.71,0,0,3,0,0:0.53/4:0.47,0:0.53/22:0.47,0,0:0.01/-1:0.99,0:0.01/-1:0.99,0:0.01/-1:0.99
TACGTCCAGGTACCTT-1,0,16,0,0,26,1,25,15,0,0,31,0,0,11,0,1,24,0,-1,-1,-1,0,3,0,-1,-1,-1,-1,-1,-1
I6,0,16,0,0,26,1,0,2,0,0:0.04/14:0.96,0,0,0,11,0,1,24,0,0,24,0,0,3,0,0:0.34/4:0.66,0:0.34/22:0.66,0,-1,-1,-1
TCGGGACAGACGGATC-1,0,16,0,23,26,1,0,2,0,14,2,0,0,11,0,1,24,0,0,24,0,13,3,0,4,22,0,-1,-1,-1
CCTTCAGTCGGTTAGT-1,0,16,0,0,26,1,0,2,0,14,15,0,21,11,0,1,24,0,0,24,0,4,3,0,-1,-1,-1,-1,-1,-1
((((AAACCCATCTGGTTGA-1:8.003,CTGCTCATCCAAACCA-1:7.618)I9:3.149,(ACAAGCTGTGAGTCAG-1:1.163,CATCGCTCAACAGTGG-1:3.004)I8:7.792)I7:1.127,((GTATTGGGTTGCTCAA-1:1.003,((((ATCATTCGTCACTAGT-1:1,ACTACGAAGAACTCCT-1:2)I6:0,AAAGTGATCGTAGCCG-1:0)I5:2,CGGAGAACAACTTGGT-1:2)I4:0,GACATCAAGCGTGCTC-1:2)I3:0.003)I2:8.089,GTGTTCCAGTCTCTGA-1:4.194)I1:6.888)c3:3.93)I0;
I0,0,0,0,0,0,0,0,0,0,0,0,0,0,0,0,0,0,0,0,0,0,0,0,0,0,0,0,0,0,0
c3,0,0,0,0,0,0,0,0,0,0,0,0,0,0,0,0,0:0.01/1:0.99,0,0,0,0,0,0,0,0,0,0,0:0.02/-1:0.97/1:0.009,0:0.02/-1:0.97/1:0.005/2:0.005/3:0.009,0:0.02/-1:0.97/1:0.001
I1,0,0,0,0,0:0.02/1:0.98,0,0,1,1,0,0:0.02/1:0.98,0,0,0:0.02/2:0.98,0,0,1,0,0:0.55/9:0.45,0:0.55/22:0.45,0,0,0:0.02/2:0.98,0,0,0,0,-1,-1,-1
GTGTTCCAGTCTCTGA-1,0,0,0,20,1,0,0,1,1,14,1,0,0,2,0,15,1,0,9,22,0,0,2,0,0,0,0,-1,-1,-1
I2,0,0,0,1,1,0,0,1,1,0,1,0,1,2,0,2,1,0,-1,-1,-1,0,2,0,1,1,0,-1,-1,-1
I3,0,0,0,1,1,0,0,1,1,0,1,0,1,2,0,2,1,0,-1,-1,-1,0,2,0,1,1,0,-1,-1,-1
GACATCAAGCGTGCTC-1,0,3,0,1,1,0,3,1,1,0,1,0,1,2,0,2,1,0,-1,-1,-1,0,2,0,1,1,0,-1,-1,-1
I4,0,0,0,1,1,0,0,1,1,0,1,0,1,2,0,2,1,0,-1,-1,-1,0,2,0,1,1,0,-1,-1,-1
CGGAGAACAACTTGGT-1,0,17,0,1,1,0,0,1,1,19,1,0,1,2,0,2,1,0,-1,-1,-1,0,2,0,1,1,0,-1,-1,-1
I5,0,2,1,1,1,0,0,1,1,0,1,0,1,2,0,2,1,0,-1,-1,-1,0,2,0,1,1,0,-1,-1,-1
AAAGTGATCGTAGCCG-1,0,2,1,1,1,0,0,1,1,0,1,0,1,2,0,2,1,0,-1,-1,-1,0,2,0,1,1,0,-1,-1,-1
I6,0,2,1,1,1,0,0,1,1,0,1,0,1,2,0,2,1,0,-1,-1,-1,0,2,0,1,1,0,-1,-1,-1
ACTACGAAGAACTCCT-1,5,2,1,1,1,0,3,1,1,0,1,0,1,2,0,2,1,0,-1,-1,-1,0,2,0,1,1,0,-1,-1,-1
ATCATTCGTCACTAGT-1,7,2,1,1,1,0,0,1,1,0,1,0,1,2,0,2,1,0,-1,-1,-1,0,2,0,1,1,0,-1,-1,-1
GTATTGGGTTGCTCAA-1,0,9,0,1,1,0,0,1,1,0,1,0,1,2,0,2,1,0,-1,-1,-1,0,2,0,1,1,0,-1,-1,-1
I7,0,0,0,0,0,0,0,0,0,0,0,0,0,0,0,0,1,0,0,0:0.06/1:0.94,0,0,0,0,0,0:0.87/4:0.13,0,-1:0.99/1:0.009,-1:0.99/1:0.005/2:0.005/3:0.009,-1:0.99/1:0.001
I8,4,6,0,0,7,0,0,8,0,0,9,0,0,8,0,0,1,0,0,1,0,0,8,0,0,0:0.16/4:0.84,0,-1,-1,-1
CATCGCTCAACAGTGG-1,4,6,0,0,7,0,0,8,0,0,9,0,0,8,0,0,1,0,0,1,0,0,8,0,-1,-1,-1,-1,-1,-1
ACAAGCTGTGAGTCAG-1,4,6,0,0,7,0,0,8,0,6,9,0,0,8,0,0,1,0,0,1,0,0,8,0,0,4,0,-1,-1,-1
I9,0,0,0,0,0,0,0,0,0,0,0,0,0,0,0,0,1,0,0,1,0,0:0.69/1:0.31,0:0.69/1:0.31,0,0:0.18/-1:0.8/1:0.012/2:0.017/3:0.004/4:0.016/5:0.001/6:0.018/7:0.016/8:0.001/9:0.012/10:0.014/11:0.001/12:0.001/13:0.017/14:0.004/15:0.004/16:0.001,0:0.16/-1:0.8/4:0.04,0:0.18/-1:0.8/1:0.001/2:0.011,-1,-1,-1
CTGCTCATCCAAACCA-1,0,16,0,0,30,0,4,0,0,0,13,0,0,0,0,0,1,0,0,1,0,-1,-1,-1,-1,-1,-1,-1,-1,-1
AAACCCATCTGGTTGA-1,1,1,0,0,0,0,0,0,0,0,1,0,0,1,0,1,1,0,1,1,0,1,1,0,-1,-1,-1,-1,-1,-1
((((TCGCTTGAGTTGCTGT-1:2.026,(GGGACAATCACCCTTG-1:0.727,TAGGTACCAGCACGAA-1:3.044)I6:4.305)I5:2.132,AGTTCCCGTGTTCAGT-1:11.012)I4:2.91,(((TACTGCCAGTTCGCAT-1:0,GACTATGTCTTAGTTC-1:0)I3:2.098,AGGTTACAGAAGCTGC-1:3.098)I2:4.113,CATCCACGTTTCGTTT-1:3.199)I1:3.898)c24:9.945)I0;
I0,0,0,0,0,0,0,0,0,0,0,0,0,0,0,0,0,0,0,0,0,0,0,0,0,0,0,0,0,0,0
c24,0,16,0,0,0,0,13,19,0,0,16,0,0,24,0,12,6,0,0,0,0,0,0,0,0,0,0,0:0.01/-1:0.98/1:0.009,0:0.01/-1:0.98/1:0.005/2:0.005/3:0.009,0:0.01/-1:0.98/1:0.001
I1,0,16,0,0:0.05/-1:0.94/1:0.008/2:0.002/3:0.009/4:0.006/6:0.009/7:0.008/9:0.002/10:0.008/11:0.001/16:0.007/17:0.001/19:0.002/20:0.001/21:0.002/22:0.006/23:0.003/24:0.001/25:0.003/26:0.001,0:0.05/-1:0.94/1:0.009/2:0.008/3:0.006/4:0.001/5:0.006/6:0.004/10:0.009/11:0.008/12:0.003/13:0.003/14:0.004/15:0.001/16:0.004/17:0.009/19:0.001/20:0.002/21:0.002/22:0.001/23:0.002/29:0.003/30:0.004/31:0.001/32:0.001/35:0.001/36:0.002/37:0.002/40:0.001/41:0.003/42:0.001/43:0.001,0:0.05/-1:0.94/4:0.001,13,19,0,0,16,0,0,24,0,12,6,0,0,0,0,0,0:0.01/4:0.99,0,0,0,0,-1,-1,-1
CATCCACGTTTCGTTT-1,0,16,0,-1,-1,-1,13,19,0,18,16,0,0,24,0,12,6,0,8,21,0,0,4,0,0,0,0,-1,-1,-1
I2,0,16,0,-1,-1,-1,13,19,0,0,16,0,0,24,0,12,6,0,0,0,0,0:0.01/1:0.99,4,0,0:0.02/-1:0.97/1:0.006/2:0.008/3:0.002/4:0.008/6:0.009/7:0.008/9:0.006/10:0.007/13:0.009/14:0.002/15:0.002,0:0.02/-1:0.97/1:0.006/2:0.001/3:0.004/4:0.005/5:0.002/6:0.009/8:0.008/9:0.005/10:0.006/11:0.004/12:0.009/13:0.001/15:0.001/16:0.009/19:0.001/20:0.003/21:0.003/22:0.008/24:0.003/27:0.002/28:0.001/29:0.002/30:0.001,0:0.02/-1:0.97/2:0.006,-1,-1,-1
AGGTTACAGAAGCTGC-1,0,16,0,-1,-1,-1,13,19,0,0,16,0,0,24,1,12,6,0,0,13,3,1,4,0,-1,-1,-1,-1,-1,-1
I3,0,16,0,-1,-1,-1,13,19,0,0,16,0,0,24,0,12,6,0,10,26,0,1,4,0,-1,-1,-1,-1,-1,-1
GACTATGTCTTAGTTC-1,0,16,0,-1,-1,-1,13,19,0,0,16,0,0,24,0,12,6,0,10,26,0,1,4,0,-1,-1,-1,-1,-1,-1
TACTGCCAGTTCGCAT-1,0,16,0,-1,-1,-1,13,19,0,0,16,0,0,24,0,12,6,0,10,26,0,1,4,0,-1,-1,-1,-1,-1,-1
I4,0,16,0,0,0,0,13,19,0,0,16,0,0,24,0,12,6,0,0:0.57/10:0.43,0:0.57/26:0.43,0,19,27,0,0,0,0,-1,-1,-1
AGTTCCCGTGTTCAGT-1,5,16,0,-1,-1,-1,13,19,0,0,16,0,14,24,0,12,6,0,-1,-1,-1,19,27,0,-1,-1,-1,-1,-1,-1
I5,0,16,0,0,0,0,13,19,0,0,16,0,27,24,0,12,6,0,0:0.01/10:0.99,0:0.01/26:0.99,0,19,27,0,0,0,0,-1,-1,-1
I6,0,16,0,0:0.34/17:0.66,0:0.34/10:0.66,0,13,19,0,0,16,0,27,24,0,12,6,0,10,26,0,19,27,0,0:0.01/-1:0.99,0:0.01/-1:0.99,0:0.01/-1:0.99,-1,-1,-1
TAGGTACCAGCACGAA-1,0,16,0,-1,-1,-1,13,19,0,0,16,0,27,24,0,12,6,0,10,26,0,19,27,0,-1,-1,-1,-1,-1,-1
GGGACAATCACCCTTG-1,0,16,0,17,10,0,13,19,0,0,16,0,27,24,0,12,6,0,10,26,0,19,27,0,-1,-1,-1,-1,-1,-1
TCGCTTGAGTTGCTGT-1,0,16,0,0,30,0,13,19,0,12,16,0,27,24,0,12,6,0,10,26,0,19,27,0,0,0,0,-1,-1,-1
((((CCTTGTGTCACCCATC-1:3.018,GTGCAGCTCACCTGTC-1:0.313)I12:10.802,((((((CTCCCTCTCGGCTCTT-1:0,TTATTGCTCGAGAGCA-1:1)I11:1,GGGAGATGTGATCGTT-1:0)I10:0.001,ACTTTCAGTTCTCAGA-1:1.001)I9:1.051,AGGTAGGGTATAGCTC-1:3.052)I8:2.952,CCAAGCGAGTGGATTA-1:2.561)I7:1.444,(GCTGCAGTCGGCGATC-1:0.009,TACCTCGTCCGATCGG-1:6.009)I6:0.996)I5:5.867)I4:2.224,((GAGTTTGTCAGGTGTT-1:4.051,TCACAAGCATCTGCGG-1:4.051)I3:3.006,(TGGTACAAGCAACTCT-1:1.006,AGGATAATCTTAGCCC-1:5.006)I2:2.051)I1:5.05)c20:5.919)I0;
I0,0,0,0,0,0,0,0,0,0,0,0,0,0,0,0,0,0,0,0,0,0,0,0,0,0,0,0,0,0,0
c20,0,0,0,0,0,0,9,17,0,0,0,0,0,0,0,0,0:0.01/4:0.99,0,0,0,0,0,0,0,0,0,0,0:0.02/-1:0.97/1:0.009,0:0.02/-1:0.97/1:0.005/2:0.005/3:0.009,0:0.02/-1:0.97/1:0.001
I1,0,14,0,0,11,0,9,17,0,0,0,0,0,0,0,0,4,0,0,0,0,0,0,0,0:0.01/-1:0.98/1:0.006/2:0.008/3:0.002/4:0.008/6:0.009/7:0.008/9:0.006/10:0.007/13:0.009/14:0.002/15:0.002,0:0.01/-1:0.98/1:0.006/2:0.001/3:0.004/4:0.005/5:0.002/6:0.009/8:0.008/9:0.005/10:0.006/11:0.004/12:0.009/13:0.001/15:0.001/16:0.009/19:0.001/20:0.003/21:0.003/22:0.008/24:0.003/27:0.002/28:0.001/29:0.002/30:0.001,0:0.01/-1:0.98/2:0.006,-1,-1,-1
I2,0,14,0,0,11,0,9,17,0,0,0,0,0,21,0,11,4,0,0,0,0,0,0,0,-1,-1,-1,-1,-1,-1
AGGATAATCTTAGCCC-1,0,14,0,0,11,0,9,17,0,0,0,0,0,21,0,11,4,0,5,11,2,13,2,0,-1,-1,-1,-1,-1,-1
TGGTACAAGCAACTCT-1,0,14,0,0,11,0,9,17,0,0,0,0,0,21,0,11,4,0,0,0,0,0,10,0,-1,-1,-1,-1,-1,-1
I3,0,14,0,0,11,0,9,17,0,0,0:0.02/5:0.98,0,0,0:0.01/16:0.99,0,0,4,0,0,0:0.01/9:0.99,0,0,0,0,-1,-1,-1,-1,-1,-1
TCACAAGCATCTGCGG-1,0,14,0,0,11,0,9,17,0,0,5,0,10,16,0,6,4,0,0,9,0,40,7,0,-1,-1,-1,-1,-1,-1
GAGTTTGTCAGGTGTT-1,0,14,0,0,11,0,9,17,0,0,5,0,21,16,0,0,4,0,16,9,0,1,2,0,-1,-1,-1,-1,-1,-1
I4,0,0,0,0,0,0,9,17,0,0,0,0,0,17,0,0,4,0,0,0:0.76/8:0.24,0,0,0:0.09/7:0.91,0,0,0,0,0:0.01/-1:0.99,0:0.01/-1:0.99,0:0.01/-1:0.99
I5,0,0,0,4,5,0,9,17,0,9,5,0,1,17,0,0,4,0,0,8,0,0,7,0,0,0,0,-1,-1,-1
I6,0,0,0,4,5,0,9,17,0,9,5,0,1,17,0,0,4,0,0,8,0,0:0.01/17:0.99,7,0,0,0,0,-1,-1,-1
TACCTCGTCCGATCGG-1,21,36,4,4,5,0,9,17,0,9,5,0,1,17,0,0,4,0,0,8,0,17,7,0,-1,-1,-1,-1,-1,-1
GCTGCAGTCGGCGATC-1,0,0,0,4,5,0,9,17,0,9,5,0,1,17,0,0,4,0,0,8,0,17,7,0,0,0,0,-1,-1,-1
I7,0,14,0,4,5,0,9,17,0,9,5,0,1,17,0,0,4,0,0,8,0,0,7,0,0:0.78/2:0.22,0:0.78/3:0.22,0,-1,-1,-1
CCAAGCGAGTGGATTA-1,0,14,0,4,5,0,9,17,0,9,5,0,1,17,0,6,4,0,0,8,0,0,7,0,2,3,0,-1,-1,-1
I8,0,14,0,4,5,0,9,17,0,9,5,0,1,17,0,0,4,0,0,8,0,0,7,0,0:0.01/-1:0.98/2:0.01,0:0.01/-1:0.98/3:0.01,0:0.02/-1:0.98,-1,-1,-1
AGGTAGGGTATAGCTC-1,0,14,0,4,5,0,9,17,0,9,5,0,1,17,0,10,4,0,4,8,0,5,7,0,-1,-1,-1,-1,-1,-1
I9,0,14,0,4,5,0,9,17,0,9,5,0,1,17,0,6,4,0,0,8,0,0,7,0,-1,-1,-1,-1,-1,-1
ACTTTCAGTTCTCAGA-1,0,14,0,4,5,0,9,17,0,9,5,0,1,17,0,6,4,0,4,8,0,0,7,0,-1,-1,-1,-1,-1,-1
I10,0,14,0,4,5,0,9,17,0,9,5,0,1,17,0,6,4,0,0,8,0,0,7,0,-1,-1,-1,-1,-1,-1
GGGAGATGTGATCGTT-1,0,14,0,4,5,0,9,17,0,9,5,0,1,17,0,6,4,0,0,8,0,0,7,0,-1,-1,-1,-1,-1,-1
I11,0,14,0,4,5,0,9,17,0,9,5,0,1,17,0,6,4,0,0,8,0,20,7,0,-1,-1,-1,-1,-1,-1
TTATTGCTCGAGAGCA-1,24,14,0,4,5,0,9,17,0,9,5,0,1,17,0,6,4,0,0,8,0,20,7,0,-1,-1,-1,-1,-1,-1
CTCCCTCTCGGCTCTT-1,0,14,0,4,5,0,9,17,0,9,5,0,1,17,0,6,4,0,0,8,0,20,7,0,-1,-1,-1,-1,-1,-1
I12,0,14,0,0,27,0,9,17,0,21,25,0,0,17,0,15,4,0,-1,-1,-1,4,7,0,0:0.15/6:0.85,0:0.15/12:0.85,0,-1,-1,-1
GTGCAGCTCACCTGTC-1,0,14,0,0,27,0,9,17,0,21,25,0,0,17,0,15,4,0,-1,-1,-1,4,7,0,6,12,0,-1,-1,-1
CCTTGTGTCACCCATC-1,0,14,0,0,27,0,9,17,0,21,25,0,0,17,0,15,4,0,-1,-1,-1,4,7,0,-1,-1,-1,-1,-1,-1
(((((GAAGCGACAACACAAA-1:14.744,(TCTACCGTCTCTAGGA-1:5.007,((GTTACGAGTTTACGAC-1:3,(GTTAGTGCACGTTGGC-1:3,CGTCCATAGTTACTCG-1:0)I13:0)I12:1.001,(TAGAGTCCAATAACGA-1:3.007,(((((ACGTAGTTCTAGTGTG-1:4,GCCAACGGTCTTGAAC-1:4.935)I11:0.065,GTGATGTTCCATTGTT-1:3)I10:0,CTCCATGTCGAGAAGC-1:3)I9:0,CGGGTCAGTCAAACGG-1:6)I8:0.001,TAACCAGCATAGATGA-1:3.001)I7:1.006)I6:0.994)I5:0.006)I4:4.875)I3:2.382,GATTGGTTCGTGGTAT-1:13.028)I2:0.981,ATGAGGGAGCGCCGTT-1:13.009)I1:0.011,GTCAAACCACGCTATA-1:3.02)c17:2.984)I0;
I0,0,0,0,0,0,0,0,0,0,0,0,0,0,0,0,0,0,0,0,0,0,0,0,0,0,0,0,0,0,0
c17,0,0,0,0,0,0,0,0,0,0,0,0,0,0,0,0,0,0,0,0,0,0,0,0,0:0.01/-1:0.99,0:0.01/-1:0.99,0:0.01/-1:0.99,0,0,0
GTCAAACCACGCTATA-1,0,17,0,0,0,0,0,0,0,0,28,0,0,0,0,0,0,0,0,0,0,0,2,0,-1,-1,-1,0,0,0
I1,0,0,0,0,0,0,0,0,0,0,0,0,0,0,0,0,0,0,0,0,0,0,0,0,-1,-1,-1,0,0,0
ATGAGGGAGCGCCGTT-1,8,18,0,0,11,0,3,24,0,7,1,0,0,0,0,0,1,0,1,14,0,11,16,0,-1,-1,-1,0,1,0
I2,0,0,0,0,0,0,0,0:0.08/13:0.92,0,0,0,0,0,0,0,0,0,0,0,0,0,0,0,0,-1,-1,-1,0,0:0.95/2:0.05,0
GATTGGTTCGTGGTAT-1,17,31,0,0,6,0,6,13,0,7,14,0,0,37,4,9,24,0,0,23,0,0,44,0,-1,-1,-1,0,2,0
I3,0,0,0,0,0,0,0,0:0.01/13:0.99,0,0,0,0,0,0,0,0,0,0,0,0:0.86/24:0.14,0,0,0,0,-1,-1,-1,0:0.28/-1:0.71/1:0.009,0:0.26/-1:0.71/2:0.03,0:0.28/-1:0.71/1:0.001
I4,0,11,0,0,0,0,0,13,0,0,0,0,0,0,0,0,0,0,-1,-1,-1,0,0,0,-1,-1,-1,-1,-1,-1
I5,0,11,0,0,0,0,0,13,0,0,0,0,0,0,0,0,0,0,-1,-1,-1,0,0,0,-1,-1,-1,-1,-1,-1
I6,0,11,0,0,0,0,0,13,0,0,0,0,0,0,0,0,0:0.01/14:0.99,0,-1,-1,-1,0,0,0,-1,-1,-1,-1,-1,-1
I7,0,11,0,0,0,0,0,13,0,0,0,0,0,14,0,0,14,0,-1,-1,-1,0,0,0,-1,-1,-1,-1,-1,-1
TAACCAGCATAGATGA-1,0,11,0,21,37,0,0,13,0,0,0,0,0,14,0,0,14,0,-1,-1,-1,0,48,0,-1,-1,-1,-1,-1,-1
I8,0,11,0,0,0,0,0,13,0,0,0,0,0,14,0,0,14,0,-1,-1,-1,0,0,0,-1,-1,-1,-1,-1,-1
CGGGTCAGTCAAACGG-1,0,11,0,-1,-1,-1,0,13,0,0,0,0,0,14,0,0,14,0,-1,-1,-1,-1,-1,-1,-1,-1,-1,-1,-1,-1
I9,0,11,0,0,0,0,0,13,0,0,0,0,0,14,0,0,14,0,-1,-1,-1,0,0,0,-1,-1,-1,-1,-1,-1
CTCCATGTCGAGAAGC-1,0,11,0,0,17,0,0,13,0,0,0,0,0,14,0,0,14,0,-1,-1,-1,1,7,0,-1,-1,-1,-1,-1,-1
I10,0,11,0,0,0,0,0,13,0,0,0,0,0,14,0,0,14,0,-1,-1,-1,0,0,0,-1,-1,-1,-1,-1,-1
GTGATGTTCCATTGTT-1,0,11,0,19,36,0,0,13,0,0,0,0,0,14,0,0,14,0,-1,-1,-1,0,2,0,-1,-1,-1,-1,-1,-1
I11,0,11,0,0,0,0,0,13,0,0,0,0,0,14,0,0,14,0,-1,-1,-1,0:0.97/33:0.03,0:0.97/33:0.03,0,-1,-1,-1,-1,-1,-1
GCCAACGGTCTTGAAC-1,0,11,0,4,5,0,0,13,0,23,0,0,0,14,0,0,14,0,-1,-1,-1,33,33,0,-1,-1,-1,-1,-1,-1
ACGTAGTTCTAGTGTG-1,0,11,0,0,11,0,0,13,0,0,0,0,0,14,0,0,14,0,-1,-1,-1,-1,-1,-1,-1,-1,-1,-1,-1,-1
TAGAGTCCAATAACGA-1,0,11,0,0,0,0,0,13,0,0,10,0,0,0,0,0,14,0,-1,-1,-1,37,51,0,-1,-1,-1,-1,-1,-1
I12,0,11,0,0,0,0,0,13,0,0,0,0,0,0,0,0,22,0,-1,-1,-1,0,0,0,-1,-1,-1,-1,-1,-1
I13,0,11,0,0,0,0,0,13,0,0,0,0,0,0,0,0,22,0,-1,-1,-1,0,0,0,-1,-1,-1,-1,-1,-1
CGTCCATAGTTACTCG-1,0,11,0,0,0,0,0,13,0,0,0,0,0,0,0,0,22,0,-1,-1,-1,0,0,0,-1,-1,-1,-1,-1,-1
GTTAGTGCACGTTGGC-1,0,11,0,10,10,0,0,13,0,0,0,0,0,0,0,0,22,0,-1,-1,-1,0,7,0,-1,-1,-1,-1,-1,-1
GTTACGAGTTTACGAC-1,0,11,0,-1,-1,-1,0,13,0,0,0,0,0,0,0,0,22,0,-1,-1,-1,0,0,0,-1,-1,-1,-1,-1,-1
TCTACCGTCTCTAGGA-1,0,11,0,24,40,0,0,13,0,0,0,0,0,0,0,0,0,0,-1,-1,-1,-1,-1,-1,-1,-1,-1,-1,-1,-1
GAAGCGACAACACAAA-1,13,28,0,-1,-1,-1,4,13,0,1,23,0,18,2,0,15,28,0,0,24,0,0,37,0,-1,-1,-1,-1,-1,-1
CATCGCTTCTCCGTGT-1:0.7007488373840436;
CATCGCTTCTCCGTGT-1,1,26,0,0,1,0,0,1,1,14,1,0,18,2,0,15,1,0,9,22,0,0,2,0,-1,-1,-1,-1,-1,-1
((((ACCATTTGTAGTAAGT-1:2.01,TTGTTTGGTCTGTAAC-1:1.01)I4:1.08,(TATCCTATCATTGAGC-1:7.054,CACGTTCAGACTTGTC-1:3.237)I3:2.854)I2:2.921,(CCACGTTTCATACAGC-1:3.003,TCATATCCAGAGAGGG-1:5.003)I1:0.001)c16:11.997)I0;
I0,0,0,0,0,0,0,0,0,0,0,0,0,0,0,0,0,0,0,0,0,0,0,0,0,0,0,0,0,0,0
c16,0,1,0,0,10,0,0,4,0,4,7,0,0,10,0,0,0,0,0,0,0,7,12,0,0,5,0,-1,-1,-1
I1,0,1,0,0,10,0,0,4,0,4,7,0,0,10,0,0,0,0,0,0,0,7,12,0,0,5,0,-1,-1,-1
TCATATCCAGAGAGGG-1,0,1,0,10,10,0,1,4,0,4,7,0,0,10,0,1,1,0,0,36,0,7,12,0,0,5,0,-1,-1,-1
CCACGTTTCATACAGC-1,0,1,0,0,10,0,6,4,0,4,7,0,0,10,0,15,0,0,0,1,0,7,12,0,0,5,0,-1,-1,-1
I2,0,1,0,0,10,0,0,4,0,4,7,0,0,10,0,0,0,0,0:0.03/-1:0.97,0:0.03/-1:0.97,0:0.03/-1:0.97,7,12,0,0,5,0,-1,-1,-1
I3,0,1,0,0:0.04/10:0.96,10,0,1,4,0,4,7,0,0,10,0,0,0:0.73/22:0.27,0:0.73/1:0.27,-1,-1,-1,7,12,0,0:0.73/4:0.27,5,0,-1,-1,-1
CACGTTCAGACTTGTC-1,0,1,0,10,10,0,1,4,0,4,7,0,0,10,0,0,22,1,-1,-1,-1,7,12,4,4,5,0,-1,-1,-1
TATCCTATCATTGAGC-1,0,1,0,10,10,0,1,4,0,4,7,0,21,10,0,-1,-1,-1,-1,-1,-1,7,12,0,-1,-1,-1,-1,-1,-1
I4,0,1,0,0,10,0,0:0.01/6:0.99,4,0,4,7,0,0,10,0,0,0,0,-1,-1,-1,7,12,0,0,5,0,-1,-1,-1
TTGTTTGGTCTGTAAC-1,0,1,0,0,10,0,6,4,0,4,7,0,0,10,0,0,6,0,-1,-1,-1,7,12,0,0,5,0,-1,-1,-1
ACCATTTGTAGTAAGT-1,0,1,0,0,10,0,6,4,0,4,7,0,0,10,0,6,12,0,-1,-1,-1,7,12,0,0,5,0,-1,-1,-1
(((((TGACCCTAGGCTCCCA-1:3.046,TAATCTCCAAACTCGT-1:2.245)I7:15.014,(CCACGAGCAGGGCTTC-1:8.23,CGGGCATCAAACACCT-1:10.23)I6:0.018)I5:2.91,(TGTTGAGTCGTTAGAC-1:8.197,TGTACAGAGAGATCGC-1:1.197)I4:10.977)I3:1.056,((GTCCCATCATCCTTCG-1:3.036,TTGCATTCAGACGGAT-1:0.131)I2:4.239,GTAGCTAAGCCAGAGT-1:5.01)I1:13.862)c50:2.818)I0;
I0,0,0,0,0,0,0,0,0,0,0,0,0,0,0,0,0,0,0,0,0,0,0,0,0,0,0,0,0,0,0
c50,0,0,0,0,0,0,0,0,0,0,0,0,0,0,0,0,0,0,0,0,0,0,0,0,0,0,0,0:0.06/-1:0.94,0:0.06/-1:0.94,0:0.06/-1:0.94
I1,0,13,0,0:0.01/16:0.99,0:0.01/10:0.99,0,0:0.32/4:0.68,0:0.32/13:0.68,0:0.32/3:0.68,0,12,0,0:0.01/24:0.99,41,0,20,0:0.01/24:0.99,0,0,33,0,32,0:0.01/10:0.99,0,0,0:0.32/3:0.68,0,-1,-1,-1
GTAGCTAAGCCAGAGT-1,0,13,0,16,10,0,4,13,3,3,12,0,24,41,0,20,24,0,0,33,0,32,10,0,-1,-1,-1,-1,-1,-1
I2,5,13,0,16,10,0,-1:0.99/4:0.01,-1:0.99/13:0.01,-1:0.99/3:0.01,0,12,0,24,41,0,20,24,0,0,33,0,32,10,0,0,0:0.1/3:0.9,0,-1,-1,-1
TTGCATTCAGACGGAT-1,5,13,0,16,10,0,-1,-1,-1,0,12,0,24,41,0,20,24,0,0,33,0,32,10,0,0,3,0,-1,-1,-1
GTCCCATCATCCTTCG-1,5,13,0,16,10,0,-1,-1,-1,0,12,0,24,41,0,20,24,0,0,33,0,32,10,0,-1,-1,-1,-1,-1,-1
I3,0,0,0,0,0,0,0,0,0,0,0,0,0,0,0,0,0,0,0,0,0,0,0:0.09/7:0.91,0,0,0,0,0:0.02/-1:0.98,0:0.02/-1:0.98,0:0.02/-1:0.98
I4,23,38,0:0.04/5:0.96,0,0,0,0,46,0,0,0:0.01/35:0.99,0,0,0:0.01/16:0.99,0,0,0:0.01/6:0.99,0,0:0.03/-1:0.96/1:0.008/2:0.001/4:0.009/6:0.002/7:0.008/9:0.003/10:0.006/11:0.001/13:0.009/16:0.008/17:0.007/18:0.001,0:0.03/-1:0.96/1:0.009/2:0.008/4:0.008/5:0.004/6:0.001/8:0.003/9:0.005/10:0.001/13:0.001/14:0.009/16:0.003/17:0.001/19:0.006/20:0.001/21:0.001/22:0.003/23:0.009/24:0.001/26:0.006/29:0.005/33:0.004/34:0.001/35:0.001/36:0.001,0:0.03/-1:0.96/3:0.001,0:0.01/13:0.99,7,0,0,0,0,-1,-1,-1
TGTACAGAGAGATCGC-1,23,38,5,0,0,0,29,46,0,0,35,0,0,16,0,0,6,0,-1,-1,-1,13,7,0,0,0,0,-1,-1,-1
TGTTGAGTCGTTAGAC-1,23,38,5,-1,-1,-1,0,46,0,14,35,0,0,16,0,24,6,0,-1,-1,-1,13,7,0,-1,-1,-1,-1,-1,-1
I5,0,0,0,0,0,0,0,0,0,0,0,0,0,0,0,0,0,0,0,0,0,0,7,0,0:0.07/-1:0.92/1:0.006/2:0.008/3:0.002/4:0.008/6:0.009/7:0.008/9:0.006/10:0.007/13:0.009/14:0.002/15:0.002,0:0.07/-1:0.92/1:0.006/2:0.001/3:0.004/4:0.005/5:0.002/6:0.009/8:0.008/9:0.005/10:0.006/11:0.004/12:0.009/13:0.001/15:0.001/16:0.009/19:0.001/20:0.003/21:0.003/22:0.008/24:0.003/27:0.002/28:0.001/29:0.002/30:0.001,0:0.07/-1:0.92/2:0.006,-1,-1,-1
I6,0,0,0,0,0,0,0,0,0,0,0,0,0,0,0,0,0,0,0,0,0,0,7,0,0:0.07/-1:0.92/1:0.006/2:0.008/3:0.002/4:0.008/6:0.009/7:0.008/9:0.006/10:0.007/13:0.009/14:0.002/15:0.002,0:0.07/-1:0.92/1:0.006/2:0.001/3:0.004/4:0.005/5:0.002/6:0.009/8:0.008/9:0.005/10:0.006/11:0.004/12:0.009/13:0.001/15:0.001/16:0.009/19:0.001/20:0.003/21:0.003/22:0.008/24:0.003/27:0.002/28:0.001/29:0.002/30:0.001,0:0.07/-1:0.92/2:0.006,-1,-1,-1
CGGGCATCAAACACCT-1,15,29,0,0,28,2,0,34,0,0,27,0,0,33,0,2,6,0,0,27,0,0,7,0,-1,-1,-1,-1,-1,-1
CCACGAGCAGGGCTTC-1,0,10,0,0,13,0,4,5,0,0,13,0,8,2,0,0,1,0,0,0,0,0,7,0,-1,-1,-1,-1,-1,-1
I7,1,27,0,12,25,0,18,31,0,0,0,0,20,30,0,17,27,6,0:0.01/-1:0.99,0:0.01/-1:0.99,0:0.01/-1:0.99,0:0.2/1:0.8,7,0,-1,-1,-1,-1,-1,-1
TAATCTCCAAACTCGT-1,1,27,0,12,25,0,18,31,0,0,30,2,20,30,0,17,27,6,-1,-1,-1,1,7,0,-1,-1,-1,-1,-1,-1
TGACCCTAGGCTCCCA-1,1,27,0,12,25,0,18,31,0,0,0,0,20,30,0,17,27,6,-1,-1,-1,-1,-1,-1,-1,-1,-1,-1,-1,-1
(((((((TAAGCGTCAGCCTTCT-1:2.09,ATCTCTACAGACCATT-1:3.09)I21:2.919,((((ACGGTCGGTGTAGGAC-1:2,ATACCGAGTAGGTAGC-1:2)I20:0,ATCACAGGTATCGCTA-1:2)I19:0,TGCAGTACAAGTGTCT-1:4)I18:0,GTGGTTACAGATCATC-1:5)I17:0)I16:0.001,((CATACCCAGAAGTCCG-1:2.036,TCTACCGCAACAACAA-1:4.036)I15:0.976,((GTCTACCCAACAGCCC-1:5.049,CACGTTCCACAAACGG-1:1.856)I14:1.191,TGTTGAGTCGGCCAAC-1:2.047)I13:2.967)I12:0.989)I11:2.999,(((AGACCATGTGGTAATA-1:4.06,CGTAAGTAGGTGCAGT-1:5.06)I10:0.94,(GAAATGAGTCCACGCA-1:3,TCCGTGTTCACACCCT-1:5.956)I9:0.044)I8:0,((TCTTAGTCACGTTGGC-1:2.078,TGAGCATAGTTTGAGA-1:2.078)I7:9.003,(AGCTTCCTCGAAGAAT-1:5.01,CCATAAGTCACCATAG-1:0.01)I6:0.817)I5:1.173)I4:0)I3:0.01,GCCAGTGAGCGACATG-1:11.01)I2:3.027,TGGATGTGTATATGGA-1:8.702)I1:5.298)I0;
I0,0,0,0,0,0,0,0,0,0,0,0,0,0,0,0,0,0,0,0,0,0,0,0,0,0,0,0,0,0,0
I1,0,0:0.01/10:0.99,0,0,13,0,0,0,0,0,0,0,0,0:0.01/2:0.99,0,0,0:0.01/1:0.99,0,0,0,0,0,0,0,0,0,0,0:0.56/1:0.44,0:0.56/3:0.44,0:0.56/1:0.44
TGGATGTGTATATGGA-1,0,10,0,0,13,0,28,24,0,0,13,0,0,2,0,0,1,0,0,37,0,0,0,0,-1,-1,-1,1,3,1
I2,0,10,0,0,13,0,0,0,0,0,0,0,0,2,0,0,1,0,0,0,0,0,0,0,0,0,0,-1,-1,-1
GCCAGTGAGCGACATG-1,0,10,0,0,13,0,-1,-1,-1,0,0,0,0,2,0,0,1,0,-1,-1,-1,-1,-1,-1,11,25,0,-1,-1,-1
I3,0,10,0,0,13,0,0,0,0,0,0,0,0,2,0,0,1,0,0,0,0,0,0,0,0,0,0,-1,-1,-1
I4,0,10,0,0,13,0,0,0,0,0,0,0,0,2,0,0,1,0,0,0,0,0,0,0,0,0,0,-1,-1,-1
I5,0,10,0,0,13,0,0,0,0,0,0,0,0,2,0,0:0.07/6:0.93,1,0,0,0,0,0,0:0.76/22:0.24,0,0,0,0,-1,-1,-1
I6,0,10,0,0,13,0,0,0,0,0,0,0,0,2,0,6,1,0,0,0,0,0,0:0.01/22:0.99,0,0,0,0,-1,-1,-1
CCATAAGTCACCATAG-1,0,10,0,0,13,0,0,0,0,0,0,0,0,2,0,6,1,0,0,0,0,0,22,0,0,0,0,-1,-1,-1
AGCTTCCTCGAAGAAT-1,0,10,0,0,13,0,-1,-1,-1,0,0,0,0,2,0,6,1,0,0,0,0,17,22,0,0,9,0,-1,-1,-1
I7,0,10,0,0,13,0,0,0,0,0,0,0,0,2,0,6,1,0,0:0.01/-1:0.99,0:0.01/-1:0.99,0:0.01/-1:0.99,0:0.01/-1:0.99,0:0.01/-1:0.99,0:0.01/-1:0.99,0:0.01/-1:0.99,0:0.01/-1:0.99,0:0.01/-1:0.99,-1,-1,-1
TGAGCATAGTTTGAGA-1,0,10,0,0,13,0,17,30,0,0,0,0,0,2,0,6,1,0,-1,-1,-1,-1,-1,-1,-1,-1,-1,-1,-1,-1
TCTTAGTCACGTTGGC-1,0,10,0,0,13,0,4,44,0,0,0,0,0,2,0,6,1,0,-1,-1,-1,-1,-1,-1,-1,-1,-1,-1,-1,-1
I8,0,10,0,0,13,0,0,0,0,0,0,0,0,2,0,0,1,0,0,0,0,0,0,0,0,0,0,-1,-1,-1
I9,0,10,0,0,13,0,0,0,0,0,0,0,0,2,0,0,1,0,0,0,0,0,0,0,0:0.98/7:0.02,0:0.98/15:0.02,0,-1,-1,-1
TCCGTGTTCACACCCT-1,0,10,0,0,13,0,4,40,0,0,0,0,0,2,0,0,1,0,0,0,0,8,13,0,7,15,0,-1,-1,-1
GAAATGAGTCCACGCA-1,0,10,0,0,13,0,0,0,0,0,0,0,0,2,0,0,1,0,0,0,0,0,0,0,-1,-1,-1,-1,-1,-1
I10,0,10,0,0,13,0,0,0,0,0,0,0,0,2,0,0,1,0,0,0,0,0,0:0.06/2:0.94,0,0,0,0,-1,-1,-1
CGTAAGTAGGTGCAGT-1,0,10,0,0,13,0,0,13,0,0,0,0,0,2,0,0,1,0,0,29,0,10,2,0,2,22,0,-1,-1,-1
AGACCATGTGGTAATA-1,0,10,0,0,13,0,0,0,0,0,13,0,0,2,0,0,1,0,0,0,0,15,2,0,4,8,0,-1,-1,-1
I11,0,10,0,0,13,0,0,0,0,0,0,0,0,2,0,0,1,0,0,0,0,0,0,0,-1,-1,-1,-1,-1,-1
I12,0,10,0,0,13,0,0,0,0,0,0:0.01/13:0.99,0,0,2,0,0,1,0,0,0,0,0,0,0,-1,-1,-1,-1,-1,-1
I13,0,10,0,0,13,0,0,0,0,0,13,0,0,2,0,0,1,0,0:0.01/-1:0.98/1:0.008/2:0.001/4:0.009/6:0.002/7:0.008/9:0.003/10:0.006/11:0.001/13:0.009/16:0.008/17:0.007/18:0.001,0:0.01/-1:0.98/1:0.009/2:0.008/4:0.008/5:0.004/6:0.001/8:0.003/9:0.005/10:0.001/13:0.001/14:0.009/16:0.003/17:0.001/19:0.006/20:0.001/21:0.001/22:0.003/23:0.009/24:0.001/26:0.006/29:0.005/33:0.004/34:0.001/35:0.001/36:0.001,0:0.01/-1:0.98/3:0.001,0,0,0,-1,-1,-1,-1,-1,-1
TGTTGAGTCGGCCAAC-1,0,10,0,0,13,0,0,33,0,0,13,0,0,2,0,0,1,0,-1,-1,-1,0,33,0,-1,-1,-1,-1,-1,-1
I14,0,10,0,0,13,0,0,0:0.81/5:0.19,0,0,13,0,0:0.04/8:0.96,2,0,0,1,0,-1,-1,-1,0,0,0,-1,-1,-1,-1,-1,-1
CACGTTCCACAAACGG-1,0,10,0,0,13,0,0,5,0,0,13,0,8,2,0,0,1,0,-1,-1,-1,0,10,0,-1,-1,-1,-1,-1,-1
GTCTACCCAACAGCCC-1,0,10,0,0,13,0,-1,-1,-1,0,13,0,8,2,0,0,1,0,-1,-1,-1,36,0,5,-1,-1,-1,-1,-1,-1
I15,0,10,0,0,13,0,0,0,0,0,13,0,0,2,0,0,1,0,0,0,0,0:0.04/5:0.96,0,0,-1,-1,-1,-1,-1,-1
TCTACCGCAACAACAA-1,0,10,0,0,13,0,6,43,0,0,13,0,8,2,0,0,1,0,0,0,0,5,2,0,-1,-1,-1,-1,-1,-1
CATACCCAGAAGTCCG-1,0,10,0,0,13,0,0,29,0,0,13,0,0,2,0,0,1,0,0,0,0,5,10,0,-1,-1,-1,-1,-1,-1
I16,0,10,0,0,13,0,0,0,0,0,0,0,0,2,0,0,1,0,0,0,0,0,0,0,-1,-1,-1,-1,-1,-1
I17,0,10,0,0,13,0,0,0,0,0,0,0,0,2,0,0,1,0,0,0,0,0,0,0,-1,-1,-1,-1,-1,-1
GTGGTTACAGATCATC-1,0,10,0,0,13,0,5,10,0,0,0,0,0,2,0,0,1,0,0,0,0,-1,-1,-1,-1,-1,-1,-1,-1,-1
I18,0,10,0,0,13,0,0,0,0,0,0,0,0,2,0,0,1,0,0,0,0,0,0,0,-1,-1,-1,-1,-1,-1
TGCAGTACAAGTGTCT-1,0,10,0,0,13,0,27,45,0,0,0,0,0,2,0,0,1,0,0,0,0,1,2,0,-1,-1,-1,-1,-1,-1
I19,0,10,0,0,13,0,0,0,0,0,0,0,0,2,0,0,1,0,0,0,0,0,0,0,-1,-1,-1,-1,-1,-1
ATCACAGGTATCGCTA-1,0,10,0,0,13,0,0,0,0,0,0,0,0,2,0,0,1,0,0,0,0,2,10,0,-1,-1,-1,-1,-1,-1
I20,0,10,0,0,13,0,0,0,0,0,0,0,0,2,0,0,1,0,0,0,0,0,0,0,-1,-1,-1,-1,-1,-1
ATACCGAGTAGGTAGC-1,0,10,0,0,13,0,0,21,0,0,0,0,0,2,0,0,1,0,0,0,0,0,28,0,-1,-1,-1,-1,-1,-1
ACGGTCGGTGTAGGAC-1,0,10,0,0,13,0,0,0,0,0,0,0,0,2,0,6,1,0,0,6,0,0,0,0,-1,-1,-1,-1,-1,-1
I21,0,10,0,0,13,0,0:0.03/-1:0.97,0:0.03/-1:0.97,0:0.03/-1:0.97,0,0,0,0,2,0,0,1,0,0,0,0,0,0,0,-1,-1,-1,-1,-1,-1
ATCTCTACAGACCATT-1,0,10,0,0,13,0,-1,-1,-1,0,0,0,0,2,0,0,1,0,0,0,0,20,29,3,-1,-1,-1,-1,-1,-1
TAAGCGTCAGCCTTCT-1,0,10,0,0,13,0,-1,-1,-1,0,0,0,0,2,0,0,1,0,0,0,0,13,49,0,-1,-1,-1,-1,-1,-1
(((((((GAGAGGTGTGTCCTAA-1:5.934,TTGTTCAAGGTCTTTG-1:7.9)I40:0.11,(GGGCTCAGTCTAATCG-1:3.262,GGGTTTAGTATTGGCT-1:6.002)I39:1.748)I38:12.998,((GGCGTCACATTCTCCG-1:10.968,GCCAGCACACACCGCA-1:12)I37:0.032,((TGGTTAGAGTCTGGTT-1:2.093,(ACCCTCACAGTGGGTA-1:2.004,TTGATGGCAAGCAATA-1:2.004)I36:3.089)I35:2.941,(((GACTTCCCATGGCTAT-1:2.38,GTGACGCTCGTTAGTG-1:4.033)I34:1.734,CCTTTGGTCGACTCCT-1:4.113)I33:2.952,ATCGGCGCACTGCGTG-1:8.687)I32:2.33)I31:5.984)I30:0.005)I29:0.995,(GGAGGTAGTGTACAGG-1:6.565,ATACTTCCATAACGGG-1:7.849)I28:12.723)I27:0,((((((ACGATGTCATCGGAAG-1:4.021,TTTCAGTCACTCTAGA-1:1.476)I26:4.644,TTCAATCAGCGAGGAG-1:3.12)I25:0.888,(((TACGGGCAGATACGAT-1:0.002,CTAACCCTCTGCCCTA-1:1.002)I24:1.018,AGATGCTTCTCTAGGA-1:1.02)I23:2.996,CTCAATTTCCGGCAAC-1:2.96)I22:5.048)I21:6.995,((ATGCGATGTGAGATTA-1:6.029,AGCCAGCTCTAAGGAA-1:6.05)I20:6.145,(CTGATCCAGCTTTGTG-1:5.036,(CACCAAACATCGCTAA-1:2.006,AAGTTCGGTGCTCTCT-1:3.006)I19:1.03)I18:9.139)I17:0.828)I16:0.004,((CCTTGTGAGGGACTGT-1:6.151,(CTTAGGACACAAGCAG-1:4.852,ATACTTCGTCGACGCT-1:5.128)I15:2.3)I14:8.09,ATGGTTGTCCGCATAA-1:15.138)I13:0.868)I12:2.994,((((AGGCCACAGTGGATTA-1:9.776,(TGATTCTGTGAATAAC-1:3.003,(GAGATGGGTTCAGCGC-1:3.001,CCGTAGGCAACCGCCA-1:2.001)I11:0.001)I10:12.774)I9:1.282,(AATTTCCTCGAGAACG-1:9.06,TCAAGCAAGCTGTACT-1:6.423)I8:3.555)I7:0.024,AATCGTGTCGGATAAA-1:13.001)I6:0.005,(TGGGATTTCCATCACC-1:15.365,TGTCAGATCAAGAGGC-1:9.253)I5:0.753)I4:2.994)I3:0)I2:0.012,(TCAATTCAGCTTCTAG-1:15.447,TCGCTCAGTGTGGTCC-1:11.493)I1:0.565)missing_3:2.988)I0;
I0,0,0,0,0,0,0,0,0,0,0,0,0,0,0,0,0,0,0,0,0,0,0,0,0,0,0,0,0,0,0
missing_3,0,0,0,0,0,0,0,0,0,0,0,0,0,0,0,0,0,0,0,0,0,0,0,0,0,0,0,-1,-1,-1
I1,0,0,0,0,0,0,0:0.48/18:0.52,0,0,0,0,0,0,0,0,0,0,0,0,0,0,0,0,0,0,0:0.95/28:0.05,0,-1,-1,-1
TCGCTCAGTGTGGTCC-1,0,0,0,0,0,0,18,41,0,19,1,0,0,46,0,0,38,0,0,0,0,41,55,6,-1,-1,-1,-1,-1,-1
TCAATTCAGCTTCTAG-1,0,8,0,1,10,0,18,10,5,0,10,0,20,30,0,9,19,0,18,35,0,39,52,0,0,28,0,-1,-1,-1
I2,0,0,0,0,0,0,0,0,0,0,0,0,0,0,0,0,0,0,0,0,0,0,0,0,0,0,0,-1,-1,-1
I3,0,0,0,0,0,0,0,0,0,0,0,0,0,0,0,0,0,0,0,0,0,0,0,0,0,0,0,-1,-1,-1
I4,0,0,0,0,0,0,0,0,0,0,0,0,0,0,0,0,0,0,-1,-1,-1,0,0,0,0,0,0,-1,-1,-1
I5,0,0,0,0,0,0,0,0:0.36/5:0.64,0,0,0,0,0,0,0,0,0,0,-1,-1,-1,0,0,0,0:0.94/15:0.06,0:0.94/29:0.06,0,-1,-1,-1
TGTCAGATCAAGAGGC-1,0,39,0,0,42,0,0,5,0,0,1,0,0,0,0,0,39,1,-1,-1,-1,1,57,0,15,29,0,-1,-1,-1
TGGGATTTCCATCACC-1,22,37,0,25,41,0,3,5,0,25,34,0,0,25,0,23,24,0,-1,-1,-1,42,56,0,-1,-1,-1,-1,-1,-1
I6,0,0,0,0,0,0,0,0,0,0,0,0,0,0,0,0,0,0,-1,-1,-1,0,0,0,0,0,0,-1,-1,-1
AATCGTGTCGGATAAA-1,3,4,0,0,6,0,0,7,0,5,8,0,4,7,0,2,8,0,-1,-1,-1,0,7,0,2,3,0,-1,-1,-1
I7,0,0,0,0,0,0,0,0,0,0,0,0,0,0,0,0,0,0,-1,-1,-1,0,0,0,0:0.99/6:0.01,0:0.99/20:0.01,0,-1,-1,-1
I8,0,0:0.05/7:0.95,0,0,8,0,0,0,0,0,0,0,0,0,0,0,0:0.01/10:0.99,0,-1,-1,-1,0,0,0,0:0.68/6:0.32,0:0.68/20:0.32,0,-1,-1,-1
TCAAGCAAGCTGTACT-1,0,7,0,0,8,0,0,0,0,-1,-1,-1,8,2,0,0,10,0,-1,-1,-1,0,0,0,6,20,0,-1,-1,-1
AATTTCCTCGAGAACG-1,0,7,0,0,8,0,-1,-1,-1,0,0,0,5,9,0,0,10,0,-1,-1,-1,0,9,0,-1,-1,-1,-1,-1,-1
I9,0,0,0,0,0,0,0,0,0,0,0,0,0,0,0,0,0,0,-1,-1,-1,0,0,0,0:0.57/-1:0.41/6:0.02,0:0.57/-1:0.41/20:0.02,0:0.57/-1:0.41/1:0.001/2:0.011,-1,-1,-1
I10,1,27,0,12,25,0,18,31,0,0,0,0,20,30,0,17,27,6,-1,-1,-1,0,0,0,-1,-1,-1,-1,-1,-1
I11,1,27,0,12,25,0,18,31,0,0,0,0,20,30,0,17,27,6,-1,-1,-1,0,0,0,-1,-1,-1,-1,-1,-1
CCGTAGGCAACCGCCA-1,1,27,0,12,25,0,18,31,0,20,22,0,20,30,0,17,27,6,-1,-1,-1,0,0,0,-1,-1,-1,-1,-1,-1
GAGATGGGTTCAGCGC-1,1,27,0,12,25,4,18,31,0,0,0,0,20,30,0,17,27,6,-1,-1,-1,32,10,0,-1,-1,-1,-1,-1,-1
TGATTCTGTGAATAAC-1,1,27,0,12,25,0,18,31,0,15,10,0,20,30,0,17,27,6,-1,-1,-1,0,11,0,-1,-1,-1,-1,-1,-1
AGGCCACAGTGGATTA-1,4,6,0,0,0,0,6,10,0,0,0,0,0,22,0,0,6,0,-1,-1,-1,0,24,2,-1,-1,-1,-1,-1,-1
I12,0,0,0,0,0,0,0,0,0,0,0,0,0,0,0,0,0,0,0,0,0,0,0,0,-1,-1,-1,-1,-1,-1
I13,0,0,0,0,0,0,0,0:0.21/23:0.79,0,0:0.96/13:0.04,0:0.96/18:0.04,0,0,0,0,0,0,0,0,0,0,0,0,0,-1,-1,-1,-1,-1,-1
ATGGTTGTCCGCATAA-1,5,16,0,6,19,0,2,23,0,13,18,0,16,16,0,2,20,0,-1,-1,-1,0,4,0,-1,-1,-1,-1,-1,-1
I14,0,17,0,0,0,0,0,23,0,0:0.03/-1:0.96/13:0.01,0:0.03/-1:0.96/18:0.01,0:0.03/-1:0.96/2:0.001,0,0,0,0:0.01/6:0.99,0:0.01/1:0.99,0,0,0,0,0:0.01/6:0.99,0:0.01/2:0.99,0,-1,-1,-1,-1,-1,-1
I15,0:0.06/5:0.94,17,0,0,0,0,0,23,0,-1:0.99/13:0.01,-1:0.99/18:0.01,-1:0.99/2:0.001,0,0:0.04/2:0.96,0,6,1,0,0,0:0.72/19:0.28,0,6,2,0,-1,-1,-1,-1,-1,-1
ATACTTCGTCGACGCT-1,5,17,0,0,2,0,0,23,0,-1,-1,-1,15,2,0,6,1,0,-1,-1,-1,6,2,0,-1,-1,-1,-1,-1,-1
CTTAGGACACAAGCAG-1,5,17,0,13,31,0,4,23,0,-1,-1,-1,1,2,0,6,1,0,0,19,0,6,2,0,-1,-1,-1,-1,-1,-1
CCTTGTGAGGGACTGT-1,0,17,0,-1,-1,-1,0,23,0,-1,-1,-1,0,1,0,6,1,0,10,26,0,6,2,0,-1,-1,-1,-1,-1,-1
I16,0,0,0,0,0,0,0,0,0,0,0,0,0,0,0,0,0,0,0,0,0,0,0,0,-1,-1,-1,-1,-1,-1
I17,0,0,0,0,0,0,0,0,0,0,0,0,0,0,0,0,0,0,0,0,0,0,0:0.17/2:0.83,0,-1,-1,-1,-1,-1,-1
I18,0,5,0,0,0,0,4,6,0,4,7,0,0,6,0,4,7,0:0.03/1:0.97,0,0,0,0,2,0,-1,-1,-1,-1,-1,-1
I19,0,5,0,0,0,0,4,6,0,4,7,0,0,6,0,4,7,0:0.01/1:0.99,0,3,0,0,2,0,-1,-1,-1,-1,-1,-1
AAGTTCGGTGCTCTCT-1,0,5,0,4,5,0,4,6,0,4,7,0,0,6,0,4,7,1,0,3,0,5,2,0,-1,-1,-1,-1,-1,-1
CACCAAACATCGCTAA-1,0,5,0,9,20,0,4,6,0,4,7,0,0,6,0,4,7,1,0,3,0,0,2,0,-1,-1,-1,-1,-1,-1
CTGATCCAGCTTTGTG-1,14,5,0,0,14,0,4,6,0,4,7,0,0,6,0,4,7,1,12,31,4,0,2,0,-1,-1,-1,-1,-1,-1
I20,0,0,0,0,15,0,0,0:0.02/5:0.98,0,0,0:0.01/14:0.99,0,0,0:0.01/20:0.99,0,0:0.49/2:0.51,0:0.49/19:0.51,0,0,10,0,0,2,0,-1,-1,-1,-1,-1,-1
AGCCAGCTCTAAGGAA-1,0,15,2,0,15,0,0,5,0,0,14,0,0,20,0,-1,-1,-1,0,10,0,1,2,0,-1,-1,-1,-1,-1,-1
ATGCGATGTGAGATTA-1,2,19,0,6,15,0,0,5,2,12,14,0,0,20,0,2,19,0,0,10,0,0,2,0,-1,-1,-1,-1,-1,-1
I21,0,4,0,0,6,0,0,7,0,5,8,0,0,0,0,0,8,0,0,0,0,0,7,0,-1,-1,-1,-1,-1,-1
I22,0,4,0,0,6,0,0:0.01/3:0.99,7,0,5,8,0,11,19,0,0,8,0,0:0.47/11:0.53,0:0.47/19:0.53,0,16,7,0,-1,-1,-1,-1,-1,-1
CTCAATTTCCGGCAAC-1,0,4,0,6,6,0,3,7,0,5,8,0,11,19,0,2,8,0,11,19,0,16,7,0,-1,-1,-1,-1,-1,-1
I23,0,4,0,0,6,0,3,7,0,5,8,0,11,19,0,0,8,0,-1:0.99/11:0.01,-1:0.99/19:0.01,0:0.01/-1:0.99,16,7,0,-1,-1,-1,-1,-1,-1
AGATGCTTCTCTAGGA-1,0,4,0,0,6,0,3,7,0,5,8,0,11,19,0,9,8,0,-1,-1,-1,16,7,0,-1,-1,-1,-1,-1,-1
I24,0,4,0,0,6,0,3,7,0,5,8,0,11,19,0,2,8,0,-1,-1,-1,16,7,0,-1,-1,-1,-1,-1,-1
CTAACCCTCTGCCCTA-1,0,4,0,6,6,0,3,7,0,5,8,0,11,19,0,2,8,0,-1,-1,-1,16,7,0,-1,-1,-1,-1,-1,-1
TACGGGCAGATACGAT-1,0,4,0,0,6,0,3,7,0,5,8,0,11,19,0,2,8,0,-1,-1,-1,16,7,0,-1,-1,-1,-1,-1,-1
I25,0,4,0,0,6,0,0,7,0,5,8,0,0,0,0,0,8,0,0,0:0.12/23:0.88,0,0,7,0,-1,-1,-1,-1,-1,-1
TTCAATCAGCGAGGAG-1,0,4,0,6,6,0,0,7,0,5,8,0,0,48,0,10,8,0,0,23,0,0,7,0,-1,-1,-1,-1,-1,-1
I26,0,4,0,0,6,0,0,7,0,5,8,0,0:0.01/8:0.99,13,0,0:0.01/1:0.99,8,0,0:0.41/13:0.59,0:0.05/23:0.95,0,9,7,0,-1,-1,-1,-1,-1,-1
TTTCAGTCACTCTAGA-1,0,4,0,0,6,0,18,7,0,5,8,0,8,13,0,1,8,0,13,23,0,9,7,0,-1,-1,-1,-1,-1,-1
ACGATGTCATCGGAAG-1,0,4,0,0,6,0,3,7,0,5,8,0,8,13,0,1,8,0,-1,-1,-1,9,7,0,-1,-1,-1,-1,-1,-1
I27,0,0,0,0,0,0,0,0,0,0,0,0,0,0,0,0,0,0,0,0,0,0,0,0,0,0,0,-1,-1,-1
I28,0,0:0.43/9:0.57,0,0:0.02/7:0.98,0:0.02/17:0.98,0,14,22,0,0,0,0,0:0.02/15:0.98,26,0,0:0.03/1:0.97,0:0.02/13:0.98,0,0:0.43/5:0.57,0:0.43/11:0.57,0:0.43/2:0.57,0,0:0.43/10:0.57,0,0:0.02/7:0.98,13,0,-1,-1,-1
ATACTTCCATAACGGG-1,-1,-1,-1,7,17,0,14,22,0,-1,-1,-1,15,26,0,1,13,0,5,11,2,0,10,0,7,13,0,-1,-1,-1
GGAGGTAGTGTACAGG-1,0,9,0,7,17,0,14,22,0,0,0,0,15,26,0,1,13,0,-1,-1,-1,-1,-1,-1,7,13,0,-1,-1,-1
I29,0,0,0,0,0,0,0,0,0,0,0,0,0,0,0,0,0:0.01/6:0.99,0,0,0,0,0,0,0,0,0,0,-1,-1,-1
I30,0,0,0,0,0,0,0,0,0,0,0,0,0,0,0,0,6,0,0,0,0,0,0,0,0,0,0,-1,-1,-1
I31,0,0:0.01/1:0.99,0,0,0,0,0,11,0,0,0:0.01/10:0.99,0,0,0,0,0,6,0,0,4,0,8,13,0,0,0,0,-1,-1,-1
I32,0,1,0,0:0.82/8:0.18,0:0.82/18:0.18,0,0:0.05/4:0.95,11,0,0,10,0,0,0,0,14,6,0,0,4,0,8,13,0,0,0,0,-1,-1,-1
ATCGGCGCACTGCGTG-1,0,1,0,8,18,0,4,11,0,11,10,0,-1,-1,-1,14,6,0,0,4,0,8,13,0,-1,-1,-1,-1,-1,-1
I33,0,1,0,0:0.03/-1:0.96/8:0.01,0:0.03/-1:0.96/18:0.01,0:0.03/-1:0.96/4:0.001,4,11,0,0,10,0,0,0,0,14,6,0,0,4,0,8,13,0,0,0,0,-1,-1,-1
CCTTTGGTCGACTCCT-1,0,1,0,-1,-1,-1,4,11,0,0,10,0,22,31,0,14,6,0,0,4,0,8,13,0,6,20,0,-1,-1,-1
I34,0,1,0,-1,-1,-1,4,11,0,0,10,0,0:0.02/24:0.98,0,0,14,6,0,0,4,0,8,13,0,0:0.67/7:0.33,0:0.67/15:0.33,0,-1,-1,-1
GTGACGCTCGTTAGTG-1,0,1,0,-1,-1,-1,4,11,0,0,10,0,24,42,0,14,6,0,0,4,0,8,13,0,-1,-1,-1,-1,-1,-1
GACTTCCCATGGCTAT-1,0,1,0,-1,-1,-1,4,11,0,0,10,0,24,11,0,14,6,0,0,4,0,8,13,0,7,15,0,-1,-1,-1
I35,0,1,0,0,0,0,0,11,0,0,10,0,0,0,0,0,6,0,0,4,0,8,13,0,0:0.03/-1:0.97,0:0.03/-1:0.97,0:0.03/-1:0.97,-1,-1,-1
I36,0,1,0,0,0,0,7,11,0,0,10,0,0,0,0,7,6,0,3,4,0,8,13,0,-1,-1,-1,-1,-1,-1
TTGATGGCAAGCAATA-1,0,1,0,26,43,0,7,11,0,0,10,0,0,0,0,7,6,0,3,4,0,8,13,0,-1,-1,-1,-1,-1,-1
ACCCTCACAGTGGGTA-1,0,1,0,0,11,0,7,11,0,0,10,0,0,11,0,7,6,0,3,4,0,8,13,0,-1,-1,-1,-1,-1,-1
TGGTTAGAGTCTGGTT-1,0,1,0,0,0,0,18,11,0,0,10,0,0,0,0,2,6,0,0,4,0,8,13,0,-1,-1,-1,-1,-1,-1
I37,0:0.99/15:0.01,0:0.99/29:0.01,0,0,0,0,0,0,0,0,0,0,0,0,0,0,6,0,0,0:0.99/27:0.01,0,0,0,0,0,0,0,-1,-1,-1
GCCAGCACACACCGCA-1,-1,-1,-1,0,34,0,0,0,0,0,0,0,0,38,0,0,6,0,-1,-1,-1,34,45,0,10,24,0,-1,-1,-1
GGCGTCACATTCTCCG-1,15,29,0,0,28,2,0,34,0,0,27,0,0,33,0,2,6,0,0,27,0,0,0,0,14,27,0,-1,-1,-1
I38,0,0,0,14,33,3,0,0,0,12,10,0,0,36,3,9,6,0,15,32,0,0,0,0,-1,-1,-1,-1,-1,-1
I39,0,34,0,14,33,3,0:0.75/24:0.25,0:0.75/38:0.25,0:0.75/4:0.25,12,10,0,0,36,3,9,6,0,15,32,0,0,0,0,-1,-1,-1,-1,-1,-1
GGGTTTAGTATTGGCT-1,0,34,0,14,33,3,-1,-1,-1,12,10,0,1,36,3,9,6,0,15,32,0,1,31,0,-1,-1,-1,-1,-1,-1
GGGCTCAGTCTAATCG-1,0,34,0,14,33,3,24,38,4,12,10,0,28,36,3,9,6,0,15,32,0,0,0,0,-1,-1,-1,-1,-1,-1
I40,0,0,0,14,33,3,0:0.98/8:0.02,0:0.98/14:0.02,0,12,10,0,0,36,3,9,6,0:0.93/1:0.07,15,32,0,0,0,0,-1,-1,-1,-1,-1,-1
TTGTTCAAGGTCTTTG-1,-1,-1,-1,14,33,3,8,14,0,12,10,0,0,36,3,9,6,1,15,32,0,44,2,0,-1,-1,-1,-1,-1,-1
GAGAGGTGTGTCCTAA-1,0,0,0,14,33,3,-1,-1,-1,12,10,0,0,36,3,9,6,1,15,32,0,5,42,0,-1,-1,-1,-1,-1,-1
(((((((AGATAGACAACCCTCT-1:3.006,TTCCGGTAGAATAACC-1:1.588)I11:2.415,(ATGTCTTTCCGGTAGC-1:1,CCTATCGTCCAAATGC-1:0)I10:0.003)I9:2.01,CTCAACCGTATCGATC-1:4.013)I8:6.998,(((TCCAGAAGTTTCACAG-1:6.255,GACTATGGTCTCTCAC-1:1.836)I7:3.202,TCGGGTGGTATTGACC-1:6.797)I6:2.263,(GTCTAGACAATAGTGA-1:1.009,ATACCTTGTACTCCCT-1:1.009)I5:9.054)I4:0.951)I3:0.025,ATTGTTCCAATCCAGT-1:8.036)I2:3.332,TTTGGAGAGTGTTGAA-1:8.062)I1:5.994)I0;
I0,0,0,0,0,0,0,0,0,0,0,0,0,0,0,0,0,0,0,0,0,0,0,0,0,0,0,0,0,0,0
I1,0,0,0,0,0,0,0,0,0,0,0,0,0,0,0,0,0,0,0:0.05/-1:0.94/1:0.008/2:0.001/4:0.009/6:0.002/7:0.008/9:0.003/10:0.006/11:0.001/13:0.009/16:0.008/17:0.007/18:0.001,0:0.05/-1:0.94/1:0.009/2:0.008/4:0.008/5:0.004/6:0.001/8:0.003/9:0.005/10:0.001/13:0.001/14:0.009/16:0.003/17:0.001/19:0.006/20:0.001/21:0.001/22:0.003/23:0.009/24:0.001/26:0.006/29:0.005/33:0.004/34:0.001/35:0.001/36:0.001,0:0.05/-1:0.94/3:0.001,0,0,0,0,0:0.7/21:0.3,0,0:0.05/-1:0.94/1:0.009,0:0.05/-1:0.94/1:0.005/2:0.005/3:0.009,0:0.05/-1:0.94/1:0.001
TTTGGAGAGTGTTGAA-1,0,0,0,3,13,0,0,33,0,0,26,0,0,32,0,0,23,0,-1,-1,-1,0,7,0,0,21,0,-1,-1,-1
I2,0,0,0,0,0,0,0,0,0,0,0,0,0,0,0,0,0,0,-1,-1,-1,0,0,0,0:0.01/-1:0.99,0:0.01/-1:0.99,0:0.01/-1:0.99,-1,-1,-1
ATTGTTCCAATCCAGT-1,0,1,0,7,11,0,0,10,0,0,19,0,0,28,0,0,3,0,-1,-1,-1,0,2,0,-1,-1,-1,-1,-1,-1
I3,0,0,0,0,0,0,0,0,0,0,0,0,0,0,0,0,0,0,-1,-1,-1,0,0,0,-1,-1,-1,-1,-1,-1
I4,0,0:0.06/7:0.94,0,0,0,0,0,0,0,0,0,0,0,0,0,0,0,0,-1,-1,-1,0,0,0,-1,-1,-1,-1,-1,-1
I5,0,7,0,0,11,0,0,0,0,10,17,0,0,25,0,13,0,3,-1,-1,-1,-1,-1,-1,-1,-1,-1,-1,-1,-1
ATACCTTGTACTCCCT-1,0,7,0,0,11,0,0,16,0,10,17,0,0,25,0,13,0,3,-1,-1,-1,-1,-1,-1,-1,-1,-1,-1,-1,-1
GTCTAGACAATAGTGA-1,0,7,3,0,11,0,0,0,0,10,17,0,0,25,0,13,0,3,-1,-1,-1,-1,-1,-1,-1,-1,-1,-1,-1,-1
I6,0,7,0,0,8,0,0,0,0,0,0:0.79/33:0.21,0,0,0,0,0,10,0,-1,-1,-1,0,0,0,-1,-1,-1,-1,-1,-1
TCGGGTGGTATTGACC-1,0,7,0,0,8,0,5,42,0,0,33,0,-1,-1,-1,0,10,0,-1,-1,-1,0,22,0,-1,-1,-1,-1,-1,-1
I7,0,7,0,0,8,0,0,0,0,0:0.07/-1:0.92/1:0.008/3:0.007/4:0.006/5:0.001/7:0.008/8:0.002/9:0.001/11:0.003/12:0.005/14:0.009/15:0.009/16:0.001/17:0.006/18:0.002/19:0.008/20:0.002/22:0.001/23:0.003,0:0.06/-1:0.92/33:0.02,0:0.07/-1:0.92/2:0.001,0,0,0,0,10,0,-1,-1,-1,0,0:0.58/10:0.42,0,-1,-1,-1,-1,-1,-1
GACTATGGTCTCTCAC-1,0,7,0,0,8,0,0,0,0,-1,-1,-1,0,11,0,0,10,0,-1,-1,-1,0,10,0,-1,-1,-1,-1,-1,-1
TCCAGAAGTTTCACAG-1,0,7,0,0,8,0,0,39,0,-1,-1,-1,1,5,0,0,10,0,-1,-1,-1,-1,-1,-1,-1,-1,-1,-1,-1,-1
I8,0,4,0,0,6,0,0,0,0,5,8,0,4,7,0,0,0,0,-1,-1,-1,0,0:0.01/7:0.99,0,-1,-1,-1,-1,-1,-1
CTCAACCGTATCGATC-1,3,4,0,0,6,0,0,15,0,5,8,0,4,7,0,0,30,0,-1,-1,-1,1,7,0,-1,-1,-1,-1,-1,-1
I9,0,4,0,0,6,0,0,7,0,5,8,0,4,7,0,0,8,0,-1,-1,-1,0,7,0,-1,-1,-1,-1,-1,-1
I10,0,4,0,0,6,0,0,7,0,5,8,0,4,7,0,0,8,0,-1,-1,-1,0,7,0,-1,-1,-1,-1,-1,-1
CCTATCGTCCAAATGC-1,0,4,0,0,6,0,0,7,0,5,8,0,4,7,0,0,8,0,-1,-1,-1,0,7,0,-1,-1,-1,-1,-1,-1
ATGTCTTTCCGGTAGC-1,0,4,0,0,6,0,0,7,0,5,8,0,4,7,0,2,8,0,-1,-1,-1,0,7,0,-1,-1,-1,-1,-1,-1
I11,3,4,0,0,6,0,0,7,0,5,8,0,4,7,0,0:0.58/6:0.42,8,0,-1,-1,-1,0:0.01/10:0.99,7,0,-1,-1,-1,-1,-1,-1
TTCCGGTAGAATAACC-1,3,4,0,1,6,0,0,7,0,5,8,0,4,7,0,6,8,0,-1,-1,-1,10,7,0,-1,-1,-1,-1,-1,-1
AGATAGACAACCCTCT-1,3,4,0,0,6,0,0,7,0,5,8,0,4,7,0,-1,-1,-1,-1,-1,-1,10,7,0,-1,-1,-1,-1,-1,-1
(((((TTGCGTCCAGCGGTCT-1:5.611,((AGCTTCCTCACTACGA-1:3.149,GATGATCGTACCTAGT-1:3.149)I23:3.105,CTCAAGACATCTAGAC-1:5.238)I22:2.792)I21:2.227,ACTTATCAGGCCTAAG-1:13.042)I20:3.17,((((CTCCTTTGTCGGTGAA-1:0.238,CATGGATCACTAGTAC-1:3.023)I19:5.749,ACTTCCGAGCTCATAC-1:6.964)I18:0.054,(((((TTGCGTCTCTTCCGTG-1:0,CATTGCCGTCCAAATC-1:0)I17:0,GATGCTATCGCGTGAC-1:0)I16:0.001,AGACCCGGTGGCTAGA-1:0.001)I15:3.04,AGCTTCCTCTTTCGAT-1:0.417)I14:3.588,(GCCGTGACACAATGTC-1:2.951,TAAGCGTAGACTAGAT-1:5)I13:0.049)I12:2.001)I11:3.8,CCTCACATCTCACGAA-1:13.013)I10:1.207)I9:1.021,((CAACAGTCAGCGAACA-1:1.001,(TACATTCGTGATTCAC-1:9.246,(AATGGAAAGGCGACAT-1:3.004,TTACGTTTCAAGCTGT-1:0.004)I8:8.243)I7:0.755)I6:0.001,(((GGGACCTAGTATTCCG-1:4.038,AGGTTACAGGCCTTCG-1:3.192)I5:3.13,GCTGGGTCACAGCTTA-1:9.047)I4:5.09,AACGGGAAGCATCAAA-1:10.412)I3:0.589)I2:3.028)I1:2.975)I0;
I0,0,0,0,0,0,0,0,0,0,0,0,0,0,0,0,0,0,0,0,0,0,0,0,0,0,0,0,0,0,0
I1,0,0,0,0,0,0,0,0,0,0,0,0,0,0,0,0,0,0,0,0,0,0,0,0,0,0,0,0:0.01/-1:0.99,0:0.01/-1:0.99,0:0.01/-1:0.99
I2,0,0,0,0,0,0,0,0,0,0,0,0,0,0,0,0,0,0,0,0,0,0,0,0,-1,-1,-1,-1,-1,-1
I3,0,0,0,0,0,0,0,0,0,0,0,0,0,0,0,0,0,0,0,0:0.41/2:0.59,0,0,0,0,-1,-1,-1,-1,-1,-1
AACGGGAAGCATCAAA-1,2,1,0,3,3,0,0,0,0,2,3,0,0,3,0,0,3,0,0,2,0,2,4,0,-1,-1,-1,-1,-1,-1
I4,0,0:0.01/13:0.99,0,0,0:0.02/10:0.98,0,0,0,0,0,0:0.02/10:0.98,0,0,0,0,0,17,0,0,0:0.27/2:0.73,0,0,26,0,-1,-1,-1,-1,-1,-1
GCTGGGTCACAGCTTA-1,0,13,0,0,10,0,23,24,0,15,10,0,26,39,5,0,17,0,-1,-1,-1,0,26,0,-1,-1,-1,-1,-1,-1
I5,0,13,0,0,10,0,0,20,0,0,10,0,0,0:0.01/16:0.99,0,0:0.03/9:0.97,17,0,0,0:0.15/2:0.85,0,0,26,0,-1,-1,-1,-1,-1,-1
AGGTTACAGGCCTTCG-1,2,13,0,6,10,0,0,20,0,0,10,0,13,16,0,9,17,0,0,2,0,0,26,0,-1,-1,-1,-1,-1,-1
GGGACCTAGTATTCCG-1,0,13,0,0,10,0,10,20,0,0,10,0,0,16,0,9,17,0,-1,-1,-1,0,26,0,-1,-1,-1,-1,-1,-1
I6,0,0,0,0,0,0,0,0,0,0,0,0,0,0,0,0,0,0,0,0,0,0,0,0,-1,-1,-1,-1,-1,-1
I7,0,0,0,0,0,0,0,0,0,0,0,0,0,0,0,0,0,0,0,0:0.25/1:0.75,0,0,0,0,-1,-1,-1,-1,-1,-1
I8,4,6,0,0,7,0,5,8,0,0,9,0,0,8,0,0,0,0,0,1,0,0,8,0,-1,-1,-1,-1,-1,-1
TTACGTTTCAAGCTGT-1,4,6,0,0,7,0,5,8,0,0,9,0,0,8,0,0,0,0,0,1,0,0,8,0,-1,-1,-1,-1,-1,-1
AATGGAAAGGCGACAT-1,4,6,0,0,7,0,5,8,0,0,9,0,0,8,0,5,9,2,0,1,0,0,8,0,-1,-1,-1,-1,-1,-1
TACATTCGTGATTCAC-1,20,35,0,3,38,0,0,0,0,0,0,0,1,44,0,1,0,0,0,1,0,13,50,0,-1,-1,-1,-1,-1,-1
CAACAGTCAGCGAACA-1,0,0,0,0,0,0,0,26,0,0,0,0,0,0,0,0,0,0,0,0,0,0,0,0,-1,-1,-1,-1,-1,-1
I9,0,0,0,0,0,0,0,0,0,0,0,0,0,0:0.01/16:0.99,0,0,0,0,0,0,0,0,0,0,0,0,0,-1,-1,-1
I10,0,0,0,0,0:0.79/3:0.21,0,0,0:0.01/16:0.99,0,0,0,0,0,16,0,0,0,0,0,0,0,0,0,0,0,0,0,-1,-1,-1
CCTCACATCTCACGAA-1,0,16,0,-1,-1,-1,0,16,0,3,24,0,0,16,0,0,29,0,0,25,0,4,4,0,-1,-1,-1,-1,-1,-1
I11,0,7,0,0,3,0,0,16,0,0,3,0,0,16,0,0,3,0,0,0,0,0,0,0,0,0,0,-1,-1,-1
I12,0,7,0,0,3,0,0,16,0,0,3,0,0,16,0,0,3,0,0,0,0,0,21,1,0,0,0,-1,-1,-1
I13,0,7,0,0,3,0,0,16,0,0,3,0,0,16,0,0,3,0,0,0,0,0,21,1,0:0.98/12:0.02,0:0.98/6:0.02,0,-1,-1,-1
TAAGCGTAGACTAGAT-1,0,7,0,0,3,0,0,16,0,0,3,0,0,16,0,0,3,0,17,2,0,0,21,1,-1,-1,-1,-1,-1,-1
GCCGTGACACAATGTC-1,0,7,0,0,3,0,0,16,0,0,3,0,0,16,0,0,3,0,0,23,0,0,21,1,12,6,0,-1,-1,-1
I14,0,7,0,0,3,0,0,16,0,0,3,0,0,16,0,0,3,0,0:0.01/-1:0.99,0:0.01/-1:0.99,0:0.01/-1:0.99,0,21,1,0,0:0.38/10:0.62,0,-1,-1,-1
AGCTTCCTCTTTCGAT-1,0,7,0,0,3,0,0,16,0,0,3,0,0,16,0,0,3,0,-1,-1,-1,0,21,1,0,10,0,-1,-1,-1
I15,0,7,0,0,3,0,0,16,0,0,3,0,0,16,0,0,3,0,-1,-1,-1,0,21,1,-1,-1,-1,-1,-1,-1
AGACCCGGTGGCTAGA-1,0,7,0,0,3,0,0,16,0,0,3,0,0,16,0,0,3,0,-1,-1,-1,0,21,1,-1,-1,-1,-1,-1,-1
I16,0,7,0,0,3,0,0,16,0,0,3,0,0,16,0,0,3,0,-1,-1,-1,0,21,1,-1,-1,-1,-1,-1,-1
GATGCTATCGCGTGAC-1,0,7,0,0,3,0,0,16,0,0,3,0,0,16,0,0,3,0,-1,-1,-1,0,21,1,-1,-1,-1,-1,-1,-1
I17,0,7,0,0,3,0,0,16,0,0,3,0,0,16,0,0,3,0,-1,-1,-1,0,21,1,-1,-1,-1,-1,-1,-1
CATTGCCGTCCAAATC-1,0,7,0,0,3,0,0,16,0,0,3,0,0,16,0,0,3,0,-1,-1,-1,0,21,1,-1,-1,-1,-1,-1,-1
TTGCGTCTCTTCCGTG-1,0,7,0,0,3,0,0,16,0,0,3,0,0,16,0,0,3,0,-1,-1,-1,0,21,1,-1,-1,-1,-1,-1,-1
I18,0,7,0,0,3,0,0,16,0,0,3,0,0,16,0,0,3,0,0,0:0.98/30:0.02,0,0,0,0,0:0.98/3:0.02,0:0.98/6:0.02,0,-1,-1,-1
ACTTCCGAGCTCATAC-1,0,7,0,0,3,0,0,16,0,0,3,0,0,16,0,0,3,0,-1,-1,-1,6,18,0,3,6,0,-1,-1,-1
I19,0,7,0,0,3,0,0,16,0,0,3,0,0,16,0,0,3,0,0,0:0.21/30:0.79,0,11,16,0,0:0.01/-1:0.99,0:0.01/-1:0.99,0:0.01/-1:0.99,-1,-1,-1
CATGGATCACTAGTAC-1,0,7,0,0,3,0,0,16,0,0,3,0,0,16,0,0,3,0,-1,-1,-1,11,16,0,-1,-1,-1,-1,-1,-1
CTCCTTTGTCGGTGAA-1,0,7,0,0,3,0,0,16,0,0,3,0,0,16,0,0,3,0,0,30,0,11,16,0,-1,-1,-1,-1,-1,-1
I20,0,0:0.01/13:0.99,0,0,0,0,0,0:0.03/15:0.97,0,0,12,0,0,16,0,0,0,0,0,0,0,0,0,0,0,0:0.8/30:0.2,0,-1,-1,-1
ACTTATCAGGCCTAAG-1,0,13,0,5,14,0,0,15,0,0,12,0,0,16,0,9,16,1,-1,-1,-1,12,17,0,-1,-1,-1,-1,-1,-1
I21,0,13,0,0,0:0.01/16:0.99,0,0,15,0,0,12,0,0,16,0,0,17,0,0,0,0,0,0,0,0,0:0.6/30:0.4,0,-1,-1,-1
I22,0,13,0,0,16,0,0,15,0,0,12,0,0,16,0,0,17,0,0,0,0,0,0,0,0:0.07/-1:0.92/1:0.006/2:0.008/3:0.002/4:0.008/6:0.009/7:0.008/9:0.006/10:0.007/13:0.009/14:0.002/15:0.002,0:0.04/-1:0.92/30:0.04,0:0.07/-1:0.92/2:0.006,-1,-1,-1
CTCAAGACATCTAGAC-1,0,13,0,0,16,0,0,15,0,1,12,0,0,16,0,18,17,0,0,0,0,29,39,4,-1,-1,-1,-1,-1,-1
I23,0,13,0,0,16,0,0,15,0,0,12,0,0,16,0,0,17,0,0:0.04/-1:0.95/1:0.008/2:0.001/4:0.009/6:0.002/7:0.008/9:0.003/10:0.006/11:0.001/13:0.009/16:0.008/17:0.007/18:0.001,0:0.04/-1:0.95/1:0.009/2:0.008/4:0.008/5:0.004/6:0.001/8:0.003/9:0.005/10:0.001/13:0.001/14:0.009/16:0.003/17:0.001/19:0.006/20:0.001/21:0.001/22:0.003/23:0.009/24:0.001/26:0.006/29:0.005/33:0.004/34:0.001/35:0.001/36:0.001,0:0.04/-1:0.95/3:0.001,0,0,0,-1,-1,-1,-1,-1,-1
GATGATCGTACCTAGT-1,0,13,0,15,16,0,0,15,0,15,12,0,0,16,0,0,17,0,-1,-1,-1,0,31,0,-1,-1,-1,-1,-1,-1
AGCTTCCTCACTACGA-1,7,13,0,0,16,0,0,15,0,0,12,0,0,16,0,2,17,0,-1,-1,-1,0,22,0,-1,-1,-1,-1,-1,-1
TTGCGTCCAGCGGTCT-1,0,13,0,0,16,0,0,15,0,15,12,0,0,16,0,0,17,0,19,33,0,1,31,0,0,30,0,-1,-1,-1
((((((((TAACGACCATACCACA-1:0,ATTTCACCAACCTAAC-1:1)I61:0,(ACTGATGTCTGGGCCA-1:2,((ACTTTGTAGACGCCCT-1:2.004,TCGAAGTGTGAGCAGT-1:0.004)I60:0.996,(TCAAGTGCAGGCTATT-1:1.004,TGGGCTGGTCGTACAT-1:1.004)I59:0.996)I58:0)I57:0)I56:0.005,CATCGCTTCATCTCTA-1:4.005)I55:2.996,(((CAACGGCCAACTTCTT-1:3.063,((GACTCTCCAAGGTCGA-1:2,(((ATTCTTGGTGACTGAG-1:2.009,TCACAAGCAAGAGATT-1:1.009)I54:0.998,TCCCAGTGTATCACCA-1:1.007)I53:0.993,TTACTGTTCAGTGCGC-1:2)I52:0)I51:0.004,TATACCTAGTTTGTCG-1:0.004)I50:3.002)I49:1.937,(((((GAATAGAAGAGTAACT-1:0,AGGGCTCTCGTCCTCA-1:0)I48:0,CGGAATTTCCGAAGGA-1:1)I47:0,(CGAATTGGTGTTAAAG-1:3,GTAATGCTCACCTTAT-1:2)I46:0)I45:0.002,((TTCTAACAGCCACCGT-1:1.004,CACTGTCCATTCATCT-1:0.004)I44:2.997,((AGGACGAAGAGGACTC-1:2,((GGAGGATAGGGTGAAA-1:1,CAGTTCCCACTAGGTT-1:0)I43:0,TATTGGGTCGATGCTA-1:3)I42:0)I41:0.006,TTACTGTGTCTCAGAT-1:3.006)I40:2.995)I39:0.001)I38:2.999,((((CTCATGCTCTTCCAGC-1:1.045,TCCTTTCCAAGTGCTT-1:3.045)I37:3.96,TGAGACTGTCTTGCTC-1:0.974)I36:0.026,((CCCTCAAAGGGCAGAG-1:3.004,AGTACTGAGCCTCGTG-1:4.928)I35:0.079,(ACCTGAACATCACCAA-1:3,TCATATCAGCATTGAA-1:0.561)I34:1.447)I33:2.993)I32:0,AGAAGTAAGTGCTCAT-1:3)I31:0.001)I30:0.999)I29:0,GAGTTACCAGGTCCCA-1:4)I28:0)I27:2.595,AGGCCACTCTCATTTG-1:12.031)I26:2.406,((CTCCCAACAATTTCCT-1:3.106,GGACGTCGTCCAAATC-1:8.093)I25:1.954,TCGCACTTCTACGCGG-1:8.06)I24:6.941)I23:0,((AGGTTACGTCCACGCA-1:15,((CCCTTAGTCGATTCCC-1:8.058,((CCTATCGCAAGATTGA-1:4.114,CGTGTCTGTGTCCTAA-1:2.556)I22:5.461,(((CAATGACTCGGTAGAG-1:1,GGAGGTATCGCGTGCA-1:1)I21:0,(((GTGAGGAAGCAACAGC-1:2,TCCGAAACACCGCTGA-1:3)I20:0,TGGAACTGTAAGATAC-1:1)I19:0,CGTGCTTTCAGCAATC-1:2)I18:0)I17:3,ACCAAACCACTAGAGG-1:2.646)I16:1.264)I15:1.182)I14:9.919,((((GAAGGGTCACTAGGCC-1:3.001,(((CACTGGGGTTCTAACG-1:1,(GACCAATTCCACATAG-1:0,TATCAGGAGTTCCAGT-1:0)I13:0)I12:0,((GTAAGTCGTGTCATCA-1:0,GACGCTGGTCATGCAT-1:1)I11:0,GTAACCAGTAACTTCG-1:1)I10:0)I9:3,TAGGTACCAACCGCCA-1:1.965)I8:0.036)I7:11.068,GACTATGGTACGATCT-1:13.068)I6:0.938,TTCGCTGGTGAGAACC-1:15.006)I5:0.013,CAAGCTATCTACTGCC-1:18.019)I4:0.981)I3:0)I2:0,TACAGGTAGGTATTGA-1:14)I1:0.001)c14:2.999)I0;
I0,0,0,0,0,0,0,0,0,0,0,0,0,0,0,0,0,0,0,0,0,0,0,0,0,0,0,0,0,0,0
c14,0,0,0,0,0,0,0,0,0,0,0,0,0,0,0,0,0,0,0,0,0,0,0,0,0,0,0,-1,-1,-1
I1,0,0,0,0,0,0,0,0,0,0,0,0,0,0,0,0,0,0,0,0,0,0,0,0,0,0,0,-1,-1,-1
TACAGGTAGGTATTGA-1,0,14,0,0,11,0,9,17,0,0,0,0,0,21,0,11,4,0,13,34,0,1,22,0,-1,-1,-1,-1,-1,-1
I2,0,0,0,0,0,0,0,0,0,0,0,0,0,0,0,0,0,0,0,0,0,0,0,0,0,0,0,-1,-1,-1
I3,0,0,0,0,0,0,0,0,0,0,0,0,0,0,0,0,0,0,0,0,0,0,0,0,0,0,0,-1,-1,-1
I4,0:0.02/2:0.98,0,0,0,0,0,0,0,0,0,0,0,0,0,0,0,0,0,0,0,0,0,0,0,0,0,0,-1,-1,-1
CAAGCTATCTACTGCC-1,2,21,0,-1,-1,-1,0,27,0,15,9,0,0,25,2,-1,-1,-1,0,18,0,1,32,0,-1,-1,-1,-1,-1,-1
I5,0:0.01/2:0.99,0,0,0,0,0,0,0,0,0,0,0,0,0,0,0,0,0,0,0,0,0,0,0,0,0,0,-1,-1,-1
TTCGCTGGTGAGAACC-1,2,3,0,0,3,0,18,47,0,0,0,0,23,49,0,0,6,0,-1,-1,-1,41,58,0,-1,-1,-1,-1,-1,-1
I6,2,0:0.07/23:0.93,0,0,0,0,0,0,0,0,0,0,0,0,0,0,0,0,0,0,0,0,0,0,0,0,0,-1,-1,-1
GACTATGGTACGATCT-1,2,23,0,0,32,0,0,35,0,4,7,0,0,34,0,19,32,0,14,14,0,30,40,0,10,24,0,-1,-1,-1
I7,2,23,0,10,22,0,16,28,0,17,12,0,0,1,0,2,6,0,0,20,0,0,28,0,0,0,0,-1,-1,-1
I8,2,23,0,10,22,0,16,28,0,17,12,0,0,1,0,2,6,0,0,20,0,0,28,0,0,0:0.97/12:0.03,0,-1,-1,-1
TAGGTACCAACCGCCA-1,2,23,0,10,22,0,16,28,0,17,12,0,8,1,0,2,6,0,0,20,0,0,28,0,0,12,0,-1,-1,-1
I9,2,23,0,10,22,0,16,28,0,17,12,0,0,1,0,2,6,0,0,20,0,0,28,0,-1,-1,-1,-1,-1,-1
I10,2,23,0,10,22,0,16,28,0,17,12,0,0,1,0,2,6,0,0,20,0,0,28,0,-1,-1,-1,-1,-1,-1
GTAACCAGTAACTTCG-1,2,23,0,10,22,0,16,28,0,17,12,0,1,1,0,2,6,0,0,20,0,0,28,0,-1,-1,-1,-1,-1,-1
I11,2,23,0,10,22,0,16,28,0,17,12,0,0,1,0,2,6,0,0,20,0,0,28,0,-1,-1,-1,-1,-1,-1
GACGCTGGTCATGCAT-1,2,23,0,10,22,0,16,28,0,17,12,0,0,1,0,2,6,0,13,20,0,0,28,0,-1,-1,-1,-1,-1,-1
GTAAGTCGTGTCATCA-1,2,23,0,10,22,0,16,28,0,17,12,0,0,1,0,2,6,0,0,20,0,0,28,0,-1,-1,-1,-1,-1,-1
I12,2,23,0,10,22,0,16,28,0,17,12,0,0,1,0,2,6,0,0,20,0,0,28,0,-1,-1,-1,-1,-1,-1
I13,2,23,0,10,22,0,16,28,0,17,12,0,0,1,0,2,6,0,0,20,0,0,28,0,-1,-1,-1,-1,-1,-1
TATCAGGAGTTCCAGT-1,2,23,0,10,22,0,16,28,0,17,12,0,0,1,0,2,6,0,0,20,0,0,28,0,-1,-1,-1,-1,-1,-1
GACCAATTCCACATAG-1,2,23,0,10,22,0,16,28,0,17,12,0,0,1,0,2,6,0,0,20,0,0,28,0,-1,-1,-1,-1,-1,-1
CACTGGGGTTCTAACG-1,2,23,0,10,22,0,16,28,0,17,12,0,0,1,0,2,6,0,6,20,0,0,28,0,-1,-1,-1,-1,-1,-1
GAAGGGTCACTAGGCC-1,2,23,0,10,22,0,16,28,0,17,12,0,0,1,1,2,6,0,0,20,0,0,28,0,0,23,2,-1,-1,-1
I14,0,8,0,0,0,0,0,10,0,0,10,0,7,1,0,0,11,0,0:0.52/2:0.48,0:0.52/5:0.48,0,0,0,0,0:0.01/-1:0.98/1:0.006/2:0.008/3:0.002/4:0.008/6:0.009/7:0.008/9:0.006/10:0.007/13:0.009/14:0.002/15:0.002,0:0.01/-1:0.98/1:0.006/2:0.001/3:0.004/4:0.005/5:0.002/6:0.009/8:0.008/9:0.005/10:0.006/11:0.004/12:0.009/13:0.001/15:0.001/16:0.009/19:0.001/20:0.003/21:0.003/22:0.008/24:0.003/27:0.002/28:0.001/29:0.002/30:0.001,0:0.01/-1:0.98/2:0.006,-1,-1,-1
I15,0,8,0,0,0,0,0,10,0,0,10,0,7,1,0,0,11,0,0:0.45/2:0.55,0:0.45/5:0.55,0,0,11,0,-1,-1,-1,-1,-1,-1
I16,0,8,0,0,9,0,0,10,0,0,10,0,7,1,0,0,11,0,0:0.32/2:0.68,0:0.32/5:0.68,0,0,11,0,-1,-1,-1,-1,-1,-1
ACCAAACCACTAGAGG-1,0,8,0,0,9,0,5,10,0,0,10,0,7,1,0,6,11,0,2,5,0,0,11,0,-1,-1,-1,-1,-1,-1
I17,0,8,0,0,9,0,0,10,0,0,10,0,7,1,0,0,11,0,-1,-1,-1,0,11,0,-1,-1,-1,-1,-1,-1
I18,0,8,0,0,9,0,0,10,0,0,10,0,7,1,0,0,11,0,-1,-1,-1,0,11,0,-1,-1,-1,-1,-1,-1
CGTGCTTTCAGCAATC-1,0,8,0,0,9,0,5,10,3,0,10,0,7,1,0,0,11,0,-1,-1,-1,0,11,0,-1,-1,-1,-1,-1,-1
I19,0,8,0,0,9,0,0,10,0,0,10,0,7,1,0,0,11,0,-1,-1,-1,0,11,0,-1,-1,-1,-1,-1,-1
TGGAACTGTAAGATAC-1,0,8,0,0,9,0,0,10,0,0,10,0,7,1,0,9,11,0,-1,-1,-1,0,11,0,-1,-1,-1,-1,-1,-1
I20,0,8,0,0,9,0,0,10,0,0,10,0,7,1,0,0,11,0,-1,-1,-1,0,11,0,-1,-1,-1,-1,-1,-1
TCCGAAACACCGCTGA-1,0,8,0,0,9,0,18,10,5,0,10,0,7,1,0,0,11,0,-1,-1,-1,1,11,0,-1,-1,-1,-1,-1,-1
GTGAGGAAGCAACAGC-1,19,8,0,0,9,0,0,10,0,0,10,0,7,1,0,6,11,0,-1,-1,-1,0,11,0,-1,-1,-1,-1,-1,-1
I21,0,8,0,0,9,0,0,10,0,0,10,0,7,1,0,0,11,0,-1,-1,-1,0,11,0,-1,-1,-1,-1,-1,-1
GGAGGTATCGCGTGCA-1,0,8,0,0,9,0,0,10,0,0,10,0,7,1,0,6,11,0,-1,-1,-1,0,11,0,-1,-1,-1,-1,-1,-1
CAATGACTCGGTAGAG-1,0,8,0,0,9,0,0,10,0,0,10,0,7,1,0,2,11,0,-1,-1,-1,0,11,0,-1,-1,-1,-1,-1,-1
I22,0,8,0,9,20,0,0:0.44/4:0.56,10,0,0,10,0,7,1,0,0,11,0,0:0.01/-1:0.96/2:0.03,0:0.01/-1:0.96/5:0.03,0:0.03/-1:0.96/3:0.001,0,11,0,-1,-1,-1,-1,-1,-1
CGTGTCTGTGTCCTAA-1,0,8,0,9,20,0,4,10,0,15,10,0,7,1,0,6,11,0,-1,-1,-1,0,11,0,-1,-1,-1,-1,-1,-1
CCTATCGCAAGATTGA-1,0,8,0,9,20,0,-1,-1,-1,0,10,0,7,1,0,2,11,0,-1,-1,-1,0,11,0,-1,-1,-1,-1,-1,-1
CCCTTAGTCGATTCCC-1,0,8,0,11,10,0,6,10,0,0,10,0,7,1,0,0,11,0,-1,-1,-1,26,36,0,-1,-1,-1,-1,-1,-1
AGGTTACGTCCACGCA-1,3,4,0,0,6,0,6,7,0,5,8,0,4,7,0,9,8,0,0,9,0,0,7,0,5,11,0,-1,-1,-1
I23,0,0,0,0,0,0,0,0,0,0,0,0,0,0,0,0,0,0,0,0,0,0,0,0,0,0,0,-1,-1,-1
I24,0,0:0.01/24:0.99,0,0,0,0,0,0:0.01/13:0.99,0,0,0,0,0,0:0.01/34:0.99,0,0,0:0.01/1:0.99,0,0,0:0.02/29:0.98,0,0:0.01/11:0.99,0:0.01/16:0.99,0,0,0,0,-1,-1,-1
TCGCACTTCTACGCGG-1,0,24,0,0,2,0,4,13,0,1,1,0,0,34,0,22,1,0,0,29,0,11,16,0,-1,-1,-1,-1,-1,-1
I25,0,24,0,0,0:0.02/29:0.98,0,0,13,0,0,0,0,0,34,0,0:0.07/10:0.93,1,0,0,0:0.01/29:0.99,0,11,16,0,0,0,0,-1,-1,-1
GGACGTCGTCCAAATC-1,0,24,0,0,29,0,0,13,0,-1,-1,-1,0,34,0,10,1,0,-1,-1,-1,11,16,0,13,21,0,-1,-1,-1
CTCCCAACAATTTCCT-1,0,24,0,0,29,0,5,13,0,0,0,0,0,34,0,10,1,0,0,29,0,11,16,0,6,19,0,-1,-1,-1
I26,0,0:0.02/9:0.98,0,0,0:0.01/12:0.99,0,0,0:0.56/12:0.44,0,0,0,0,0,0,0,0,0,0,0,0,0,0,0,0,0,0,0,-1,-1,-1
AGGCCACTCTCATTTG-1,0,9,0,0,12,0,-1,-1,-1,0,15,0,12,23,0,0,18,0,0,4,0,0,25,0,-1,-1,-1,-1,-1,-1
I27,0,9,0,0,12,0,0,12,0,0,0,0,0,12,0,0,13,0,0,0,0,0,0,0,0,0,0,-1,-1,-1
I28,0,9,0,0,12,0,0,12,0,0,0,0,0,12,0,0,13,0,0,0,0,0,0,0,0,0,0,-1,-1,-1
GAGTTACCAGGTCCCA-1,0,9,0,0,12,0,0,12,0,0,0,0,0,12,0,0,13,0,0,0,0,2,43,0,2,22,0,-1,-1,-1
I29,0,9,0,0,12,0,0,12,0,0,0,0,0,12,0,0,13,0,0,0,0,0,0,0,0,0,0,-1,-1,-1
I30,0,9,0,0,12,0,0,12,0,0,1,0,0,12,0,0,13,0,0,0,0,0,0,0,0,0,0,-1,-1,-1
I31,0,9,0,0,12,0,0,12,0,0,1,0,0,12,0,0,13,0,0,0,0,0,0,0,0,0,0,-1,-1,-1
AGAAGTAAGTGCTCAT-1,0,9,0,0,12,0,0,12,0,0,1,0,0,12,0,0,13,0,0,0,0,14,20,0,0,7,0,-1,-1,-1
I32,0,9,0,0,12,0,0,12,0,0,1,0,0,12,0,0,13,0,0,0,0,0,0,0,0,0,0,-1,-1,-1
I33,0,9,0,0,12,0,0,12,0,0,1,0,0,12,0,0,13,0,-1,-1,-1,0,0,0,0,0,0,-1,-1,-1
I34,0,9,0,0,12,0,0,12,0,0,1,0,0,12,0,0,13,0,-1,-1,-1,0,14,0,0,0:0.56/8:0.44,0,-1,-1,-1
TCATATCAGCATTGAA-1,0,9,0,0,12,0,0,12,0,0,1,0,0,12,0,0,13,0,-1,-1,-1,0,14,0,0,8,0,-1,-1,-1
ACCTGAACATCACCAA-1,0,9,0,0,12,0,0,12,0,0,1,0,0,12,0,0,13,0,-1,-1,-1,0,14,0,-1,-1,-1,-1,-1,-1
I35,0,9,0,0,12,0,0,12,0,0,1,0,0,12,0,0,13,0,-1,-1,-1,0,0,0,0:0.96/6:0.04,0:0.96/12:0.04,0,-1,-1,-1
AGTACTGAGCCTCGTG-1,0,9,0,0,12,0,0,12,0,0,1,0,0,12,0,0,13,0,-1,-1,-1,-1,-1,-1,6,12,0,-1,-1,-1
CCCTCAAAGGGCAGAG-1,0,9,0,0,12,0,0,12,0,0,1,0,0,12,0,0,13,0,-1,-1,-1,0,0,0,-1,-1,-1,-1,-1,-1
I36,0,9,0,0,12,0,0,12,0,0,1,0,0,12,0,0,13,0,0,0,0,0,0,0,0,0:0.97/4:0.03,0,-1,-1,-1
TGAGACTGTCTTGCTC-1,0,9,0,0,12,0,0,12,0,0,1,0,0,12,0,0,13,0,0,0,0,0,0,0,0,4,0,-1,-1,-1
I37,0,9,0,0,12,0,0,12,0,0,1,0,0,12,0,10,13,0,0,0,0,0,0,0,0:0.01/-1:0.99,0:0.01/-1:0.99,0:0.01/-1:0.99,-1,-1,-1
TCCTTTCCAAGTGCTT-1,0,9,0,0,12,0,26,12,0,0,1,0,0,12,0,10,13,0,0,0,0,3,5,0,-1,-1,-1,-1,-1,-1
CTCATGCTCTTCCAGC-1,0,9,0,0,12,0,0,12,0,0,1,0,0,12,0,10,13,0,0,0,0,0,10,0,-1,-1,-1,-1,-1,-1
I38,0,9,0,0,12,0,0,12,0,0,1,0,0,12,0,0,13,0,0,0,0,0,0,0,-1,-1,-1,-1,-1,-1
I39,0,9,0,0,12,0,0,12,0,0,1,0,0,12,0,0,13,0,0,0,0,0,0,0,-1,-1,-1,-1,-1,-1
I40,0,9,0,0,12,0,0,12,0,0,1,0,0,12,0,0,13,0,-1,-1,-1,0,0,0,-1,-1,-1,-1,-1,-1
TTACTGTGTCTCAGAT-1,0,9,0,0,12,0,0,12,0,0,1,0,0,12,0,0,13,0,-1,-1,-1,-1,-1,-1,-1,-1,-1,-1,-1,-1
I41,0,9,0,0,12,0,0,12,0,0,1,0,0,12,0,0,13,0,-1,-1,-1,0,0,0,-1,-1,-1,-1,-1,-1
I42,0,9,0,0,12,0,0,12,0,0,1,0,0,12,0,0,13,0,-1,-1,-1,0,0,0,-1,-1,-1,-1,-1,-1
TATTGGGTCGATGCTA-1,0,9,0,0,12,0,0,12,0,0,1,0,0,12,0,0,13,0,-1,-1,-1,-1,-1,-1,-1,-1,-1,-1,-1,-1
I43,0,9,0,0,12,0,0,12,0,0,1,0,0,12,0,0,13,0,-1,-1,-1,0,0,0,-1,-1,-1,-1,-1,-1
CAGTTCCCACTAGGTT-1,0,9,0,0,12,0,0,12,0,0,1,0,0,12,0,0,13,0,-1,-1,-1,0,0,0,-1,-1,-1,-1,-1,-1
GGAGGATAGGGTGAAA-1,0,9,0,0,12,0,0,12,0,0,1,0,0,12,0,0,13,0,-1,-1,-1,0,47,0,-1,-1,-1,-1,-1,-1
AGGACGAAGAGGACTC-1,0,9,0,0,12,0,0,12,0,0,1,0,0,12,0,0,13,0,-1,-1,-1,18,23,0,-1,-1,-1,-1,-1,-1
I44,0,9,0,0,12,0,0,12,0,0,1,0,0,12,0,0,13,0,0,0,0,-1,-1,-1,-1,-1,-1,-1,-1,-1
CACTGTCCATTCATCT-1,0,9,0,0,12,0,0,12,0,0,1,0,0,12,0,0,13,0,0,0,0,-1,-1,-1,-1,-1,-1,-1,-1,-1
TTCTAACAGCCACCGT-1,0,9,0,0,12,0,0,12,0,0,1,0,0,12,0,10,13,0,0,0,0,-1,-1,-1,-1,-1,-1,-1,-1,-1
I45,0,9,0,0,12,0,0,12,0,0,1,0,0,12,0,0,13,0,0,0,0,0,0,0,-1,-1,-1,-1,-1,-1
I46,0,9,0,0,12,0,0,12,0,0,1,0,0,12,0,0,13,0,0,0,0,0,0,0,-1,-1,-1,-1,-1,-1
GTAATGCTCACCTTAT-1,0,9,0,0,12,0,0,12,0,0,1,0,0,12,0,0,13,0,0,0,0,1,22,0,-1,-1,-1,-1,-1,-1
CGAATTGGTGTTAAAG-1,0,9,0,0,12,0,0,12,0,0,1,0,0,12,0,0,13,0,-1,-1,-1,0,0,0,-1,-1,-1,-1,-1,-1
I47,0,9,0,0,12,0,0,12,0,0,1,0,0,12,0,0,13,0,0,0,0,0,0,0,-1,-1,-1,-1,-1,-1
CGGAATTTCCGAAGGA-1,0,9,0,0,12,0,0,12,0,0,1,0,0,12,0,0,13,0,0,0,0,0,38,0,-1,-1,-1,-1,-1,-1
I48,0,9,0,0,12,0,0,12,0,0,1,0,0,12,0,0,13,0,0,0,0,0,0,0,-1,-1,-1,-1,-1,-1
AGGGCTCTCGTCCTCA-1,0,9,0,0,12,0,0,12,0,0,1,0,0,12,0,0,13,0,0,0,0,0,0,0,-1,-1,-1,-1,-1,-1
GAATAGAAGAGTAACT-1,0,9,0,0,12,0,0,12,0,0,1,0,0,12,0,0,13,0,0,0,0,0,0,0,-1,-1,-1,-1,-1,-1
I49,0,9,0,0,12,0,0,12,0,0,0,0,0,12,0,0,13,0,0,0:0.01/16:0.99,0,0,0,0,0:0.69/8:0.31,0:0.69/14:0.31,0:0.69/1:0.31,-1,-1,-1
I50,0,9,0,0,12,0,0,12,0,0,0,0,0,12,0,0,13,0,0,16,0,0,0,0,-1,-1,-1,-1,-1,-1
TATACCTAGTTTGTCG-1,0,9,0,0,12,0,0,12,0,0,0,0,0,12,0,0,13,0,0,16,0,0,0,0,-1,-1,-1,-1,-1,-1
I51,0,9,0,0,12,0,0,12,0,0,0,0,0,12,0,0,13,0,0,16,0,0,0,0,-1,-1,-1,-1,-1,-1
I52,0,9,0,0,12,0,0,12,0,0,0,0,0,12,0,0,13,0,0,16,0,0,0,0,-1,-1,-1,-1,-1,-1
TTACTGTTCAGTGCGC-1,0,9,0,0,12,0,0,12,0,0,0,0,0,12,0,0,13,0,0,16,0,43,2,0,-1,-1,-1,-1,-1,-1
I53,0,9,0,0,12,0,0,12,0,0,0,0:0.01/1:0.99,0,12,0,0,13,0,0,16,0,0,0,0,-1,-1,-1,-1,-1,-1
TCCCAGTGTATCACCA-1,0,9,0,0,12,0,0,12,0,0,0,1,0,12,0,0,13,0,0,16,0,0,54,0,-1,-1,-1,-1,-1,-1
I54,0:0.01/9:0.99,9,0,0,12,0,0,12,0,0,0,1,0,12,0,0,13,0,0,16,0,0,0,0,-1,-1,-1,-1,-1,-1
TCACAAGCAAGAGATT-1,9,9,0,0,12,0,0,12,0,0,0,1,0,12,0,0,13,0,0,16,0,0,53,0,-1,-1,-1,-1,-1,-1
ATTCTTGGTGACTGAG-1,9,9,0,0,12,0,0,12,0,0,0,1,0,12,0,0,13,0,0,16,0,22,31,0,-1,-1,-1,-1,-1,-1
GACTCTCCAAGGTCGA-1,0,9,0,0,12,0,0,12,0,0,0,0,0,12,0,0,13,0,0,16,0,31,41,0,-1,-1,-1,-1,-1,-1
CAACGGCCAACTTCTT-1,0,9,0,0,12,0,0,12,0,0,0,0,0,12,0,0,13,0,0,16,0,0,4,0,8,14,1,-1,-1,-1
I55,0,9,0,0,12,0,0,12,0,0,0,0,0,12,0,0,13,0,0,0,0,0,0,0,-1,-1,-1,-1,-1,-1
CATCGCTTCATCTCTA-1,0,9,0,0,12,0,0,12,0,0,0,0,0,12,0,0,13,0,0,16,0,-1,-1,-1,-1,-1,-1,-1,-1,-1
I56,0,9,0,0,12,0,0,12,0,0,0,0,0,12,0,0,13,0,0,0,0,0,0,0,-1,-1,-1,-1,-1,-1
I57,0,9,0,0,12,0,0,12,0,0,0,0,0,12,0,0,13,0,0,0,0,0,0,0,-1,-1,-1,-1,-1,-1
I58,0,9,0,0,12,0,0,12,0,0,0,0,0,12,0,0,13,0,0,0,0,0,0,0,-1,-1,-1,-1,-1,-1
I59,0,9,0,0,12,0,0,12,0,0,0,0,0,12,0,0,13,0,0,0,0,0,2,0,-1,-1,-1,-1,-1,-1
TGGGCTGGTCGTACAT-1,0,9,0,0,12,0,0,12,0,0,0,0,0,12,0,0,13,0,0,0,0,1,2,0,-1,-1,-1,-1,-1,-1
TCAAGTGCAGGCTATT-1,0,9,0,0,12,0,0,12,0,0,0,0,0,12,0,0,13,0,0,0,0,38,2,0,-1,-1,-1,-1,-1,-1
I60,0,9,0,0,12,0,0,12,0,0,0,0,0,12,0,0,13,0,0,0,0,0,10,0,-1,-1,-1,-1,-1,-1
TCGAAGTGTGAGCAGT-1,0,9,0,0,12,0,0,12,0,0,0,0,0,12,0,0,13,0,0,0,0,0,10,0,-1,-1,-1,-1,-1,-1
ACTTTGTAGACGCCCT-1,0,9,0,0,12,0,0,12,0,0,1,0,0,12,0,10,13,0,0,0,0,0,10,0,-1,-1,-1,-1,-1,-1
ACTGATGTCTGGGCCA-1,0,9,0,0,12,0,0,12,0,0,0,0,0,12,0,0,13,0,0,0,0,11,16,0,-1,-1,-1,-1,-1,-1
I61,0,9,0,0,12,0,0,12,0,0,0,0,0,12,0,0,13,0,0,0,0,0,0,0,-1,-1,-1,-1,-1,-1
ATTTCACCAACCTAAC-1,0,9,0,0,12,0,0,12,0,0,0,0,0,12,0,0,13,0,0,17,0,0,0,0,-1,-1,-1,-1,-1,-1
TAACGACCATACCACA-1,0,9,0,0,12,0,0,12,0,0,0,0,0,12,0,0,13,0,0,0,0,0,0,0,-1,-1,-1,-1,-1,-1
