((((((((AGACCCGGTGGCTAGA-1:0.001,((TTGCGTCTCTTCCGTG-1:0,CATTGCCGTCCAAATC-1:0)I23:0,GATGCTATCGCGTGAC-1:0)I22:0.001)I21:3.042,AGCTTCCTCTTTCGAT-1:0.424)I20:3.582,(TAAGCGTAGACTAGAT-1:5,GCCGTGACACAATGTC-1:2.949)I19:0.051)I18:2.001,(ACTTCCGAGCTCATAC-1:6.963,(CTCCTTTGTCGGTGAA-1:0.242,CATGGATCACTAGTAC-1:3.024)I17:5.744)I16:0.056)I15:3.806,CCTCACATCTCACGAA-1:13.013)I14:1.201,((((GATGATCGTACCTAGT-1:3.154,AGCTTCCTCACTACGA-1:3.154)I13:3.107,CTCAAGACATCTAGAC-1:5.245)I12:2.784,TTGCGTCCAGCGGTCT-1:5.63)I11:2.217,ACTTATCAGGCCTAAG-1:13.041)I10:3.161)I9:1.025,((((GGGACCTAGTATTCCG-1:4.038,AGGTTACAGGCCTTCG-1:3.192)I8:3.128,GCTGGGTCACAGCTTA-1:9.046)I7:5.089,AACGGGAAGCATCAAA-1:10.409)I6:0.593,(CAACAGTCAGCGAACA-1:1.001,((TTACGTTTCAAGCTGT-1:0.004,AATGGAAAGGCGACAT-1:3.004)I5:8.24,TACATTCGTGATTCAC-1:9.243)I4:0.758)I3:0.001)I2:3.031)I1:2.97)I0;
I0,0,0,0,0,0,0,0,0,0,0,0,0,0,0,0,0,0,0,0,0,0,0,0,0,0,0,0,0,0,0
I1,0,0,0,0,0,0,0,0,0,0,0,0,0,0,0,0,0,0,0,0,0,0,0,0,0,0,0,0:0.01/-1:0.99,0:0.01/-1:0.99,0:0.01/-1:0.99
I2,0,0,0,0,0,0,0,0,0,0,0,0,0,0,0,0,0,0,0,0,0,0,0,0,-1,-1,-1,-1,-1,-1
I3,0,0,0,0,0,0,0,0,0,0,0,0,0,0,0,0,0,0,0,0,0,0,0,0,-1,-1,-1,-1,-1,-1
I4,0,0,0,0,0,0,0,0,0,0,0,0,0,0,0,0,0,0,0,0:0.24/1:0.76,0,0,0,0,-1,-1,-1,-1,-1,-1
TACATTCGTGATTCAC-1,20,35,0,3,38,0,0,0,0,0,0,0,1,44,0,1,0,0,0,1,0,13,50,0,-1,-1,-1,-1,-1,-1
I5,4,6,0,0,7,0,5,8,0,0,9,0,0,8,0,0,0,0,0,1,0,0,8,0,-1,-1,-1,-1,-1,-1
AATGGAAAGGCGACAT-1,4,6,0,0,7,0,5,8,0,0,9,0,0,8,0,5,9,2,0,1,0,0,8,0,-1,-1,-1,-1,-1,-1
TTACGTTTCAAGCTGT-1,4,6,0,0,7,0,5,8,0,0,9,0,0,8,0,0,0,0,0,1,0,0,8,0,-1,-1,-1,-1,-1,-1
CAACAGTCAGCGAACA-1,0,0,0,0,0,0,0,26,0,0,0,0,0,0,0,0,0,0,0,0,0,0,0,0,-1,-1,-1,-1,-1,-1
I6,0,0,0,0,0,0,0,0,0,0,0,0,0,0,0,0,0,0,0,0:0.41/2:0.59,0,0,0,0,-1,-1,-1,-1,-1,-1
AACGGGAAGCATCAAA-1,2,1,0,3,3,0,0,0,0,2,3,0,0,3,0,0,3,0,0,2,0,2,4,0,-1,-1,-1,-1,-1,-1
I7,0,0:0.01/13:0.99,0,0,0:0.02/10:0.98,0,0,0,0,0,0:0.02/10:0.98,0,0,0,0,0,17,0,0,0:0.27/2:0.73,0,0,26,0,-1,-1,-1,-1,-1,-1
GCTGGGTCACAGCTTA-1,0,13,0,0,10,0,23,24,0,15,10,0,26,39,5,0,17,0,-1,-1,-1,0,26,0,-1,-1,-1,-1,-1,-1
I8,0,13,0,0,10,0,0,20,0,0,10,0,0,0:0.01/16:0.99,0,0:0.03/9:0.97,17,0,0,0:0.15/2:0.85,0,0,26,0,-1,-1,-1,-1,-1,-1
AGGTTACAGGCCTTCG-1,2,13,0,6,10,0,0,20,0,0,10,0,13,16,0,9,17,0,0,2,0,0,26,0,-1,-1,-1,-1,-1,-1
GGGACCTAGTATTCCG-1,0,13,0,0,10,0,10,20,0,0,10,0,0,16,0,9,17,0,-1,-1,-1,0,26,0,-1,-1,-1,-1,-1,-1
I9,0,0,0,0,0,0,0,0,0,0,0,0,0,0:0.01/16:0.99,0,0,0,0,0,0,0,0,0,0,0,0,0,-1,-1,-1
I10,0,0:0.01/13:0.99,0,0,0,0,0,0:0.02/15:0.98,0,0,12,0,0,16,0,0,0,0,0,0,0,0,0,0,0,0:0.81/30:0.19,0,-1,-1,-1
ACTTATCAGGCCTAAG-1,0,13,0,5,14,0,0,15,0,0,12,0,0,16,0,9,16,1,-1,-1,-1,12,17,0,-1,-1,-1,-1,-1,-1
I11,0,13,0,0,0:0.01/16:0.99,0,0,15,0,0,12,0,0,16,0,0,17,0,0,0,0,0,0,0,0,0:0.62/30:0.38,0,-1,-1,-1
TTGCGTCCAGCGGTCT-1,0,13,0,0,16,0,0,15,0,15,12,0,0,16,0,0,17,0,19,33,0,1,31,0,0,30,0,-1,-1,-1
I12,0,13,0,0,16,0,0,15,0,0,12,0,0,16,0,0,17,0,0,0,0,0,0,0,0:0.07/-1:0.92/1:0.006/2:0.008/3:0.002/4:0.008/6:0.009/7:0.008/9:0.006/10:0.007/13:0.009/14:0.002/15:0.002,0:0.05/-1:0.92/30:0.03,0:0.07/-1:0.92/2:0.006,-1,-1,-1
CTCAAGACATCTAGAC-1,0,13,0,0,16,0,0,15,0,1,12,0,0,16,0,18,17,0,0,0,0,29,39,4,-1,-1,-1,-1,-1,-1
I13,0,13,0,0,16,0,0,15,0,0,12,0,0,16,0,0,17,0,0:0.04/-1:0.95/1:0.008/2:0.001/4:0.009/6:0.002/7:0.008/9:0.003/10:0.006/11:0.001/13:0.009/16:0.008/17:0.007/18:0.001,0:0.04/-1:0.95/1:0.009/2:0.008/4:0.008/5:0.004/6:0.001/8:0.003/9:0.005/10:0.001/13:0.001/14:0.009/16:0.003/17:0.001/19:0.006/20:0.001/21:0.001/22:0.003/23:0.009/24:0.001/26:0.006/29:0.005/33:0.004/34:0.001/35:0.001/36:0.001,0:0.04/-1:0.95/3:0.001,0,0,0,-1,-1,-1,-1,-1,-1
AGCTTCCTCACTACGA-1,7,13,0,0,16,0,0,15,0,0,12,0,0,16,0,2,17,0,-1,-1,-1,0,22,0,-1,-1,-1,-1,-1,-1
GATGATCGTACCTAGT-1,0,13,0,15,16,0,0,15,0,15,12,0,0,16,0,0,17,0,-1,-1,-1,0,31,0,-1,-1,-1,-1,-1,-1
I14,0,0,0,0,0:0.79/3:0.21,0,0,0:0.01/16:0.99,0,0,0,0,0,16,0,0,0,0,0,0,0,0,0,0,0,0,0,-1,-1,-1
CCTCACATCTCACGAA-1,0,16,0,-1,-1,-1,0,16,0,3,24,0,0,16,0,0,29,0,0,25,0,4,4,0,-1,-1,-1,-1,-1,-1
I15,0,7,0,0,3,0,0,16,0,0,3,0,0,16,0,0,3,0,0,0,0,0,0,0,0,0,0,-1,-1,-1
I16,0,7,0,0,3,0,0,16,0,0,3,0,0,16,0,0,3,0,0,0:0.98/30:0.02,0,0,0,0,0:0.98/3:0.02,0:0.98/6:0.02,0,-1,-1,-1
I17,0,7,0,0,3,0,0,16,0,0,3,0,0,16,0,0,3,0,0,0:0.22/30:0.78,0,11,16,0,0:0.01/-1:0.99,0:0.01/-1:0.99,0:0.01/-1:0.99,-1,-1,-1
CATGGATCACTAGTAC-1,0,7,0,0,3,0,0,16,0,0,3,0,0,16,0,0,3,0,-1,-1,-1,11,16,0,-1,-1,-1,-1,-1,-1
CTCCTTTGTCGGTGAA-1,0,7,0,0,3,0,0,16,0,0,3,0,0,16,0,0,3,0,0,30,0,11,16,0,-1,-1,-1,-1,-1,-1
ACTTCCGAGCTCATAC-1,0,7,0,0,3,0,0,16,0,0,3,0,0,16,0,0,3,0,-1,-1,-1,6,18,0,3,6,0,-1,-1,-1
I18,0,7,0,0,3,0,0,16,0,0,3,0,0,16,0,0,3,0,0,0,0,0,21,1,0,0,0,-1,-1,-1
I19,0,7,0,0,3,0,0,16,0,0,3,0,0,16,0,0,3,0,0,0,0,0,21,1,0:0.97/12:0.03,0:0.97/6:0.03,0,-1,-1,-1
GCCGTGACACAATGTC-1,0,7,0,0,3,0,0,16,0,0,3,0,0,16,0,0,3,0,0,23,0,0,21,1,12,6,0,-1,-1,-1
TAAGCGTAGACTAGAT-1,0,7,0,0,3,0,0,16,0,0,3,0,0,16,0,0,3,0,17,2,0,0,21,1,-1,-1,-1,-1,-1,-1
I20,0,7,0,0,3,0,0,16,0,0,3,0,0,16,0,0,3,0,0:0.01/-1:0.99,0:0.01/-1:0.99,0:0.01/-1:0.99,0,21,1,0,0:0.38/10:0.62,0,-1,-1,-1
AGCTTCCTCTTTCGAT-1,0,7,0,0,3,0,0,16,0,0,3,0,0,16,0,0,3,0,-1,-1,-1,0,21,1,0,10,0,-1,-1,-1
I21,0,7,0,0,3,0,0,16,0,0,3,0,0,16,0,0,3,0,-1,-1,-1,0,21,1,-1,-1,-1,-1,-1,-1
I22,0,7,0,0,3,0,0,16,0,0,3,0,0,16,0,0,3,0,-1,-1,-1,0,21,1,-1,-1,-1,-1,-1,-1
GATGCTATCGCGTGAC-1,0,7,0,0,3,0,0,16,0,0,3,0,0,16,0,0,3,0,-1,-1,-1,0,21,1,-1,-1,-1,-1,-1,-1
I23,0,7,0,0,3,0,0,16,0,0,3,0,0,16,0,0,3,0,-1,-1,-1,0,21,1,-1,-1,-1,-1,-1,-1
CATTGCCGTCCAAATC-1,0,7,0,0,3,0,0,16,0,0,3,0,0,16,0,0,3,0,-1,-1,-1,0,21,1,-1,-1,-1,-1,-1,-1
TTGCGTCTCTTCCGTG-1,0,7,0,0,3,0,0,16,0,0,3,0,0,16,0,0,3,0,-1,-1,-1,0,21,1,-1,-1,-1,-1,-1,-1
AGACCCGGTGGCTAGA-1,0,7,0,0,3,0,0,16,0,0,3,0,0,16,0,0,3,0,-1,-1,-1,0,21,1,-1,-1,-1,-1,-1,-1
