((AGCGTATTCGGAGTGA-1:21,(((((((CACGAATGTCGCATCG-1:7.001,((ACCGTTCTCTTCCGTG-1:2.001,GTCCCATCAGACCGCT-1:2.001)I36:0,CACTTCGTCCCTCGAT-1:4.001)I35:0)I34:3.001,(AGCCACGGTCATCAGT-1:8.001,((GTTATGGTCGGTAAGG-1:0,CATAAGCCACTTCAGA-1:4)I33:0,((AACGTCAGTTTACACG-1:3.027,TTGGATGAGGAGTATT-1:2.027)I32:0.988,CAGCACGGTGAGTAAT-1:4.015)I31:0.985)I30:0.001)I29:0)I28:2.999,((ACCTACCCAGAGAGGG-1:8,CGTAGTAAGACCAGAC-1:6)I27:0,((TGCGACGCAGTCAGCC-1:4.867,TCATGGAAGAACAAGG-1:3.784)I26:3.717,CAGCAATGTCCAGAAG-1:4.86)I25:1.14)I24:0)I23:5,((((TCAGCCTAGGTAAGAG-1:4.036,AGGGAGTTCGCGTGAC-1:0.036)I22:9.587,CTCAGAACAACTGAAA-1:3.502)I21:3.615,CACCAAAAGTAAGAGG-1:9.087)I20:0.913,((CTGTAGAAGAGGGTAA-1:5.004,(GCATTAGGTATGTCCA-1:4.004,(CATTCTAAGAATTGTG-1:3.1,TCATTTGAGCTCACTA-1:2.1)I19:2.913)I18:0.001)I17:8.07,(((GGGTATTCACCAAAGG-1:11.001,AGATAGACAGCTGAAG-1:0.001)I16:1.001,(CTCCTTTAGAGGCGTT-1:4.002,ACTTCGCCAATAGAGT-1:2.002)I15:0)I14:2.998,TTGCATTGTCGAGCAA-1:0.043)I13:0.031)I12:0.927)I11:0)I10:0,((GCGGATCCAATAGAGT-1:1.269,GTAACACGTAACAGTA-1:6.269)I9:5.863,GACCGTGGTCACTTAG-1:3.571)I8:8.429)I7:0,(GTAACACCAAGGGTCA-1:4.794,AGTAACCCAGACTGCC-1:8.046)I6:12.206)I5:0,(((AAGACAATCCACTTTA-1:1.046,AGTCAACCACATCATG-1:2.046)I4:6.026,CTGTCGTGTCTGGTTA-1:2.5)I3:9.091,TTTCATGCAGCACGAA-1:10.079)I2:4.409)I1:0)10:3)I0;
I0,0,0,0,0,0,0,0,0,0,0,0,0,0,0,0,0,0,0,0,0,0,0,0,0,0,0,0,0,0,0
10,0,0,0,0,0,0,0,0,0,0,0,0,0,0,0,0,0,0,0,0,0,0,0,0,0,0,0,-1,-1,-1
I1,0,0,0,0,0,0,0,0,0,0,0,0,0,0,0,0,0,0,0,0,0,0,0,0,0,0,0,-1,-1,-1
I2,0,9,0,0,0,0,0,0:0.02/8:0.98,0,0,10,0,0,0,0,0,0,0,0,0,0,0,0:0.06/11:0.94,0,0:0.76/4:0.24,0:0.76/6:0.24,0,-1,-1,-1
TTTCATGCAGCACGAA-1,41,9,0,5,10,0,3,8,0,1,10,0,0,0,0,0,0,0,19,22,0,0,11,0,-1,-1,-1,-1,-1,-1
I3,0,9,0,0:0.01/7:0.99,0:0.01/9:0.99,0,0:0.01/4:0.99,8,0,0:0.01/5:0.99,10,0,0,0,0,0:0.01/2:0.99,11,0,0:0.41/24:0.59,0:0.41/34:0.59,0,0:0.01/3:0.99,11,0,0:0.31/4:0.69,0:0.31/6:0.69,0,-1,-1,-1
CTGTCGTGTCTGGTTA-1,3,9,0,7,9,0,4,8,0,5,10,0,0,0,0,2,11,0,24,34,0,3,11,0,4,6,0,-1,-1,-1
I4,0,9,0,7,9,0,4,8,0,5,10,0,0,0,0,2,11,0,-1:0.99/24:0.01,-1:0.99/34:0.01,0:0.01/-1:0.99,3,11,0,-1:0.99/4:0.01,-1:0.99/6:0.01,0:0.01/-1:0.99,-1,-1,-1
AGTCAACCACATCATG-1,0,9,0,7,9,0,4,8,0,5,10,0,10,23,0,2,11,0,-1,-1,-1,3,11,0,-1,-1,-1,-1,-1,-1
AAGACAATCCACTTTA-1,3,9,0,7,9,0,4,8,0,5,10,0,0,0,0,2,11,0,-1,-1,-1,3,11,0,-1,-1,-1,-1,-1,-1
I5,0,0,0,0,0,0,0,0,0,0,0,0,0,0,0,0,0,0,0,0,0,0,0,0,0,0,0,-1,-1,-1
I6,0,0:0.01/6:0.99,0,0,0:0.01/7:0.99,0,2,5,0,6,7,0,0,0,0,0,8,0,5,6,0,14,0:0.01/8:0.99,0,0:0.37/23:0.63,0:0.37/29:0.63,0,-1,-1,-1
AGTAACCCAGACTGCC-1,1,6,0,1,7,0,2,5,0,6,7,0,5,15,0,0,8,5,5,6,0,14,8,0,-1,-1,-1,-1,-1,-1
GTAACACCAAGGGTCA-1,0,6,0,17,7,0,2,5,0,6,7,0,29,22,0,16,8,0,5,6,0,14,8,0,23,29,0,-1,-1,-1
I7,0,0,0,0,0,0,0,0,0,0,0,0,0,0,0,0,0,0,0,0,0,0,0,0,0,0,0,-1,-1,-1
I8,0,0,0,0:0.01/30:0.99,0:0.01/9:0.99,0,0,0,0,0,0,0,0,0:0.01/30:0.99,0,0:0.02/15:0.98,0:0.01/18:0.99,0,0,0:0.01/25:0.99,0,0:0.01/6:0.99,0:0.01/20:0.99,0,0,0:0.48/3:0.52,0,-1,-1,-1
GACCGTGGTCACTTAG-1,-1,-1,-1,30,9,0,0,0,0,0,0,0,0,30,0,15,18,0,0,25,0,6,20,0,0,3,0,-1,-1,-1
I9,0,0,0,30,9,0,0:0.04/-1:0.96,0:0.04/-1:0.96,0:0.04/-1:0.96,0,0,0,0,30,0,15,18,0,0,25,0,6,20,0,0:0.04/-1:0.96,0:0.02/-1:0.96/3:0.02,0:0.04/-1:0.96,-1,-1,-1
GTAACACGTAACAGTA-1,-1,-1,-1,30,9,0,-1,-1,-1,28,39,0,30,30,0,15,18,0,0,25,0,6,20,0,-1,-1,-1,-1,-1,-1
GCGGATCCAATAGAGT-1,0,0,0,30,9,0,-1,-1,-1,0,36,0,0,30,0,15,18,0,0,25,0,6,20,0,-1,-1,-1,-1,-1,-1
I10,0,0,0,0,0,0,0,0,0,0,0,0,0,0,0,0,0,0,0,0,0,0,0,0,0,0,0,-1,-1,-1
I11,0,0,0,0,0,0,0,0,0,0,0,0,0,0,0,0,0,0,0,0,0,0,0,0,0,0,0,-1,-1,-1
I12,0,0,0,0,0,0,0,0,0,0,0,0,0,0,0,0,0,0,0,0,0,0,0,0,0,0:0.07/5:0.93,0,-1,-1,-1
I13,0,0,0,0,0,0,0,0,0,0,0,0,0,0,0,0,0,0,0,0,0,0,0,0,0,0:0.04/5:0.96,0,-1,-1,-1
TTGCATTGTCGAGCAA-1,0,0,0,0,0,0,0,0,0,0,0,0,0,0,0,0,0,0,0,0,0,0,0,0,0,5,0,-1,-1,-1
I14,0,0,0,0,0,0,0,0,0,0,0,0,0,0,0,0,0,0,0,0,0,0,0,0,-1,-1,-1,-1,-1,-1
I15,0,0,0,0,0,0,0,0,0,0,0,0,0,0,0,0,0,0,0,0,0,0,0,0,-1,-1,-1,-1,-1,-1
ACTTCGCCAATAGAGT-1,0,0,0,0,0,0,0,0,0,0,0,0,0,0,0,0,0,0,9,14,0,0,0,0,-1,-1,-1,-1,-1,-1
CTCCTTTAGAGGCGTT-1,0,34,0,0,0,0,0,0,0,0,0,0,0,0,0,0,0,0,19,25,0,0,8,0,-1,-1,-1,-1,-1,-1
I16,0,0,0,0,0,0,0,0,0,0,0,0,0,0,0,0,0,0,0,19,0,0,0,0,-1,-1,-1,-1,-1,-1
AGATAGACAGCTGAAG-1,0,0,0,0,0,0,0,0,0,0,0,0,0,0,0,0,0,0,0,19,0,0,0,0,-1,-1,-1,-1,-1,-1
GGGTATTCACCAAAGG-1,0,14,0,0,48,0,4,41,0,0,37,0,3,3,0,0,17,0,0,19,0,4,41,11,-1,-1,-1,-1,-1,-1
I17,0,37,0,0,9,0,21,27,0,0,0,0,0,9,0,0,0,0,-1,-1,-1,0,0,0,0,5,0,-1,-1,-1
I18,0,37,0,0,9,0,21,27,0,0,0,0,0,9,0,0,0,0,-1,-1,-1,0,0,0,0,5,0,-1,-1,-1
I19,0,37,0,0,9,0,21,27,0,0,0,0,0,9,0,0,0,0,-1,-1,-1,0:0.03/-1:0.97,0:0.03/-1:0.97,0:0.03/-1:0.97,0,5,0,-1,-1,-1
TCATTTGAGCTCACTA-1,0,37,0,0,9,0,21,27,0,3,3,0,0,9,0,0,0,0,-1,-1,-1,-1,-1,-1,0,5,0,-1,-1,-1
CATTCTAAGAATTGTG-1,0,37,0,0,9,0,21,27,0,2,28,0,0,9,0,0,33,0,-1,-1,-1,-1,-1,-1,0,5,0,-1,-1,-1
GCATTAGGTATGTCCA-1,0,37,0,0,9,0,21,27,0,26,4,0,0,9,0,0,0,0,-1,-1,-1,28,39,0,0,5,0,-1,-1,-1
CTGTAGAAGAGGGTAA-1,0,37,0,0,9,0,21,27,0,12,34,0,0,9,0,0,0,0,-1,-1,-1,26,36,0,22,5,0,-1,-1,-1
I20,0,0,0,0,0,0,0,0,0,0,0,0,0,0,0,0,0,0,0,0:0.18/12:0.82,0,0,0,0,0,0:0.91/17:0.09,0,-1,-1,-1
CACCAAAAGTAAGAGG-1,0,0,0,0,32,0,0,9,0,20,5,0,0,29,0,2,19,0,0,12,0,0,9,0,0,17,0,-1,-1,-1
I21,0,0,0,0,0,0,0,0,0,0,0,0,0,0:0.04/22:0.96,0,0,0,0,0,0:0.11/12:0.89,0,0,0,0,0:0.14/-1:0.85/2:0.008/5:0.008/7:0.009/8:0.009/10:0.001/11:0.007/12:0.001/14:0.001/15:0.008/16:0.001/18:0.002/19:0.001/20:0.006/21:0.003/23:0.001/24:0.001/27:0.001/29:0.001,0:0.12/-1:0.85/17:0.03,0:0.14/-1:0.85/1:0.006,-1,-1,-1
CTCAGAACAACTGAAA-1,0,0,0,0,0,0,0,0,0,0,0,0,0,22,0,0,0,0,-1,-1,-1,0,0,0,-1,-1,-1,-1,-1,-1
I22,0:0.01/-1:0.99,0:0.01/-1:0.99,0:0.01/-1:0.99,7,9,0,0,0,0,1,1,0,0,22,0,0,0,0,0,12,0,12,23,0,-1,-1,-1,-1,-1,-1
AGGGAGTTCGCGTGAC-1,-1,-1,-1,7,9,0,0,0,0,1,1,0,0,22,0,0,0,0,0,12,0,12,23,0,-1,-1,-1,-1,-1,-1
TCAGCCTAGGTAAGAG-1,-1,-1,-1,7,9,0,5,50,0,1,1,0,0,22,0,11,50,0,0,12,0,12,23,0,-1,-1,-1,-1,-1,-1
I23,0,0,0,0,0,0,0,7,0,0,9,0,0,0,0,0,10,0,0,0,0,0,10,3,0,0,0,-1,-1,-1
I24,0,0,0,0,0,0,0,7,0,0,9,0,0,0,0,0,10,0,0,0,0,0,10,3,0,0,0,-1,-1,-1
I25,0,0,0,0,0,0,0,7,0,0,9,0,0:0.14/5:0.86,0,0,0,10,0,0,0,0,0,10,3,0:0.86/14:0.14,0:0.86/18:0.14,0,-1,-1,-1
CAGCAATGTCCAGAAG-1,3,31,0,0,0,0,0,7,0,0,9,0,5,32,0,0,10,0,0,0,0,0,10,3,14,18,0,-1,-1,-1
I26,0,0,0,0,0:0.58/7:0.42,0,0,7,0,0,9,0,0:0.08/5:0.92,0:0.58/9:0.42,0,0,10,0,0,0,0,0,10,3,0:0.05/-1:0.93/14:0.02,0:0.05/-1:0.93/18:0.02,0:0.06/-1:0.93/1:0.006,-1,-1,-1
TCATGGAAGAACAAGG-1,0,0,0,0,7,0,0,7,0,0,9,0,-1,-1,-1,0,10,0,0,0,0,0,10,3,-1,-1,-1,-1,-1,-1
TGCGACGCAGTCAGCC-1,0,14,0,-1,-1,-1,0,7,0,0,9,0,5,9,0,0,10,0,0,0,0,0,10,3,-1,-1,-1,-1,-1,-1
I27,0,0,0,0,0,0,0,7,0,0,9,0,0,0,0,0,10,0,0,0,0,0,10,3,0,0,0,-1,-1,-1
CGTAGTAAGACCAGAC-1,0,0,0,0,6,0,0,7,0,0,9,0,6,41,0,15,10,0,0,0,0,0,10,3,20,10,0,-1,-1,-1
ACCTACCCAGAGAGGG-1,7,17,2,0,0,0,3,7,0,0,9,0,0,14,0,2,10,0,0,0,0,0,10,3,5,7,0,-1,-1,-1
I28,0,0,0,0,0,0,0,7,0,0,9,0,0,0,0,0,10,0,0,0,0,0,10,3,-1,-1,-1,-1,-1,-1
I29,0,0,0,0,0,0,0,7,0,0,9,0,0,0,0,0,10,0,0,0,0,0,10,3,-1,-1,-1,-1,-1,-1
I30,0,0,0,0,0,0,0,7,0,0,9,0,0,0,0,0,10,0,0,0,0,0,10,3,-1,-1,-1,-1,-1,-1
I31,0,0,0,0,0:0.02/9:0.98,0,0,7,0,0,9,0,0,0,0,0,10,0,0,0,0,0,10,3,-1,-1,-1,-1,-1,-1
CAGCACGGTGAGTAAT-1,0,32,0,0,9,0,0,7,0,0,9,0,0,0,0,0,10,0,-1,-1,-1,0,10,3,-1,-1,-1,-1,-1,-1
I32,0,0,0,0:0.03/1:0.97,9,0,0,7,0,0,9,0,0,0,0,0,10,0,0,0,0,0,10,3,-1,-1,-1,-1,-1,-1
TTGGATGAGGAGTATT-1,40,55,0,1,9,0,0,7,0,0,9,0,0,0,0,0,10,0,0,0,0,0,10,3,-1,-1,-1,-1,-1,-1
AACGTCAGTTTACACG-1,5,8,0,1,9,0,0,7,0,0,9,0,0,0,0,2,10,0,0,0,0,0,10,3,-1,-1,-1,-1,-1,-1
I33,0,0,0,0,0,0,0,7,0,0,9,0,0,0,0,0,10,0,0,0,0,0,10,3,-1,-1,-1,-1,-1,-1
CATAAGCCACTTCAGA-1,0,34,0,0,0,0,0,7,0,0,9,0,0,0,0,0,10,0,-1,-1,-1,0,10,3,-1,-1,-1,-1,-1,-1
GTTATGGTCGGTAAGG-1,0,0,0,0,0,0,0,7,0,0,9,0,0,0,0,0,10,0,0,0,0,0,10,3,-1,-1,-1,-1,-1,-1
AGCCACGGTCATCAGT-1,13,14,0,0,0,0,0,7,0,0,9,0,-1,-1,-1,0,10,0,-1,-1,-1,0,10,3,-1,-1,-1,-1,-1,-1
I34,-1,-1,-1,0,0,0,0,7,0,0,9,0,0,0,0,0,10,0,0,0,0,0,10,3,-1,-1,-1,-1,-1,-1
I35,-1,-1,-1,0,0,0,0,7,0,0,9,0,0,0,0,0,10,0,0,0,0,0,10,3,-1,-1,-1,-1,-1,-1
CACTTCGTCCCTCGAT-1,-1,-1,-1,21,34,0,0,7,0,0,9,0,19,31,0,0,10,0,0,0,0,0,10,3,-1,-1,-1,-1,-1,-1
I36,-1,-1,-1,0,0,0,0,7,0,0,9,0,0,0,0,0,10,0,0,0,0,0,10,3,-1,-1,-1,-1,-1,-1
GTCCCATCAGACCGCT-1,-1,-1,-1,0,0,0,0,7,0,0,9,0,0,10,0,11,10,0,0,0,0,0,10,3,-1,-1,-1,-1,-1,-1
ACCGTTCTCTTCCGTG-1,-1,-1,-1,0,17,0,0,7,0,0,9,0,0,6,0,0,10,0,0,0,0,0,10,3,-1,-1,-1,-1,-1,-1
CACGAATGTCGCATCG-1,-1,-1,-1,13,23,0,0,7,0,0,9,0,17,28,0,15,10,0,16,10,0,0,10,3,-1,-1,-1,-1,-1,-1
AGCGTATTCGGAGTGA-1,14,22,0,14,25,0,17,9,0,-1,-1,-1,4,21,0,15,6,0,11,21,0,-1,-1,-1,-1,-1,-1,-1,-1,-1
(((TAATTCCCAGGTGTTT-1:10.476,TAAGTCGAGGACGCAT-1:8.877)I9:7.168,(((TCTCCGACAACTCGTA-1:0,AAGTGAAAGGATGCGT-1:0)I8:3,(((GCATCTCGTCGCCTAG-1:0,CCTGTTGAGGCTAAAT-1:0)I7:0.001,TCAAGTGGTGGTCTCG-1:1.001)I6:0.999,(GCTTCACCAGGCAATG-1:1,GCAGCTGAGATGTTAG-1:0)I5:0)I4:0)I3:3.001,(TGGAACTCAGACCAGA-1:3.001,TTCTGTAGTCTTGTCC-1:1.001)I2:0)I1:9.622)12:3.85)I0;
I0,0,0,0,0,0,0,0,0,0,0,0,0,0,0,0,0,0,0,0,0,0,0,0,0,0,0,0,0,0,0
12,0,0,0,0,0,0,0,0,0,0,0,0,0,11,0,0,0,0,0,0,0,0,0:0.6/4:0.4,0,0,0,0,0:0.18/-1:0.79/,0:0.18/-1:0.79/,0:0.18/-1:0.79/1:0.03
I1,0,0,0,0,13,0,6,10,0,0,5,0,0,11,0,0,5,0,0,5,0,-1,-1,-1,0,0,0,-1,-1,-1
I2,0,0,0,0,13,0,6,10,0,0,5,0,0,11,0,0,5,0,0,5,0,-1,-1,-1,0,0,0,-1,-1,-1
TTCTGTAGTCTTGTCC-1,0,0,0,0,13,0,6,10,0,0,5,0,0,11,0,0,5,0,0,5,0,-1,-1,-1,0,16,0,-1,-1,-1
TGGAACTCAGACCAGA-1,18,26,0,0,13,0,6,10,0,0,5,0,0,11,0,0,5,0,0,5,0,-1,-1,-1,0,11,0,-1,-1,-1
I3,0,0,0,0,13,0,6,10,0,0,5,0,0,11,0,0,5,0,0,5,0,-1,-1,-1,-1,-1,-1,-1,-1,-1
I4,0,0,0,0,13,0,6,10,0,0,5,0,0,11,0,0,5,0,0,5,0,-1,-1,-1,-1,-1,-1,-1,-1,-1
I5,0,0,0,0,13,0,6,10,0,0,5,0,0,11,0,0,5,0,0,5,0,-1,-1,-1,-1,-1,-1,-1,-1,-1
GCAGCTGAGATGTTAG-1,0,0,0,0,13,0,6,10,0,0,5,0,0,11,0,0,5,0,0,5,0,-1,-1,-1,-1,-1,-1,-1,-1,-1
GCTTCACCAGGCAATG-1,0,34,0,0,13,0,6,10,0,0,5,0,0,11,0,0,5,0,0,5,0,-1,-1,-1,-1,-1,-1,-1,-1,-1
I6,0,14,0,0,13,0,6,10,0,0,5,0,0,11,0,0,5,0,0,5,0,-1,-1,-1,-1,-1,-1,-1,-1,-1
TCAAGTGGTGGTCTCG-1,9,14,0,0,13,0,6,10,0,0,5,0,0,11,0,0,5,0,0,5,0,-1,-1,-1,-1,-1,-1,-1,-1,-1
I7,0,14,0,0,13,0,6,10,0,0,5,0,0,11,0,0,5,0,0,5,0,-1,-1,-1,-1,-1,-1,-1,-1,-1
CCTGTTGAGGCTAAAT-1,0,14,0,0,13,0,6,10,0,0,5,0,0,11,0,0,5,0,0,5,0,-1,-1,-1,-1,-1,-1,-1,-1,-1
GCATCTCGTCGCCTAG-1,0,14,0,0,13,0,6,10,0,0,5,0,0,11,0,0,5,0,0,5,0,-1,-1,-1,-1,-1,-1,-1,-1,-1
I8,-1,-1,-1,0,13,0,6,10,0,0,5,0,0,11,0,0,5,0,0,5,0,-1,-1,-1,-1,-1,-1,-1,-1,-1
AAGTGAAAGGATGCGT-1,-1,-1,-1,0,13,0,6,10,0,0,5,0,0,11,0,0,5,0,0,5,0,-1,-1,-1,-1,-1,-1,-1,-1,-1
TCTCCGACAACTCGTA-1,-1,-1,-1,0,13,0,6,10,0,0,5,0,0,11,0,0,5,0,0,5,0,-1,-1,-1,-1,-1,-1,-1,-1,-1
I9,0,0:0.04/14:0.96,0,0:0.05/17:0.95,0:0.02/51:0.98,0:0.03/6:0.97,0,46,0,0,0,0,0,11,0,0,0,0,0,0:0.6/25:0.4,0,0,0:0.03/4:0.97,0,0:0.6/5:0.4,0:0.6/13:0.4,0,0:0.03/-1:0.96/,0:0.03/-1:0.96/,0:0.03/-1:0.96/1:0.01
TAAGTCGAGGACGCAT-1,34,14,0,17,51,6,10,46,0,0,5,0,0,11,0,0,5,0,0,25,0,6,4,0,-1,-1,-1,-1,-1,-1
TAATTCCCAGGTGTTT-1,1,14,0,17,51,6,3,46,0,0,0,0,5,11,0,11,47,0,-1,-1,-1,3,4,0,5,13,0,-1,-1,-1
(((CTCCTTTAGGCACTAG-1:18.04,((GGGACTCGTGTTCCTC-1:12.47,GATCGTATCTCCGATC-1:7.785)I54:6.415,ATCCGTCCAGGATTCT-1:9.497)I53:0.543)I52:0.96,((((TGAGACTCACTAGGTT-1:5.393,(GTCGCGATCGAAGTGG-1:1.003,(AATGGAAAGCGTCAGA-1:1.002,CATCGGGGTAAGGCTG-1:4.003)I51:0)I50:3.074)I49:13.63,(CTGCATCTCATGCCAA-1:14.025,((((TTCCTAATCTCCTGAC-1:3.09,GTTGTGATCGGATACT-1:2.461)I48:5.448,TCGAACACAAATCAAG-1:7.126)I47:8.058,TTTACCATCAGAACCT-1:16.024)I46:0,(AACGAAATCCGATAAC-1:5.032,(GCACGGTTCACGAACT-1:4.143,TGCTCGTCACTAACCA-1:6.143)I45:1.889)I44:7.992)I43:0)I42:2.977)I41:0,((CCCTCTCCAGACTGCC-1:2.812,(ATCACGACAGTGGCTC-1:3.04,CCTCAGTTCAGGCGAA-1:0.04)I40:9.243)I39:8.278,TTTAGTCGTAAGGCTG-1:15.08)I38:1.086)I37:0,((((TGCTCCATCATTTCGT-1:4.051,ACTTAGGGTTAGGGTG-1:8.051)I36:2.982,(AACCCAAGTGGTTTGT-1:6.033,AAAGGTATCGACTCCT-1:11.025)I35:0)I34:4.972,((((AATGGCTAGCTAAATG-1:4.613,GTAGATCCAGAACTCT-1:5.16)I33:5.331,ATCCGTCAGGCACAAC-1:6.037)I32:8.963,((ATTATCCCAGCAGATG-1:6.873,CAACAGTTCCCATGGG-1:5.346)I31:6.233,(TAGGGTTCACCCTAGG-1:5.142,((TGGGAGAAGTCACTAC-1:4.158,GGTTGTAAGTCGAAAT-1:1.527)I30:7.529,GTTCATTTCCGTGTCT-1:4.212)I29:1.062)I28:5.917)I27:3.954)I26:0,CCTCAACTCGTAGGAG-1:6)I25:0)I24:1,((((AGCATCATCCTGATAG-1:5.722,CTTCGGTTCGGTAACT-1:4.152)I23:10.506,(TCATCATGTTGCTCAA-1:10.347,((GAAGAATGTAGGCAGT-1:8.001,GTTGTGACAGCTCCTT-1:2.001)I22:1.999,((((((GCCATGGAGACCAAAT-1:0.016,ATACCGATCAGCGGAA-1:5.016)I21:5.096,TGAATGCAGCTCTGTA-1:14.204)I20:0.888,CATTTCACACTGATTG-1:14)I19:0,(TAGGAGGGTTGAAGTA-1:9.315,TTCTAGTTCTCTCGAC-1:9.315)I18:0.685)I17:0,ACTATCTCAGAGTAAT-1:8)I16:0,ACAACCAGTACGTAGG-1:7)I15:0)I14:3)I13:0)I12:0.653,(TAATCTCTCTTGCAGA-1:5.003,(AACCAACTCGTTCAGA-1:1.302,CTGCAGGCAGACCGCT-1:3)I11:1.31)I10:4.388)I9:0,((CAGCAGCGTTTGCAGT-1:3.556,(TACACCCAGCAGTAAT-1:7.331,AATTCCTGTGGCTGCT-1:3.255)I8:3.832)I7:2.445,(GATGAGGTCGCTCTAC-1:9.001,TACCGGGCAGTTTGGT-1:10)I6:0)I5:5.999)I4:0)I3:0)I2:0)I1:3)I0;
I0,0,0,0,0,0,0,0,0,0,0,0,0,0,0,0,0,0,0,0,0,0,0,0,0,0,0,0,0,0,0
I1,0,0,0,0,0,0,0,0,0,0,0,0,0,0,0,0,0,0,0,0,0,0,0,0,0,0,0,-1,-1,-1
I2,0,0,0,0,0,0,0,0,0,0,0,0,0,0,0,0,0,0,0,0,0,0,0,0,0,0,0,-1,-1,-1
I3,0,0,0,0,0,0,0,0,0,0,0,0,0,0,0,0,0,0,0,0,0,0,0,0,0,0,0,-1,-1,-1
I4,0,0,0,0,0,0,0,0,0,0,0,0,0,0,0,0,0,0,0,0,0,0,0,0,0,0,0,-1,-1,-1
I5,0,15,0,9,15,0,0,0,0,0,14,0,0,0,0,0,0,0,0,9,0,0,9,0,0,0,0,-1,-1,-1
I6,0,15,0,9,15,0,0,0,0,0,14,0,0,0,0,0,0,0,0,9,0,0,9,0,0,0,0,-1,-1,-1
TACCGGGCAGTTTGGT-1,7,15,0,9,15,0,19,25,0,0,14,0,10,22,0,30,5,0,29,9,0,0,9,0,24,2,0,-1,-1,-1
GATGAGGTCGCTCTAC-1,29,15,0,9,15,0,0,0,0,0,14,0,6,44,0,31,42,8,0,9,0,0,9,0,-1,-1,-1,-1,-1,-1
I7,0:0.03/1:0.97,15,0,9,15,0,0,0,0,0,14,0,0,0:0.02/6:0.98,0,0,0,0,0,9,0,0,9,0,0:0.75/15:0.25,0:0.75/3:0.25,0,-1,-1,-1
I8,1,15,0,9,15,0,0:0.64/4:0.36,0:0.64/15:0.36,0,0,14,0,0,6,0,0,0:0.64/17:0.36,0,0,9,0,0,9,0,0:0.07/-1:0.89/15:0.04,0:0.07/-1:0.89/3:0.04,0:0.1/-1:0.89/1:0.006,-1,-1,-1
AATTCCTGTGGCTGCT-1,1,15,0,9,15,0,4,15,0,0,14,0,4,6,0,0,17,0,0,9,0,0,9,0,-1,-1,-1,-1,-1,-1
TACACCCAGCAGTAAT-1,1,15,0,9,15,0,-1,-1,-1,0,14,0,1,6,0,-1,-1,-1,0,9,0,0,9,0,-1,-1,-1,-1,-1,-1
CAGCAGCGTTTGCAGT-1,1,15,0,9,15,0,0,0,0,0,14,0,4,6,0,0,0,0,0,9,0,4,9,0,15,3,0,-1,-1,-1
I9,0,0,0,0,0,0,0,0,0,0,0,0,0,0,0,0,0,0,0,0,0,0,0,0,0,0,0,-1,-1,-1
I10,0,0,0,0,0,0,0,0,0,0,0,0,0,0,0,0,7,0,0,0,0,0,6,2,0:0.3/1:0.7,0:0.3/1:0.7,0,-1,-1,-1
I11,0,0,0,0,8,0,0,0,0,0,0,0,0,0,0,0,7,0,0,0,0,0,6,2,0:0.15/1:0.85,0:0.15/1:0.85,0,-1,-1,-1
CTGCAGGCAGACCGCT-1,0,0,0,0,8,0,0,0,0,0,0,0,0,0,0,0,7,0,0,0,0,0,6,2,-1,-1,-1,-1,-1,-1
AACCAACTCGTTCAGA-1,0,0,0,0,8,0,0,0,0,0,0,2,0,0,0,0,7,0,0,0,0,0,6,2,1,1,0,-1,-1,-1
TAATCTCTCTTGCAGA-1,0,0,0,0,0,0,0,0,0,0,9,0,0,0,0,15,7,0,0,0,0,0,6,2,-1,-1,-1,-1,-1,-1
I12,0,0,0,0,0,0,0,0,0,0,0,0,0,0,0,0,0,0,0,0,0,0,0,0,0,0:0.35/3:0.65,0,-1,-1,-1
I13,0,0,0,0,0,0,0,0,0,0,0,0,0,0,0,0,0,0,0,0,0,0,0,0,0,0:0.35/3:0.65,0,-1,-1,-1
I14,0,0,0,0,0,0,0,0,0,0,0,0,0,0,0,0,0,0,0,0,0,0,0,0,-1,-1,-1,-1,-1,-1
I15,0,0,0,0,0,0,0,0,0,0,0,0,0,0,0,0,0,0,0,0,0,0,0,0,-1,-1,-1,-1,-1,-1
ACAACCAGTACGTAGG-1,0,0,0,0,0,0,0,0,0,10,15,0,0,0,0,-1,-1,-1,0,0,0,9,13,0,-1,-1,-1,-1,-1,-1
I16,0,0,0,0,0,0,0,0,0,0,0,0,0,0,0,0,0,0,0,0,0,0,0,0,-1,-1,-1,-1,-1,-1
ACTATCTCAGAGTAAT-1,-1,-1,-1,0,0,0,13,6,0,9,8,0,0,15,0,0,0,0,0,0,0,0,0,0,-1,-1,-1,-1,-1,-1
I17,0,0,0,0,0,0,0,0,0,0,0,0,0,0,0,0,0,0,0,0,0,0,0,0,-1,-1,-1,-1,-1,-1
I18,0,0,0,0,0,0,0,0,0,0,0,0,0,0,0,0:0.32/15:0.68,0,0,0,0,0,0,0,0,-1,-1,-1,-1,-1,-1
TTCTAGTTCTCTCGAC-1,0,0,0,0,43,0,0,0,0,24,32,0,33,26,0,15,50,0,32,45,0,0,18,0,-1,-1,-1,-1,-1,-1
TAGGAGGGTTGAAGTA-1,4,14,0,33,0,0,0,0,0,23,31,0,0,0,0,15,48,0,0,12,0,33,20,0,-1,-1,-1,-1,-1,-1
I19,0,0,0,0,0,0,0,0,0,0,0,0,0,0,0,0,0,0,0,0,0,0,0,0,-1,-1,-1,-1,-1,-1
CATTTCACACTGATTG-1,7,5,0,23,7,0,0,0,0,21,29,6,4,34,0,26,34,0,0,11,0,21,30,0,-1,-1,-1,-1,-1,-1
I20,0,0,0,0,0,0,0,0,0,0,0,0,0,0,0,0,0:0.91/4:0.09,0,0,0:0.2/5:0.8,0,0,0,0,-1,-1,-1,-1,-1,-1
TGAATGCAGCTCTGTA-1,29,53,0,0,5,0,3,54,0,2,27,0,32,50,0,-1,-1,-1,0,5,0,3,17,0,-1,-1,-1,-1,-1,-1
I21,0,14,0,17,4,0,0,0,0,0,0,0,0,0,0,0,4,0,0,5,0,0,3,0,-1,-1,-1,-1,-1,-1
ATACCGATCAGCGGAA-1,7,14,0,17,4,0,0,0,0,4,1,0,5,6,0,0,4,0,0,5,0,0,3,0,-1,-1,-1,-1,-1,-1
GCCATGGAGACCAAAT-1,0,14,0,17,4,0,0,0,0,0,0,0,0,0,0,0,4,0,0,5,0,0,3,0,-1,-1,-1,-1,-1,-1
I22,0,0,0,0,0,0,0,0,0,0,0,0,0,0,0,0,0,0,25,35,0,0,0,0,-1,-1,-1,-1,-1,-1
GTTGTGACAGCTCCTT-1,0,0,0,0,0,0,0,0,0,3,3,0,0,0,0,0,0,0,25,35,0,0,0,0,-1,-1,-1,-1,-1,-1
GAAGAATGTAGGCAGT-1,0,18,0,0,0,0,0,33,0,0,8,0,1,30,0,4,6,0,25,35,0,0,37,0,-1,-1,-1,-1,-1,-1
TCATCATGTTGCTCAA-1,2,2,0,0,0,0,0,51,0,0,9,0,0,49,0,0,7,0,0,0,0,2,2,1,28,3,0,-1,-1,-1
I23,0,0,0,13,23,0,0:0.01/16:0.99,0:0.01/4:0.99,0,14,19,0,11,19,0,0,0,0,0:0.34/8:0.66,0:0.34/13:0.66,0,0,0:0.01/9:0.99,0,0,0:0.12/3:0.88,0,-1,-1,-1
CTTCGGTTCGGTAACT-1,0,46,0,13,23,0,16,4,0,14,19,0,11,19,0,0,0,0,-1,-1,-1,0,9,0,0,3,0,-1,-1,-1
AGCATCATCCTGATAG-1,0,0,0,13,23,0,16,4,0,14,19,0,11,19,0,0,5,0,8,13,0,3,9,0,-1,-1,-1,-1,-1,-1
I24,0,0,0,0,0,0,0,0,0,0,5,0,0,0,0,0,0,0,0,0,0,0,0,0,0,0,0,-1,-1,-1
I25,0,0,0,0,0,0,0,0,0,0,5,0,0,0,0,0,0,0,0,0,0,0,0,0,0,0,0,-1,-1,-1
CCTCAACTCGTAGGAG-1,0,0,0,0,0,0,0,9,0,0,5,0,0,0,0,0,19,0,22,21,0,0,0,0,17,22,0,-1,-1,-1
I26,0,0,0,0,0,0,0,0,0,0,5,0,0,0,0,0,0,0,0,0,0,0,0,0,0,0,0,-1,-1,-1
I27,0,0:0.03/18:0.97,0,0:0.01/20:0.99,0:0.01/30:0.99,0,0,0,0,0,5,0,0,0,0,0,30,0,0,0,0,0,0,0,0,0,0,-1,-1,-1
I28,0,18,0,20,30,0,0,0,0,0:0.01/1:0.99,5,0,0,0,0,0,30,0,0:0.02/-1:0.97/1:0.002/3:0.001/6:0.006/7:0.001/9:0.001/10:0.008/11:0.008/12:0.009/16:0.003/19:0.007/20:0.009/22:0.001/23:0.002/24:0.008/26:0.002/27:0.005/28:0.003/31:0.002,0:0.02/-1:0.97/1:0.002/3:0.008/4:0.003/5:0.009/7:0.005/8:0.006/10:0.005/11:0.009/12:0.008/14:0.001/16:0.003/18:0.001/20:0.004/21:0.003/22:0.003/24:0.001/25:0.009/28:0.004/29:0.005/30:0.002/31:0.001/33:0.002/34:0.001/36:0.004/38:0.002/40:0.003/43:0.006/44:0.001,0:0.02/-1:0.97/2:0.001,0,42,0,0,0:0.05/17:0.95,0,-1,-1,-1
I29,0,18,0,20,30,0,0,0:0.87/9:0.13,0,1,5,0,0,0,0,0,30,0,0:0.01/-1:0.99,0:0.01/-1:0.99,0:0.01/-1:0.99,0:0.13/13:0.87,42,0,0,0:0.05/17:0.95,0,-1,-1,-1
GTTCATTTCCGTGTCT-1,0,18,0,20,30,0,-1,-1,-1,1,5,0,0,0,0,15,30,0,-1,-1,-1,13,42,0,0,17,0,-1,-1,-1
I30,0,18,0,20,30,0,0,0:0.01/9:0.99,0,1,5,0,0:0.02/-1:0.97/1:0.009/2:0.001/3:0.001/4:0.008/5:0.009/6:0.008/8:0.002/10:0.008/11:0.002/13:0.005/14:0.003/15:0.001/16:0.001/17:0.006/18:0.001/20:0.001/21:0.002/23:0.001/28:0.002/29:0.006/32:0.002/33:0.001,0:0.02/-1:0.97/2:0.001/3:0.001/4:0.002/6:0.009/7:0.002/8:0.002/9:0.009/10:0.001/11:0.001/14:0.003/15:0.008/16:0.002/18:0.004/19:0.002/20:0.001/21:0.003/22:0.009/24:0.004/25:0.001/26:0.001/27:0.003/28:0.006/30:0.008/33:0.002/37:0.001/38:0.001/43:0.003/45:0.001/46:0.002/47:0.003/48:0.003/49:0.005/50:0.002/51:0.001,0:0.02/-1:0.97/1:0.006/3:0.001,0:0.37/33:0.63,30,0,-1,-1,-1,13,42,0,0:0.02/-1:0.97/2:0.008/5:0.008/7:0.009/8:0.009/10:0.001/11:0.007/12:0.001/14:0.001/15:0.008/16:0.001/18:0.002/19:0.001/20:0.006/21:0.003/23:0.001/24:0.001/27:0.001/29:0.001,-1:0.97/17:0.03,0:0.02/-1:0.97/1:0.006,-1,-1,-1
GGTTGTAAGTCGAAAT-1,0,18,0,20,30,0,4,9,0,1,5,0,-1,-1,-1,33,30,0,-1,-1,-1,13,42,0,-1,-1,-1,-1,-1,-1
TGGGAGAAGTCACTAC-1,0,18,0,20,30,0,9,9,0,1,5,0,-1,-1,-1,-1,-1,-1,-1,-1,-1,13,42,0,-1,-1,-1,-1,-1,-1
TAGGGTTCACCCTAGG-1,0,18,0,20,30,0,0,37,0,1,5,0,0,0,0,-1,-1,-1,-1,-1,-1,0,42,0,27,17,0,-1,-1,-1
I31,0:0.03/1:0.97,18,0,20,30,0,0,0,0,0,5,0,0:0.08/-1:0.9/1:0.017/2:0.003/3:0.001/4:0.016/5:0.018/6:0.017/7:0.001/8:0.004/10:0.016/11:0.004/13:0.009/14:0.005/15:0.001/16:0.002/17:0.012/18:0.003/19:0.001/20:0.001/21:0.004/22:0.001/23:0.002/24:0.001/28:0.004/29:0.012/32:0.004/33:0.002,0:0.08/-1:0.9/1:0.001/2:0.003/3:0.001/4:0.005/6:0.018/7:0.003/8:0.003/9:0.018/10:0.003/11:0.001/14:0.007/15:0.015/16:0.004/18:0.008/19:0.004/20:0.002/21:0.006/22:0.018/24:0.008/25:0.001/26:0.002/27:0.005/28:0.012/29:0.001/30:0.017/31:0.001/33:0.004/35:0.001/36:0.001/37:0.002/38:0.002/39:0.001/40:0.001/41:0.001/43:0.005/45:0.001/46:0.003/47:0.007/48:0.006/49:0.01/50:0.004/51:0.003,0:0.08/-1:0.9/1:0.011/3:0.002/4:0.001,22,30,0,0,0,0,0,27,0,0,0:0.53/13:0.47,0,-1,-1,-1
CAACAGTTCCCATGGG-1,1,18,0,20,30,0,0,0,0,0,5,0,-1,-1,-1,22,30,0,14,11,0,0,27,0,-1,-1,-1,-1,-1,-1
ATTATCCCAGCAGATG-1,1,18,0,20,30,0,-1,-1,-1,18,5,0,-1,-1,-1,22,30,0,0,25,0,15,27,0,0,13,0,-1,-1,-1
I32,8,13,0,0,0,0,0:0.02/9:0.98,13,0,0:0.02/2:0.98,5,0,0,11,0,0,15,2,0,0,0,0,0,0,0,4,0,-1,-1,-1
ATCCGTCAGGCACAAC-1,8,13,5,0,28,0,9,13,0,2,5,0,0,11,0,20,15,2,0,7,0,0,16,0,12,4,0,-1,-1,-1
I33,8,13,0,0,0:0.02/14:0.98,0,9,13,0,2,5,0,0:0.02/4:0.98,11,0,0:0.02/11:0.98,15,2,0:0.55/27:0.45,0:0.55/5:0.45,0,0,0:0.55/4:0.45,0,3,4,0,-1,-1,-1
GTAGATCCAGAACTCT-1,8,13,0,1,14,0,9,13,0,2,5,0,4,11,0,11,15,2,27,5,0,-1,-1,-1,3,4,0,-1,-1,-1
AATGGCTAGCTAAATG-1,8,13,0,8,14,0,9,13,0,2,5,0,4,11,0,11,15,2,-1,-1,-1,0,4,0,3,4,0,-1,-1,-1
I34,0,0,0,0,0,0,0,0,0,0,5,0,0,4,0,0,0,0,0,0:0.01/7:0.99,0,0,0,0,0:0.01/-1:0.99,0:0.01/-1:0.99,0:0.01/-1:0.99,-1,-1,-1
I35,0,0,0,0,0,0,0,0,0,0,5,0,0,4,0,0,0,0,0,0:0.01/7:0.99,0,0,0,0,0:0.01/-1:0.99,0:0.01/-1:0.99,0:0.01/-1:0.99,-1,-1,-1
AAAGGTATCGACTCCT-1,-1,-1,-1,0,5,0,0,0,0,2,5,0,4,4,0,0,0,0,-1,-1,-1,3,4,0,-1,-1,-1,-1,-1,-1
AACCCAAGTGGTTTGT-1,0,0,0,0,11,0,0,0,0,1,5,3,6,4,0,7,9,0,0,7,0,0,0,0,-1,-1,-1,-1,-1,-1
I36,0,19,0:0.01/3:0.99,0,0,0,0,0,0,0,5,0,0,4,0,0,0,0,0,7,0,0,0:0.04/8:0.96,0,-1,-1,-1,-1,-1,-1
ACTTAGGGTTAGGGTG-1,3,19,3,0,0,0,9,9,0,13,5,4,0,4,0,14,21,0,0,7,0,6,8,0,-1,-1,-1,-1,-1,-1
TGCTCCATCATTTCGT-1,37,19,3,0,0,0,0,0,0,1,5,0,6,4,0,0,0,0,0,7,0,3,8,0,-1,-1,-1,-1,-1,-1
I37,0,0,0,0,0,0,0,0,0,0,0,0,0,0,0,0,0,0,0,0,0,0,0,0,0,0,0,-1,-1,-1
I38,0,0:0.89/27:0.11,0,0,0,0,0,0,0,0,0,0,0:0.94/10:0.06,0:0.94/6:0.06,0,0,0,0,0,0:0.2/28:0.8,0,0,0,0,0,0:0.94/20:0.06,0,-1,-1,-1
TTTAGTCGTAAGGCTG-1,-1,-1,-1,3,7,0,0,0,0,7,12,0,10,6,0,2,6,0,11,28,0,0,0,0,-1,-1,-1,-1,-1,-1
I39,0,27,0,0,0,0,0,0:0.01/3:0.99,0,0,22,0,0:0.06/-1:0.92/10:0.02,0:0.06/-1:0.92/6:0.02,0:0.06/-1:0.92/1:0.011/3:0.002/4:0.001,0,0:0.01/16:0.99,0,0,0:0.09/28:0.91,0,0,0:0.02/8:0.98,0,0,0:0.44/20:0.56,0,-1,-1,-1
I40,0,27,0,0,0,0,0,3,0,1,22,0,-1,-1,-1,15,16,0,-1:0.99/1:0.002/3:0.001/6:0.006/7:0.001/9:0.001/10:0.008/11:0.008/12:0.009/16:0.003/19:0.007/20:0.009/22:0.001/23:0.002/24:0.008/26:0.002/27:0.005/28:0.003/31:0.002,-1:0.99/28:0.01,-1:0.99/2:0.001,3,8,0,-1:0.99/2:0.008/5:0.008/7:0.009/8:0.009/10:0.001/11:0.007/12:0.001/14:0.001/15:0.008/16:0.001/18:0.002/19:0.001/20:0.006/21:0.003/23:0.001/24:0.001/27:0.001/29:0.001,-1:0.99/20:0.01,-1:0.99/1:0.006,-1,-1,-1
CCTCAGTTCAGGCGAA-1,0,27,0,0,0,0,0,3,0,1,22,0,-1,-1,-1,15,16,0,-1,-1,-1,3,8,0,-1,-1,-1,-1,-1,-1
ATCACGACAGTGGCTC-1,0,27,4,1,1,0,0,3,0,1,22,0,-1,-1,-1,15,16,0,-1,-1,-1,3,8,0,-1,-1,-1,-1,-1,-1
CCCTCTCCAGACTGCC-1,0,27,0,0,0,0,4,3,0,0,22,0,-1,-1,-1,4,16,0,0,28,0,0,8,0,0,20,0,-1,-1,-1
I41,0,0,0,0,0,0,0,0,0,0,0,0,0,0,0,0,0,0,0,0,0,0,0,0,0,0,0,-1,-1,-1
I42,0,0,0,0,0,0,0,0,0,0,0,0,0,0,0,0,0,0,0:0.01/-1:0.99,0:0.01/-1:0.99,0:0.01/-1:0.99,0,0,0,0,0,0,-1,-1,-1
I43,0,0,0,0,0,0,0,0,0,0,0,0,0,0,0,0,0,0,0:0.01/-1:0.99,0:0.01/-1:0.99,0:0.01/-1:0.99,0,0,0,0,0,0,-1,-1,-1
I44,0,7,0,6,12,0,0:0.01/3:0.99,0:0.01/6:0.99,0,0,0,0,0,0:0.01/9:0.99,0,0,0:0.01/6:0.99,0,-1,-1,-1,0,9,0,0,0,0,-1,-1,-1
I45,0:0.08/4:0.92,7,0,6,12,0,3,6,0,0,0,0,0,9,0,0:0.06/2:0.94,6,0,-1,-1,-1,0,9,0,0,0,0,-1,-1,-1
TGCTCGTCACTAACCA-1,4,7,0,6,12,0,3,6,0,2,17,0,0,9,4,2,6,0,-1,-1,-1,12,9,0,5,26,0,-1,-1,-1
GCACGGTTCACGAACT-1,4,7,0,6,12,0,3,6,0,4,1,0,0,9,0,2,6,0,-1,-1,-1,0,9,0,7,13,0,-1,-1,-1
AACGAAATCCGATAAC-1,0,7,0,6,12,0,3,6,0,0,8,0,6,9,0,0,6,0,-1,-1,-1,0,9,0,-1,-1,-1,-1,-1,-1
I46,0,0,0,0,0,0,0,0,0,0,0,0,0,0,0,0,0,0,0:0.01/-1:0.99,0:0.01/-1:0.99,0:0.01/-1:0.99,0,0,0,0,0,0,-1,-1,-1
TTTACCATCAGAACCT-1,0,5,5,39,58,0,10,29,0,0,1,0,34,30,0,39,53,0,-1,-1,-1,12,3,0,-1,-1,-1,-1,-1,-1
I47,0,0,0,0,0:0.02/38:0.98,0,0,0,0,0:0.42/1:0.58,0:0.42/41:0.58,0,0,0:0.02/22:0.98,0,35,0:0.02/17:0.98,0,-1,-1,-1,32,44,0,0:0.53/29:0.47,0:0.53/33:0.47,0,-1,-1,-1
TCGAACACAAATCAAG-1,0,31,0,0,38,0,19,25,0,-1,-1,-1,0,22,0,35,17,0,-1,-1,-1,32,44,0,29,33,0,-1,-1,-1
I48,0,0:0.37/11:0.63,0,0,38,0,0,0,0,1,41,0,31,22,0,35,17,0,-1,-1,-1,32,44,0,0:0.01/-1:0.97/29:0.02,0:0.01/-1:0.97/33:0.02,0:0.02/-1:0.97/1:0.006,-1,-1,-1
GTTGTGATCGGATACT-1,0,11,0,0,38,0,24,45,0,1,41,0,31,22,0,35,17,0,-1,-1,-1,32,44,0,-1,-1,-1,-1,-1,-1
TTCCTAATCTCCTGAC-1,-1,-1,-1,0,38,0,0,0,0,1,41,0,31,22,0,35,17,0,-1,-1,-1,32,44,0,-1,-1,-1,-1,-1,-1
CTGCATCTCATGCCAA-1,18,26,0,0,43,0,12,3,0,23,31,0,0,26,0,23,41,0,-1,-1,-1,14,18,0,21,27,0,-1,-1,-1
I49,0,0,0,0,0,0,8,12,1,8,13,0,0,0:0.01/9:0.99,0,10,14,0,0,0:0.32/43:0.68,0,8,14,0,0:0.02/-1:0.98,0:0.02/-1:0.98,0:0.02/-1:0.98,-1,-1,-1
I50,0,0,0,0,0,0,8,12,1,8,13,0,0,9,0,10,14,0,-1,-1,-1,8,14,0,-1,-1,-1,-1,-1,-1
I51,0,0,0,0,0,0,8,12,1,8,13,0,0,9,0,10,14,0,-1,-1,-1,8,14,0,-1,-1,-1,-1,-1,-1
CATCGGGGTAAGGCTG-1,-1,-1,-1,0,9,0,8,12,1,8,13,0,0,9,0,10,14,0,-1,-1,-1,8,14,0,-1,-1,-1,-1,-1,-1
AATGGAAAGCGTCAGA-1,0,12,0,0,0,0,8,12,1,8,13,0,0,9,0,10,14,0,-1,-1,-1,8,14,0,-1,-1,-1,-1,-1,-1
GTCGCGATCGAAGTGG-1,0,50,0,0,0,0,8,12,1,8,13,0,0,9,0,10,14,0,-1,-1,-1,8,14,0,-1,-1,-1,-1,-1,-1
TGAGACTCACTAGGTT-1,3,50,0,6,12,0,8,12,1,8,13,0,10,9,0,10,14,0,0,43,0,8,14,0,-1,-1,-1,-1,-1,-1
I52,0,0,0,0,0,0,0,0,0,0,0:0.04/1:0.96,0,0,0,0,0,0,0,0,0,0,0,0,0,0,0,0,-1,-1,-1
I53,0,0:0.49/18:0.51,0,0,0,0,0,0,0,0,0:0.01/1:0.99,0,0,0,0,0,0,0,0,0,0,0,0,0,0,0,0,-1,-1,-1
ATCCGTCCAGGATTCT-1,0,18,0,-1,-1,-1,0,21,0,0,1,0,0,25,0,0,0,0,0,5,0,1,1,0,0,16,0,-1,-1,-1
I54,0:0.65/28:0.35,0:0.31/18:0.69,0,0,0,0,0,0,0,0:0.01/25:0.99,1,0,0,0,0,0,0:0.05/6:0.95,0,0,0:0.65/37:0.35,0:0.65/5:0.35,0:0.06/12:0.94,38,0:0.05/9:0.95,0,0:0.65/25:0.35,0,-1,-1,-1
GATCGTATCTCCGATC-1,28,18,0,27,38,0,0,0,0,25,1,0,0,0,0,30,6,0,-1,-1,-1,12,38,9,0,25,0,-1,-1,-1
GGGACTCGTGTTCCTC-1,-1,-1,-1,0,47,0,10,40,0,25,1,0,0,46,0,11,6,0,0,37,5,12,38,9,-1,-1,-1,-1,-1,-1
CTCCTTTAGGCACTAG-1,26,43,0,29,42,3,3,9,0,12,1,0,5,6,0,28,40,0,0,33,0,25,35,0,-1,-1,-1,-1,-1,-1
(((AACAAGACATTAGGAA-1:5.118,AGACAAATCCAACACA-1:2.363)I10:12.642,((AAGACTCAGCAGTACG-1:0.355,CAGTGCGTCAAGAAAC-1:4)I9:1.65,(ATTACTCGTAGCTGCC-1:10.006,(GTAGGTTAGAAACTCA-1:10.954,((AACCATGAGTTGGACG-1:10.507,TCGTCCAAGCTGACTT-1:3.696)I8:6.458,(GTGCAGCCAGTATACC-1:7.006,((TTGAGTGTCCCTCTTT-1:8.886,GCTCAAAGTAGACACG-1:7.452)I7:2.623,AGTTCCCCACAGGATG-1:12.005)I6:0)I5:1.087)I4:2.914)I3:1.052)I2:0.999)I1:0)7:2.996)I0;
I0,0,0,0,0,0,0,0,0,0,0,0,0,0,0,0,0,0,0,0,0,0,0,0,0,0,0,0,0,0,0
7,0,0,0,0,0,0,0,0,0,0,0,0,0,0,0,0,0,0,0,0,0,0,0,0,0,0,0,-1,-1,-1
I1,0,0,0,0,0,0,0,0,0,0,0,0,0,0,0,0,0,0,0,0,0,0,0,0,0,0,0,-1,-1,-1
I2,0,0,0,0,0,0,0,0,0,0,0,0,0,0:0.01/7:0.99,0,0,0,0,0,0,0,0,0,0,0,0,0,-1,-1,-1
I3,0,0,0,0,0,0,0,0,0,0,0,0,0,7,0,0,0,0,0,0:0.95/39:0.05,0,0,7,0,0,0,0,-1,-1,-1
I4,0,0,0,0,0,0,0,0,0,0,0,0,0,7,0,0,0,0,0:0.03/-1:0.97,0:0.03/-1:0.97,0:0.03/-1:0.97,0,7,0,0,0,0,-1,-1,-1
I5,0,0,0,0,0,0,0,0,0,0,0,0,13,7,0,0,0,0,-1,-1,-1,0,7,0,0,0,0,-1,-1,-1
I6,0,0,0,0,0,0,0,0,0,0,0,0,13,7,0,0,0,0,-1,-1,-1,0,7,0,0,0,0,-1,-1,-1
AGTTCCCCACAGGATG-1,17,25,0,16,2,0,5,22,0,2,21,0,13,7,0,15,5,0,-1,-1,-1,0,7,0,2,13,0,-1,-1,-1
I7,0,0,0,0,0,0,0:0.78/29:0.22,0:0.78/39:0.22,0,0,0,0,13,7,0,0,0,0,-1,-1,-1,0,7,0,0:0.27/-1:0.71/2:0.02,0:0.27/-1:0.71/13:0.02,0:0.27/-1:0.71/1:0.011,-1,-1,-1
GCTCAAAGTAGACACG-1,0,47,0,0,5,0,29,39,0,4,17,0,13,7,0,0,5,0,-1,-1,-1,0,7,0,-1,-1,-1,-1,-1,-1
TTGAGTGTCCCTCTTT-1,39,18,0,38,14,0,-1,-1,-1,0,43,0,13,7,0,0,0,0,-1,-1,-1,0,7,0,-1,-1,-1,-1,-1,-1
GTGCAGCCAGTATACC-1,-1,-1,-1,0,0,0,0,0,0,0,0,0,13,7,0,5,46,0,-1,-1,-1,0,7,0,10,14,0,-1,-1,-1
I8,0,0,0,0,0,0,0,0,0,0,0:0.04/5:0.96,0,0:0.04/4:0.96,7,0,0:0.59/37:0.41,0:0.59/51:0.41,0,-1,-1,-1,0:0.04/6:0.96,7,0,0:0.11/-1:0.87/1:0.001/2:0.016/3:0.001/4:0.001/5:0.017/7:0.018/8:0.017/10:0.001/11:0.014/12:0.001/13:0.001/14:0.002/15:0.016/16:0.002/17:0.001/18:0.004/19:0.002/20:0.012/21:0.006/23:0.002/24:0.003/27:0.001/28:0.001/29:0.001,0:0.11/-1:0.87/1:0.001/2:0.015/3:0.018/5:0.018/6:0.001/7:0.007/9:0.007/10:0.005/11:0.001/13:0.017/14:0.001/16:0.01/17:0.018/18:0.002/21:0.002/22:0.008/23:0.004/24:0.001/25:0.012/26:0.008/27:0.01/29:0.002/30:0.003/31:0.001/33:0.001,0:0.11/-1:0.87/1:0.011,-1,-1,-1
TCGTCCAAGCTGACTT-1,0,11,0,0,0,0,0,0,0,2,5,0,4,7,0,37,51,0,-1,-1,-1,6,7,0,-1,-1,-1,-1,-1,-1
AACCATGAGTTGGACG-1,4,5,0,4,9,0,-1,-1,-1,0,5,0,4,7,0,-1,-1,-1,-1,-1,-1,6,7,0,-1,-1,-1,-1,-1,-1
GTAGGTTAGAAACTCA-1,3,50,0,0,0,0,0,9,0,0,0,0,13,7,0,34,44,0,0,39,0,13,7,0,-1,-1,-1,-1,-1,-1
ATTACTCGTAGCTGCC-1,0,0,0,0,0,0,0,9,3,17,5,0,15,7,0,0,0,0,0,18,0,16,26,0,7,11,0,-1,-1,-1
I9,0,0,0,0,0,0,0,0,0,0,0,0,0,0,0,0,0,0,0,0,0,0,0,0,0:0.18/2:0.82,0:0.18/2:0.82,0,-1,-1,-1
CAGTGCGTCAAGAAAC-1,0,0,0,0,0,0,0,0,0,0,0,0,0,0,0,0,0,0,0,0,0,0,28,0,-1,-1,-1,-1,-1,-1
AAGACTCAGCAGTACG-1,0,0,0,0,0,0,0,0,0,0,0,0,0,0,0,0,0,0,0,0,0,0,0,0,2,2,0,-1,-1,-1
I10,0:0.01/3:0.99,4,1,3,7,0,0,0,0,0,6,0:0.04/1:0.96,0:0.01/5:0.99,6,0,0:0.01/2:0.99,6,0:0.04/1:0.96,0,0,0,0,0,0,0,0:0.25/11:0.75,0,-1,-1,-1
AGACAAATCCAACACA-1,3,4,1,3,7,0,0,0,0,0,6,1,5,6,0,2,6,1,0,15,1,0,0,0,0,11,0,-1,-1,-1
AACAAGACATTAGGAA-1,3,4,1,3,7,0,0,0,0,0,6,1,5,6,0,2,6,1,4,5,0,0,0,0,-1,-1,-1,-1,-1,-1
(((AGTCAACCAGCTGAGA-1:5.067,CAAGAGGCAGACATCT-1:1.628)I51:17.399,((((TTTGACTAGCGTCAAG-1:7.069,((TACTGCCCACCACTGG-1:2,(TGGGTTATCATCCTAT-1:2,ACGTCCTTCCCTCTAG-1:2)I50:0)I49:1.001,(GGTTCTCGTGCCTTCT-1:6,((((TTTCAGTGTGCACGCT-1:0,AGTCTCCTCTCCTACG-1:0)I48:0,((TAGACTGGTAGCGTAG-1:2,(ACCGTTCCAGTCAGAG-1:2.007,ATCACGATCGACGATT-1:0.007)I47:0.993)I46:0,GTGGAGACACTTGTGA-1:2)I45:0)I44:1,((ACCGTTCGTCACCACG-1:0,CAGCAGCCAACCGCTG-1:0)I43:0,(TGTGCGGTCGGTTAGT-1:3.014,TGGTGATGTCAGTCGC-1:0.014)I42:0.986)I41:0)I40:0,((CTTGATTCAGAACTCT-1:4,((AAGACTCTCGGAGCAA-1:0,CGATCGGCACGGTAGA-1:0)I39:0.047,TTACTGTGTTATGTGC-1:3.047)I38:2.957)I37:0,TCTAACTGTCGCCTAG-1:3)I36:0)I35:3.001)I34:0.001)I33:1.068)I32:4.95,(((CCTCAGTTCATCACCC-1:4.276,(GCCAGCAGTTCCTACC-1:1.038,AGCTCAACAGTTTCGA-1:2.038)I31:3.127)I30:3.746,(((TACCTCGGTTAGTTCG-1:7.111,GAGTCATTCGAAATCC-1:5.795)I29:1.205,(((GAACTGTTCCGCGAGT-1:1.002,GAGGCAACAACCTAAC-1:1.002)I28:0.025,(GCCAGGTGTGGCGCTT-1:0.079,CAACGATCAAATCAAG-1:4.079)I27:2.952)I26:3.162,GTTGTCCCATCATCTT-1:3.845)I25:3.174)I24:0,ACTCTCGGTGAGCGAT-1:4)I23:0)I22:1.032,TTCACGCGTAACACGG-1:9.032)I21:1.976)I20:5.003,(AGCGCCAGTCGTTGCG-1:8.004,((GACCAATGTTCAGCGC-1:2.121,(CCTACGTTCCATGATG-1:3.177,GGAGGTACAAGAATGT-1:8.152)I19:1.945)I18:3.894,((((ATCACGAAGCAAACAT-1:5.004,(CCAAGCGGTCCTTGTC-1:3.004,(TCACACCCAGCTGTCG-1:6.152,TCGACGGCATTGTGCA-1:5.034)I17:0.97)I16:0)I15:4.998,(ACCAACATCACTAGCA-1:7.003,TCTCCGATCGCTGCGA-1:3.015)I14:3.793)I13:1.192,(((CACGTGGTCTCTGCCA-1:4.377,(CATAAGCAGCACCTGC-1:3.043,TCCAGAATCATGAAAG-1:0.043)I12:4.339)I11:2.653,AGAGCCCAGTTTCGGT-1:1)I10:1.002,(CGATGCGTCCGCGAGT-1:5.932,(AAAGGTAAGAATTGTG-1:4.554,ATTCTACTCTAGATCG-1:4.322)I9:3.848)I8:3.097)I7:2.998)I6:0,ATCCTATAGCTGACAG-1:8)I5:0)I4:1.004)I3:6.006)I2:0,AGCGCTGGTTAAGAAC-1:16.01)I1:0)4:2.991)I0;
I0,0,0,0,0,0,0,0,0,0,0,0,0,0,0,0,0,0,0,0,0,0,0,0,0,0,0,0,0,0,0
4,0,0,0,0,0,0,0,0,0,0,0,0,0,0,0,0,0,0,0,0,0,0,0,0,0,0,0,-1,-1,-1
I1,0,0,0,0,0,0,0,0,0,0,0,0,0,0,0,0,0,0,0,0,0,0,0,0,0,0,0,-1,-1,-1
AGCGCTGGTTAAGAAC-1,0,21,0,14,9,0,0,21,0,12,20,0,0,20,0,18,23,4,0,20,0,12,22,0,-1,-1,-1,-1,-1,-1
I2,0,0,0,0,0,0,0,0,0,0,0,0,0,0,0,0,0,0,0,0,0,0,0,0,0,0,0,-1,-1,-1
I3,2,2,0,0,0,0,0,0,0,3,3,0,3,3,0,0,0,0,0,0,0,0,0,0,0,0,0,-1,-1,-1
I4,2,2,0,0,3,0,0,0,0,3,3,0,3,3,0,0,0,0,0,0,0,0,0,0,0,0,0,-1,-1,-1
I5,2,2,0,0,3,0,0,0,0,3,3,0,3,3,0,0,0,0,0,0,0,0,0,0,0,0,0,-1,-1,-1
ATCCTATAGCTGACAG-1,2,2,0,0,3,0,0,0,0,3,3,0,3,3,0,21,28,0,0,19,0,0,24,6,-1,-1,-1,-1,-1,-1
I6,2,2,0,0,3,0,0,0,0,3,3,0,3,3,0,0,0,0,0,0,0,0,0,0,0,0,0,-1,-1,-1
I7,2,2,0,2,3,0,0,0,0,3,3,0,3,3,0,0,0,0,0,0,0,0,2,1,0,0,0,-1,-1,-1
I8,2,2,0,2,3,0,0:0.12/-1:0.88,0:0.12/-1:0.88,0:0.12/-1:0.88,3,3,0,3,3,0,0,0,0,0,0,0,0,2,1,0:0.78/7:0.22,0:0.78/24:0.22,0,-1,-1,-1
I9,2,2,0,2,3,0,0:0.01/-1:0.99,0:0.01/-1:0.99,0:0.01/-1:0.99,3,3,0,3,3,0,0,0,0,0:0.62/2:0.38,0:0.62/2:0.38,0,0,2,1,0:0.07/-1:0.9/7:0.03,0:0.07/-1:0.9/24:0.03,0:0.09/-1:0.9/1:0.006,-1,-1,-1
ATTCTACTCTAGATCG-1,2,2,0,2,3,0,-1,-1,-1,3,3,0,3,3,0,0,0,0,-1,-1,-1,17,2,1,-1,-1,-1,-1,-1,-1
AAAGGTAAGAATTGTG-1,2,2,0,2,3,0,-1,-1,-1,3,3,0,3,3,0,3,3,0,2,2,0,2,2,1,-1,-1,-1,-1,-1,-1
CGATGCGTCCGCGAGT-1,2,2,0,2,3,0,-1,-1,-1,3,3,0,3,3,0,0,7,0,23,30,0,3,2,1,7,24,0,-1,-1,-1
I10,2,2,0,2,3,0,0,0,0,3,3,0,3,3,0,0,0,0,0,19,0,0,2,1,0,0,0,-1,-1,-1
AGAGCCCAGTTTCGGT-1,2,2,0,2,3,0,0,0,0,3,3,0,3,3,0,0,0,0,0,19,0,3,2,1,0,0,0,-1,-1,-1
I11,2,2,0,2,3,0,0,0,0,3,3,0,3,3,0,0,0,0,0,19,0,0,2,1,0:0.12/-1:0.87/2:0.008/5:0.008/7:0.009/8:0.009/10:0.001/11:0.007/12:0.001/14:0.001/15:0.008/16:0.001/18:0.002/19:0.001/20:0.006/21:0.003/23:0.001/24:0.001/27:0.001/29:0.001,0:0.12/-1:0.87/2:0.008/3:0.009/5:0.009/7:0.003/9:0.003/10:0.003/11:0.001/13:0.008/14:0.001/16:0.005/17:0.009/18:0.001/21:0.001/22:0.004/23:0.002/24:0.001/25:0.006/26:0.004/27:0.005/29:0.001/30:0.001/31:0.001/33:0.001,0:0.12/-1:0.87/1:0.006,-1,-1,-1
I12,2,2,0,2,3,0,0,0,0,3,3,0,3,3,0,0:0.01/-1:0.99,0:0.01/-1:0.99,0:0.01/-1:0.99,0,19,0,3,2,1,-1,-1,-1,-1,-1,-1
TCCAGAATCATGAAAG-1,2,2,0,2,3,0,0,0,0,3,3,0,3,3,0,-1,-1,-1,0,19,0,3,2,1,-1,-1,-1,-1,-1,-1
CATAAGCAGCACCTGC-1,2,2,0,2,3,0,0,0,0,3,3,0,3,3,0,-1,-1,-1,-1,-1,-1,3,2,1,-1,-1,-1,-1,-1,-1
CACGTGGTCTCTGCCA-1,2,2,0,2,3,0,-1,-1,-1,3,3,0,3,3,0,0,0,0,0,19,0,6,2,1,-1,-1,-1,-1,-1,-1
I13,2,2,0,0,3,0,0,0,0,3,3,0,3,3,0,0,0,0,0:0.9/31:0.1,0:0.9/42:0.1,0,0,15,0,0,0,0,-1,-1,-1
I14,2,2,0,10,3,0,0,0,0,3,3,0,3,3,0,0,0,0,0:0.51/31:0.49,0:0.51/42:0.49,0,0,15,0,4,6,0,-1,-1,-1
TCTCCGATCGCTGCGA-1,2,2,0,10,3,0,0,0,0,3,3,0,3,3,0,0,0,0,31,42,0,3,15,12,4,6,0,-1,-1,-1
ACCAACATCACTAGCA-1,2,2,0,10,3,0,12,9,0,3,3,0,3,3,0,0,19,0,-1,-1,-1,10,15,0,4,6,0,-1,-1,-1
I15,2,2,0,18,3,0,0,0,0,3,3,0,3,3,0,0,0,0,-1,-1,-1,13,15,0,0,0,0,-1,-1,-1
I16,2,2,0,18,3,0,0,0,0,3,3,0,3,3,0,0,0,0,-1,-1,-1,13,15,0,0,0,0,-1,-1,-1
I17,2,2,0,18,3,0,0,0,0,3,3,0,3,3,0,0:0.15/15:0.85,0,0,-1,-1,-1,13,15,0,0,0:0.88/17:0.12,0,-1,-1,-1
TCGACGGCATTGTGCA-1,2,2,0,18,3,0,38,52,7,3,3,0,3,3,0,15,17,0,-1,-1,-1,13,15,0,0,17,0,-1,-1,-1
TCACACCCAGCTGTCG-1,2,2,0,18,3,0,35,49,0,3,3,0,3,3,0,15,6,0,-1,-1,-1,13,15,0,-1,-1,-1,-1,-1,-1
CCAAGCGGTCCTTGTC-1,2,2,0,18,3,0,0,0,0,3,3,0,3,3,0,4,36,0,-1,-1,-1,13,15,0,0,3,0,-1,-1,-1
ATCACGAAGCAAACAT-1,2,2,0,18,3,0,18,3,0,3,3,0,3,3,0,0,26,0,-1,-1,-1,13,15,0,11,15,0,-1,-1,-1
I18,2,2,0,0,3,0,0,0,0,3,3,0,3,3,0,0,0,0,0:0.02/-1:0.97/1:0.002/3:0.001/6:0.006/7:0.001/9:0.001/10:0.008/11:0.008/12:0.009/16:0.003/19:0.007/20:0.009/22:0.001/23:0.002/24:0.008/26:0.002/27:0.005/28:0.003/31:0.002,0:0.02/-1:0.97/1:0.002/3:0.008/4:0.003/5:0.009/7:0.005/8:0.006/10:0.005/11:0.009/12:0.008/14:0.001/16:0.003/18:0.001/20:0.004/21:0.003/22:0.003/24:0.001/25:0.009/28:0.004/29:0.005/30:0.002/31:0.001/33:0.002/34:0.001/36:0.004/38:0.002/40:0.003/43:0.006/44:0.001,0:0.02/-1:0.97/2:0.001,0,0,0,0,0:0.03/17:0.97,0,-1,-1,-1
I19,2,2,0,0,3,0,0,0:0.06/6:0.94,0,3,3,0,3,3,0,0:0.07/11:0.93,0,0,-1:0.99/1:0.002/3:0.001/6:0.006/7:0.001/9:0.001/10:0.008/11:0.008/12:0.009/16:0.003/19:0.007/20:0.009/22:0.001/23:0.002/24:0.008/26:0.002/27:0.005/28:0.003/31:0.002,-1:0.99/1:0.002/3:0.008/4:0.003/5:0.009/7:0.005/8:0.006/10:0.005/11:0.009/12:0.008/14:0.001/16:0.003/18:0.001/20:0.004/21:0.003/22:0.003/24:0.001/25:0.009/28:0.004/29:0.005/30:0.002/31:0.001/33:0.002/34:0.001/36:0.004/38:0.002/40:0.003/43:0.006/44:0.001,-1:0.99/2:0.001,0,0,0,0,0:0.02/17:0.98,0,-1,-1,-1
GGAGGTACAAGAATGT-1,2,2,0,0,3,0,16,6,0,3,3,0,3,3,0,11,5,9,-1,-1,-1,29,40,0,-1,-1,-1,-1,-1,-1
CCTACGTTCCATGATG-1,2,2,0,0,3,0,9,6,0,3,3,0,3,3,0,11,38,0,-1,-1,-1,0,9,0,0,17,0,-1,-1,-1
GACCAATGTTCAGCGC-1,2,2,0,0,3,0,4,0,0,3,3,0,3,3,0,0,6,0,-1,-1,-1,0,0,0,0,17,0,-1,-1,-1
AGCGCCAGTCGTTGCG-1,2,2,0,1,24,0,0,0,0,3,3,0,3,3,0,11,5,0,0,19,0,0,8,0,9,12,0,-1,-1,-1
I20,6,10,0,0,0,0,0,0,0,0,0,0,0,0,0,0,0:0.01/5:0.99,0,0,0,0,0,12,4,0,0,0,-1,-1,-1
I21,6,10,0,0,0,0,0,0,0,0,0:0.02/8:0.98,0,0,0:0.01/6:0.99,0,0,5,0,0,0,0,0,12,4,0,0,0,-1,-1,-1
TTCACGCGTAACACGG-1,6,10,0,0,56,0,39,56,0,0,8,0,0,6,0,23,5,0,19,28,0,0,12,4,-1,-1,-1,-1,-1,-1
I22,6,10,0,0,20,0,0,0,0,0,8,0,0,6,0,0,5,0,0,0,0,0,12,4,0,0,0,-1,-1,-1
I23,6,10,0,0,20,0,0,0,0,0,8,0,0,6,0,0,5,0,0,0,0,0,12,4,0,0,0,-1,-1,-1
ACTCTCGGTGAGCGAT-1,6,10,0,0,20,0,0,0,0,0,8,0,0,6,0,0,5,0,8,13,0,0,12,4,8,10,0,-1,-1,-1
I24,6,10,0,0,20,0,0,0,0,0,8,0,0,6,0,0,5,0,0,0,0,0,12,4,0,0,0,-1,-1,-1
I25,6,10,0,0,20,0,0,0,0,0,8,0,0,6,0,0,5,0,0,0:0.66/11:0.34,0,0,12,4,0:0.06/-1:0.94,0:0.06/-1:0.94,0:0.06/-1:0.94,-1,-1,-1
GTTGTCCCATCATCTT-1,6,10,0,0,20,0,16,33,0,0,8,0,0,6,0,23,5,0,0,11,0,0,12,4,-1,-1,-1,-1,-1,-1
I26,6,10,0,0,20,0,0,0,0,0,8,0,0,6,0,0,5,0,0:0.01/-1:0.99,-1:0.99/11:0.01,0:0.01/-1:0.99,0,12,4,-1,-1,-1,-1,-1,-1
I27,6,10,0,0,20,0,0:0.02/-1:0.97/2:0.001/3:0.009/4:0.009/5:0.008/9:0.008/10:0.006/12:0.003/15:0.001/16:0.008/19:0.002/22:0.001/24:0.007/25:0.001/26:0.001/27:0.002/28:0.001/29:0.002/33:0.002/34:0.001/38:0.001,0:0.02/-1:0.97/3:0.008/4:0.009/5:0.001/6:0.009/7:0.001/8:0.003/9:0.009/14:0.001/15:0.001/17:0.003/19:0.001/20:0.008/21:0.005/23:0.001/24:0.003/25:0.002/28:0.001/31:0.001/32:0.001/33:0.005/34:0.001/35:0.001/36:0.002/37:0.004/39:0.002/40:0.004/45:0.005/47:0.002/48:0.001/50:0.001/51:0.001/53:0.001/54:0.004/56:0.003,0:0.02/-1:0.97/3:0.006,0,8,0,0,6,0,0,5,0,-1,-1,-1,0,12,4,-1,-1,-1,-1,-1,-1
CAACGATCAAATCAAG-1,6,10,0,0,20,0,-1,-1,-1,-1,-1,-1,0,6,0,23,5,0,-1,-1,-1,0,12,4,-1,-1,-1,-1,-1,-1
GCCAGGTGTGGCGCTT-1,6,10,0,0,20,0,-1,-1,-1,0,8,0,0,6,0,0,5,0,-1,-1,-1,0,12,4,-1,-1,-1,-1,-1,-1
I28,6,10,0,0,20,0,0,0,0,0,8,0,0,6,0,0,5,0,-1,-1,-1,0,12,4,-1,-1,-1,-1,-1,-1
GAGGCAACAACCTAAC-1,6,10,0,0,20,0,0,34,0,0,8,0,0,6,0,0,5,0,-1,-1,-1,0,12,4,-1,-1,-1,-1,-1,-1
GAACTGTTCCGCGAGT-1,6,10,0,0,20,0,0,32,0,0,8,0,0,6,0,0,5,0,-1,-1,-1,0,12,4,-1,-1,-1,-1,-1,-1
I29,6,10,0,0,20,0,0,0,0,0,8,0,0,6,0,0:0.11/23:0.89,5,0,0:0.84/12:0.16,0:0.84/36:0.16,0,0,12,4,0,0,0,-1,-1,-1
GAGTCATTCGAAATCC-1,6,10,0,0,20,0,26,35,0,0,8,0,0,6,0,23,5,0,12,36,0,0,12,4,5,28,0,-1,-1,-1
TACCTCGGTTAGTTCG-1,6,10,0,0,20,0,33,47,0,0,8,0,0,6,0,23,5,0,-1,-1,-1,0,12,4,25,31,0,-1,-1,-1
I30,6,10,0,0,20,0,0,0,0,0,8,0,0,6,0,0,5,0,0:0.05/-1:0.95,0:0.05/-1:0.95,0:0.05/-1:0.95,0,12,4,0:0.56/18:0.44,0:0.56/23:0.44,0,-1,-1,-1
I31,6,10,0,0,20,0,0,0,0,0,8,0,0,6,0,0,5,0,-1,-1,-1,0,12,4,0:0.01/-1:0.99,0:0.01/-1:0.99,0:0.01/-1:0.99,-1,-1,-1
AGCTCAACAGTTTCGA-1,6,10,0,0,20,0,10,9,0,0,8,0,0,6,0,0,5,0,-1,-1,-1,0,12,4,-1,-1,-1,-1,-1,-1
GCCAGCAGTTCCTACC-1,6,10,0,0,20,0,0,37,0,0,8,0,0,6,0,0,5,0,-1,-1,-1,0,12,4,-1,-1,-1,-1,-1,-1
CCTCAGTTCATCACCC-1,6,10,0,0,20,0,10,20,0,0,8,0,0,6,0,23,5,0,-1,-1,-1,0,12,4,18,23,0,-1,-1,-1
I32,6,10,0,0,0:0.01/9:0.99,0,0,0,0,0,0,0,0,0,0,8,5,0,0,0,0,0,12,4,0:0.02/-1:0.98,0:0.02/-1:0.98,0:0.02/-1:0.98,-1,-1,-1
I33,6,10,0,0,9,0,0,0,0,0,0,0,0,6,0,8,5,0,0,0,0,0,12,4,-1,-1,-1,-1,-1,-1
I34,6,10,0,0,9,0,0,0,0,0,0,0,0,6,0,8,5,0,0,0,0,0,12,4,-1,-1,-1,-1,-1,-1
I35,6,10,0,0,9,0,0,0,0,0,0,0,0,6,0,8,5,0,-1,-1,-1,0,12,4,-1,-1,-1,-1,-1,-1
I36,6,10,0,0,9,0,0,0,0,0,0,0,0,6,0,8,5,0,-1,-1,-1,0,12,4,-1,-1,-1,-1,-1,-1
TCTAACTGTCGCCTAG-1,6,10,0,0,9,0,0,53,0,12,17,0,0,6,0,8,5,0,-1,-1,-1,0,12,4,-1,-1,-1,-1,-1,-1
I37,6,10,0,0,9,0,0,0,0,0,0,0,0,6,0,8,5,0,-1,-1,-1,0,12,4,-1,-1,-1,-1,-1,-1
I38,6,10,0,0,9,0,0,0,0,0:0.01/-1:0.98/1:0.008/2:0.009/4:0.008/5:0.009/6:0.002/7:0.002/9:0.006/10:0.001/12:0.008/13:0.003/14:0.001/16:0.001/18:0.007/20:0.003/23:0.006/24:0.001/25:0.001/26:0.002/28:0.001/30:0.002,0:0.01/-1:0.98/35:0.01,0:0.01/-1:0.98/1:0.006/3:0.001,0,6,0,8,5,0,-1,-1,-1,0,12,4,-1,-1,-1,-1,-1,-1
TTACTGTGTTATGTGC-1,6,10,0,0,9,0,-1,-1,-1,-1,-1,-1,0,6,0,8,5,0,-1,-1,-1,0,12,4,-1,-1,-1,-1,-1,-1
I39,6,10,0,0,9,0,0,0,0,-1,-1,-1,0,6,0,8,5,0,-1,-1,-1,0,12,4,-1,-1,-1,-1,-1,-1
CGATCGGCACGGTAGA-1,6,10,0,0,9,0,0,0,0,-1,-1,-1,0,6,0,8,5,0,-1,-1,-1,0,12,4,-1,-1,-1,-1,-1,-1
AAGACTCTCGGAGCAA-1,6,10,0,0,9,0,0,0,0,-1,-1,-1,0,6,0,8,5,0,-1,-1,-1,0,12,4,-1,-1,-1,-1,-1,-1
CTTGATTCAGAACTCT-1,6,10,0,0,9,0,-1,-1,-1,0,35,0,0,6,0,8,5,0,-1,-1,-1,0,12,4,-1,-1,-1,-1,-1,-1
I40,6,10,0,0,9,0,0,0,0,0,0,0,0,6,0,8,5,0,-1,-1,-1,0,12,4,-1,-1,-1,-1,-1,-1
I41,6,10,0,0,9,0,0,0,0,0,0,0,0,6,0,8,5,0,-1,-1,-1,0,12,4,-1,-1,-1,-1,-1,-1
I42,6,10,0,0,9,0,0:0.01/3:0.99,0,0,0,0,0,0,6,0,8,5,0,-1,-1,-1,0,12,4,-1,-1,-1,-1,-1,-1
TGGTGATGTCAGTCGC-1,6,10,0,0,9,0,3,0,0,0,0,0,0,6,0,8,5,0,-1,-1,-1,0,12,4,-1,-1,-1,-1,-1,-1
TGTGCGGTCGGTTAGT-1,6,10,0,0,9,0,3,33,0,32,1,0,0,6,0,8,5,0,-1,-1,-1,0,12,4,-1,-1,-1,-1,-1,-1
I43,6,10,0,0,9,0,0,0,0,0,0,0,0,6,0,8,5,0,-1,-1,-1,0,12,4,-1,-1,-1,-1,-1,-1
CAGCAGCCAACCGCTG-1,6,10,0,0,9,0,0,0,0,0,0,0,0,6,0,8,5,0,-1,-1,-1,0,12,4,-1,-1,-1,-1,-1,-1
ACCGTTCGTCACCACG-1,6,10,0,0,9,0,0,0,0,0,0,0,0,6,0,8,5,0,-1,-1,-1,0,12,4,-1,-1,-1,-1,-1,-1
I44,6,10,0,0,9,0,0,0,0,0,8,0,0,6,0,8,5,0,-1,-1,-1,0,12,4,-1,-1,-1,-1,-1,-1
I45,6,10,0,0,9,0,0,0,0,0,8,0,0,6,0,8,5,0,-1,-1,-1,0,12,4,-1,-1,-1,-1,-1,-1
GTGGAGACACTTGTGA-1,6,10,0,0,9,0,10,4,0,0,8,0,0,6,0,8,5,0,-1,-1,-1,0,12,4,-1,-1,-1,-1,-1,-1
I46,6,10,0,0,9,0,0,0,0,0,8,0,0,6,0,8,5,0,-1,-1,-1,0,12,4,-1,-1,-1,-1,-1,-1
I47,6,10,0,0,9,0,0:0.01/4:0.99,0,0,0,8,0,0,6,0,8,5,0,-1,-1,-1,0,12,4,-1,-1,-1,-1,-1,-1
ATCACGATCGACGATT-1,6,10,0,0,9,0,4,0,0,0,8,0,0,6,0,8,5,0,-1,-1,-1,0,12,4,-1,-1,-1,-1,-1,-1
ACCGTTCCAGTCAGAG-1,6,10,0,0,9,0,4,18,2,0,8,0,0,6,0,8,5,0,-1,-1,-1,0,12,4,-1,-1,-1,-1,-1,-1
TAGACTGGTAGCGTAG-1,6,10,7,0,9,0,0,37,0,0,8,0,0,6,0,8,5,0,-1,-1,-1,0,12,4,-1,-1,-1,-1,-1,-1
I48,6,10,0,0,9,0,0,0,0,0,8,0,0,6,0,8,5,0,-1,-1,-1,0,12,4,-1,-1,-1,-1,-1,-1
AGTCTCCTCTCCTACG-1,6,10,0,0,9,0,0,0,0,0,8,0,0,6,0,8,5,0,-1,-1,-1,0,12,4,-1,-1,-1,-1,-1,-1
TTTCAGTGTGCACGCT-1,6,10,0,0,9,0,0,0,0,0,8,0,0,6,0,8,5,0,-1,-1,-1,0,12,4,-1,-1,-1,-1,-1,-1
GGTTCTCGTGCCTTCT-1,6,10,0,0,9,0,30,42,0,0,38,0,0,6,0,8,5,0,20,12,6,0,12,4,-1,-1,-1,-1,-1,-1
I49,6,10,0,0,9,0,0,0,0,0,8,0,0,6,0,8,5,0,0,0,0,0,12,4,-1,-1,-1,-1,-1,-1
I50,6,10,0,0,9,0,0,0,0,0,8,0,0,6,0,8,5,0,0,0,0,0,12,4,-1,-1,-1,-1,-1,-1
ACGTCCTTCCCTCTAG-1,6,10,0,0,9,0,0,3,0,0,8,0,0,6,0,8,5,0,0,11,0,0,12,4,-1,-1,-1,-1,-1,-1
TGGGTTATCATCCTAT-1,6,10,0,0,9,0,0,0,0,0,8,0,0,6,0,8,5,0,13,23,0,0,12,4,-1,-1,-1,-1,-1,-1
TACTGCCCACCACTGG-1,6,10,0,0,9,0,0,9,0,0,8,0,0,6,0,8,5,0,0,5,0,0,12,4,-1,-1,-1,-1,-1,-1
TTTGACTAGCGTCAAG-1,6,10,0,0,9,0,4,4,0,0,0,0,35,52,5,8,5,0,0,24,2,0,12,4,-1,-1,-1,-1,-1,-1
I51,16,24,0,0,26,0,10,4,0,4,1,0,5,6,0,0,24,0,0:0.19/15:0.81,0:0.19/26:0.81,0:0.19/3:0.81,3,5,0,0:0.01/-1:0.99,0:0.01/-1:0.99,0:0.01/-1:0.99,-1,-1,-1
CAAGAGGCAGACATCT-1,16,24,0,0,26,0,10,4,0,4,1,0,5,6,0,24,24,0,15,26,3,3,5,0,-1,-1,-1,-1,-1,-1
AGTCAACCAGCTGAGA-1,16,24,0,15,26,0,10,4,0,4,1,0,5,6,0,16,24,0,-1,-1,-1,3,5,0,-1,-1,-1,-1,-1,-1
((((TCAGCCTAGCTCGGCT-1:0,(CGCCATTCACGACTAT-1:0,CCGAACGGTGTGTCCG-1:0)I10:0)I9:1.002,(GCTTTCGGTGTGTGTT-1:0,CTTCTCTGTTGCTGAT-1:0)I8:0.002)I7:19.531,(CTCCCAATCCGAGCTG-1:18.532,(TAGTGCAGTGACCTGC-1:6.746,((CAGGCCACAAATCGTC-1:2.001,(AGACCATCATCACCAA-1:1,TGTGAGTGTGCACATT-1:0)I6:0.001)I5:0.02,(CCATCACGTCGGAAAC-1:0.038,CCGGGTAAGTGCGACA-1:3.038)I4:2.986)I3:3.036)I2:10.634)I1:0.001)37:2.656)I0;
I0,0,0,0,0,0,0,0,0,0,0,0,0,0,0,0,0,0,0,0,0,0,0,0,0,0,0,0,0,0,0
37,0,0,0,0,0,0,0,0,0,0,0,0,0,0,0,0,0,0,0,0:0.84/17:0.16,0,0,0,0,0,0,0,0:0.17/-1:0.82/,0:0.17/-1:0.82/,0:0.17/-1:0.82/1:0.01
I1,0,0,0,0,0,0,0,0,0,0,0,0,0,0,0,0,0,0,0,0:0.84/17:0.16,0,0,0,0,0,0,0,0:0.17/-1:0.82/,0:0.17/-1:0.82/,0:0.17/-1:0.82/1:0.01
I2,0,0,0,0,0:0.01/7:0.99,0,0,0,0,0:0.01/2:0.99,0:0.01/17:0.99,0,0,18,0,3,3,0,0,17,0,0:0.01/13:0.99,0:0.01/20:0.99,0,0:0.35/5:0.65,0:0.35/28:0.65,0,-1:0.99/,-1:0.99/,-1:0.99/1:0.01
I3,0,0,0,0,7,0,0,0,0,2,17,0,0,18,0,3,3,0,0,17,0,13,20,0,-1:0.99/5:0.01,-1:0.99/28:0.01,0:0.01/-1:0.99,-1,-1,-1
I4,0,0,0,0,7,0,0:0.01/-1:0.99,0:0.01/-1:0.99,0:0.01/-1:0.99,2,17,0,0,18,0,3,3,0,0,17,0,13,20,0,-1,-1,-1,-1,-1,-1
CCGGGTAAGTGCGACA-1,24,39,0,0,7,0,-1,-1,-1,2,17,0,10,18,0,3,3,0,0,17,0,13,20,0,-1,-1,-1,-1,-1,-1
CCATCACGTCGGAAAC-1,0,0,0,0,7,0,-1,-1,-1,2,17,0,0,18,0,3,3,0,0,17,0,13,20,0,-1,-1,-1,-1,-1,-1
I5,0,0,0,0,7,0,0,0,0,2,17,0,0,18,0,3,3,0,0,17,0,13,20,0,-1,-1,-1,-1,-1,-1
I6,0,0,0,0,7,0,0,0,0,2,17,0,0,18,0,3,3,0,0,17,0,13,20,0,-1,-1,-1,-1,-1,-1
TGTGAGTGTGCACATT-1,0,0,0,0,7,0,0,0,0,2,17,0,0,18,0,3,3,0,0,17,0,13,20,0,-1,-1,-1,-1,-1,-1
AGACCATCATCACCAA-1,0,0,0,0,7,0,0,0,0,2,17,0,10,18,0,3,3,0,0,17,0,13,20,0,-1,-1,-1,-1,-1,-1
CAGGCCACAAATCGTC-1,0,33,6,0,7,0,0,0,0,2,17,0,0,18,0,3,3,0,0,17,0,13,20,0,-1,-1,-1,-1,-1,-1
TAGTGCAGTGACCTGC-1,35,7,8,34,7,0,34,48,0,2,17,0,0,18,0,3,3,0,0,17,0,13,20,0,5,28,0,-1,-1,-1
CTCCCAATCCGAGCTG-1,3,6,0,1,41,0,25,31,0,0,8,0,27,42,0,11,39,0,-1,-1,-1,0,28,0,-1,-1,-1,-1,-1,-1
I7,23,15,0,7,38,0,23,29,0,0,5,7,12,36,0,4,37,0,-1,-1,-1,6,31,0,16,21,0,-1,-1,-1
I8,23,15,0,7,38,0,23,29,0,0,5,7,12,36,0,4,37,0,-1,-1,-1,6,31,0,16,21,0,-1,-1,-1
CTTCTCTGTTGCTGAT-1,23,15,0,7,38,0,23,29,0,0,5,7,12,36,0,4,37,0,-1,-1,-1,6,31,0,16,21,0,-1,-1,-1
GCTTTCGGTGTGTGTT-1,23,15,0,7,38,0,23,29,0,0,5,7,12,36,0,4,37,0,-1,-1,-1,6,31,0,16,21,0,-1,-1,-1
I9,23,15,0,7,38,0,23,29,0,5,5,7,12,36,0,4,37,0,-1,-1,-1,6,31,0,16,21,0,-1,-1,-1
I10,23,15,0,7,38,0,23,29,0,5,5,7,12,36,0,4,37,0,-1,-1,-1,6,31,0,16,21,0,-1,-1,-1
CCGAACGGTGTGTCCG-1,23,15,0,7,38,0,23,29,0,5,5,7,12,36,0,4,37,0,-1,-1,-1,6,31,0,16,21,0,-1,-1,-1
CGCCATTCACGACTAT-1,23,15,0,7,38,0,23,29,0,5,5,7,12,36,0,4,37,0,-1,-1,-1,6,31,0,16,21,0,-1,-1,-1
TCAGCCTAGCTCGGCT-1,23,15,0,7,38,0,23,29,0,5,5,7,12,36,0,4,37,0,-1,-1,-1,6,31,0,16,21,0,-1,-1,-1
((CAGATTGGTTGAGGAC-1:12.157,(TGCTTGCCAAAGAGTT-1:3.504,(TTCCTTCCAGCTGTTA-1:5.023,(TTGCTGCCAGCGCTTG-1:5.023,(CACTGAAGTTTACCAG-1:5.116,(GTAGATCCATCATGAC-1:3.124,TGATGGTTCGATTCCC-1:5.124)I5:0.993)I4:2.91)I3:0)I2:3.052)I1:2.199)34:11.328)I0;
I0,0,0,0,0,0,0,0,0,0,0,0,0,0,0,0,0,0,0,0,0,0,0,0,0,0,0,0,0,0,0
34,0,0,0,0,33,0,0,0,0,0,0,0,18,0:0.01/22:0.99,0,0:0.01/11:0.99,0:0.01/32:0.99,0,17,27,0,0,0:0.01/8:0.99,0,0,0:0.55/13:0.45,0,0:0.03/-1:0.96/,0:0.03/-1:0.96/,0:0.03/-1:0.96/1:0.01
I1,0,0,0,0:0.03/14:0.97,33,0,0,0,0,0,0,0,18,22,0,11,32,0,17,27,0,0:0.03/3:0.97,8,0,0,0:0.43/13:0.57,0,-1,-1,-1
I2,0,0,0,14,33,0,0,0,0,0,0,0,18,22,0,11,32,0,17,27,0,3,8,0,0:0.01/-1:0.99,-1:0.99/13:0.01,0:0.01/-1:0.99,-1,-1,-1
I3,0,0,0,14,33,0,0,0,0,0,0,0,18,22,0,11,32,0,17,27,0,3,8,0,0:0.01/-1:0.99,-1:0.99/13:0.01,0:0.01/-1:0.99,-1,-1,-1
I4,0,0,0,14,33,0,0,0,0,0,0,0,18,22,0,11,32,0,-1:0.96/17:0.04,-1:0.96/27:0.04,0:0.04/-1:0.96,3,8,0,-1,-1,-1,-1,-1,-1
I5,0,0,0,14,33,0,0:0.1/4:0.9,0,0,0,0,0,18,22,0,11,32,0,-1:0.99/17:0.01,-1:0.99/27:0.01,0:0.01/-1:0.99,3,8,0,-1,-1,-1,-1,-1,-1
TGATGGTTCGATTCCC-1,6,10,0,14,33,0,4,55,0,5,41,0,18,22,0,11,32,0,-1,-1,-1,3,8,0,-1,-1,-1,-1,-1,-1
GTAGATCCATCATGAC-1,32,49,0,14,33,0,4,4,0,0,0,0,18,22,0,11,32,0,-1,-1,-1,3,8,0,-1,-1,-1,-1,-1,-1
CACTGAAGTTTACCAG-1,-1,-1,-1,14,33,0,0,0,0,0,27,0,18,22,0,11,32,7,-1,-1,-1,3,8,0,-1,-1,-1,-1,-1,-1
TTGCTGCCAGCGCTTG-1,7,7,10,14,33,0,0,0,0,1,1,0,18,22,0,11,32,0,17,27,0,3,8,0,-1,-1,-1,-1,-1,-1
TTCCTTCCAGCTGTTA-1,-1,-1,-1,14,33,0,0,0,0,12,42,0,18,22,0,11,32,0,17,27,0,3,8,0,-1,-1,-1,-1,-1,-1
TGCTTGCCAAAGAGTT-1,0,0,0,14,33,0,0,0,0,5,5,7,18,22,0,11,32,0,17,27,0,3,8,0,0,13,0,-1,-1,-1
CAGATTGGTTGAGGAC-1,3,30,0,17,33,0,19,25,0,-1,-1,-1,18,22,0,11,32,0,17,27,0,19,8,0,-1,-1,-1,-1,-1,-1
((((AAAGGTATCAATGTCG-1:1.013,(CTCCTTTTCCCACAGG-1:3.073,(TTTCGATTCTCGCCTA-1:1.374,AGACAGGGTTGTGCAT-1:4.023)I40:1.699)I39:2.944)I38:2.001,CGGGCATTCGTGACTA-1:3.014)I37:4.986,((((TCATACTAGATGTTGA-1:7.048,ACTGTCCTCGCAATTG-1:2.481)I36:5.524,(((CAACGATAGGCCCGTT-1:9.252,CATTGTTTCATCAGTG-1:9.252)I35:3.753,(TCATGGATCGTGTGGC-1:2.038,TAGGGTTGTCACGACC-1:3.038)I34:9.977)I33:0,AAACCCAGTCTCTCAC-1:12.005)I32:0)I31:2.996,(TTTGGAGGTCGTCATA-1:4.574,GAGGGATAGTCACTCA-1:8.183)I30:11.426)I29:0,((((ATTCCTACAGCCTACG-1:1.094,(TGCTGAAAGCGTCAAG-1:3.159,ATGATCGTCGACATCA-1:3.159)I28:2.943)I27:3.004,CTCCCAAAGTGCCAGA-1:10.822)I26:3.198,((((TACTGCCTCACATACG-1:3.019,ACGGAAGTCACGGAGA-1:1.019)I25:0.981,((CAAAGAATCAACCGAT-1:3,ATGGTTGGTTGGAGGT-1:6)I24:0,CTGCAGGGTATCAGGG-1:2)I23:0)I22:3.058,GACGCTGAGGATTTAG-1:6.426)I21:3.575,((GGTAACTCACTACACA-1:4.001,(TAGGGTTAGTCTTCGA-1:3.001,ACTATTCGTGCAATGG-1:6.001)I20:0)I19:1.999,(CCCTCAAAGTATGAGT-1:3.005,(GTTACAGCATGAAAGT-1:2.004,(GGGACCTTCGAACGGA-1:0.004,CATGCCTAGCTGACAG-1:1.004)I18:3)I17:0)I16:6.997)I15:0)I14:2.032)I13:1.971,(GCCCAGAGTCTGTCAA-1:4.001,((((AAAGTCCAGCTCACTA-1:6.005,(GCATGATCAAGTGACG-1:4.005,CCACTTGGTTAGGAGC-1:9.005)I12:0)I11:3.021,((TTCCAATCATCTAACG-1:2.003,((TGTAAGCCAATGGGTG-1:0.004,CCTCCAAAGACGACGT-1:1.004)I10:3.045,AACAACCTCCTAACAG-1:3.726)I9:2.277)I8:3.022,TCGTGGGGTGCTCTCT-1:6)I7:0)I6:0.975,CATCGTCTCGGAGTAG-1:11)I5:0,GCGGATCAGGAAGTAG-1:6.001)I4:0)I3:4.004)I2:1.996)I1:0)2:3)I0;
I0,0,0,0,0,0,0,0,0,0,0,0,0,0,0,0,0,0,0,0,0,0,0,0,0,0,0,0,0,0,0
2,0,0,0,0,0,0,0,0,0,0,0,0,0,0,0,0,0,0,0,0,0,0,0,0,0,0,0,-1,-1,-1
I1,0,0,0,0,0,0,0,0,0,0,0,0,0,0,0,0,0,0,0,0,0,0,0,0,0,0,0,-1,-1,-1
I2,0,3,0,0,0,0,0,0,0,0,0,0,0,0,0,0,0,0,0,4,0,0,0,0,0,0,0,-1,-1,-1
I3,0,3,0,0,0,0,0,0,0,0,0,0,0,0,0,0,0,0,0,4,0,0,5,0,-1,-1,-1,-1,-1,-1
I4,0,3,0,0,0,0,0,0,0,0,0,0,0,0,0,0,0,0,0,4,0,0,5,0,-1,-1,-1,-1,-1,-1
GCGGATCAGGAAGTAG-1,0,3,0,7,46,5,16,0,0,0,0,0,0,45,0,0,35,0,0,4,0,0,5,0,-1,-1,-1,-1,-1,-1
I5,0,3,0,0,0,0,0,0,0,0,0,0,0,0,0,0,0,0,0,4,0,0,5,0,-1,-1,-1,-1,-1,-1
CATCGTCTCGGAGTAG-1,0,3,0,-1,-1,-1,0,26,4,0,0,0,-1,-1,-1,15,6,0,18,4,0,0,5,0,-1,-1,-1,-1,-1,-1
I6,0,3,0,0,0,0,0,0,0,0,0,0,0,0,0,0,0:0.03/5:0.97,0,0,4,0,0,5,0,-1,-1,-1,-1,-1,-1
I7,0,3,0,0,0,0,0,0,0,0,0,0,0,0,0,0,0:0.03/5:0.97,0,0,4,0,0,5,0,-1,-1,-1,-1,-1,-1
TCGTGGGGTGCTCTCT-1,0,3,0,0,0,0,0,0,0,23,31,0,0,0,0,-1,-1,-1,0,4,0,6,5,0,-1,-1,-1,-1,-1,-1
I8,0,3,0,0,0,0,0,0,0,0,0,0,0,0,0,5,5,0,3,4,0,5,5,0,-1,-1,-1,-1,-1,-1
I9,0,3,0,0,0:0.68/6:0.32,0,0,0,0,0:0.03/5:0.97,0:0.02/5:0.98,0,0,0,0,5,5,0,3,4,0,5,5,0,-1,-1,-1,-1,-1,-1
AACAACCTCCTAACAG-1,0,3,0,0,6,0,0,0,0,5,5,0,-1,-1,-1,5,5,0,3,4,0,5,5,0,-1,-1,-1,-1,-1,-1
I10,0,3,0,-1,-1,-1,0,0,0,5,5,0,0,0,0,5,5,0,3,4,0,5,5,0,-1,-1,-1,-1,-1,-1
CCTCCAAAGACGACGT-1,0,3,0,-1,-1,-1,0,0,0,5,5,0,0,37,0,5,5,0,3,4,0,5,5,0,-1,-1,-1,-1,-1,-1
TGTAAGCCAATGGGTG-1,0,3,0,-1,-1,-1,0,0,0,5,5,0,0,0,0,5,5,0,3,4,0,5,5,0,-1,-1,-1,-1,-1,-1
TTCCAATCATCTAACG-1,0,3,0,0,0,0,40,57,0,0,0,0,0,0,0,5,5,0,3,4,0,5,5,0,-1,-1,-1,-1,-1,-1
I11,3,3,0,0,0,0,0,4,0,0,0,0,0,0,0,4,5,0,0,4,0,0,5,0,-1,-1,-1,-1,-1,-1
I12,3,3,0,0,0,0,0,4,0,0,0,0,0,0,0,4,5,0,0,4,0,0,5,0,-1,-1,-1,-1,-1,-1
CCACTTGGTTAGGAGC-1,3,3,0,24,37,0,0,4,0,0,5,0,22,35,1,4,5,0,0,4,0,-1,-1,-1,-1,-1,-1,-1,-1,-1
GCATGATCAAGTGACG-1,3,3,0,0,0,0,0,4,0,0,0,0,0,0,0,4,5,0,-1,-1,-1,0,5,10,-1,-1,-1,-1,-1,-1
AAAGTCCAGCTCACTA-1,3,3,0,-1,-1,-1,0,4,0,0,0,0,4,5,0,4,5,0,0,4,0,4,5,0,-1,-1,-1,-1,-1,-1
GCCCAGAGTCTGTCAA-1,0,3,0,32,45,4,28,0,0,0,0,0,0,0,0,0,0,0,0,4,0,0,5,0,-1,-1,-1,-1,-1,-1
I13,0,3,0,0,0,0,0,0,0,0,0:0.01/5:0.99,0,0,0,0,0,0:0.02/5:0.98,0,0,4,0,0,0,0,0,0,0,-1,-1,-1
I14,0,3,0,0,0,0,0,0,0,12,5,0,0,0,0,0,5,0,0,4,0,0,5,0,0,0,0,-1,-1,-1
I15,0,3,0,0,0,0,0,0,0,12,5,0,0,0,0,0,5,0,0,4,0,0,5,0,0,0,0,-1,-1,-1
I16,0,3,0,-1,-1,-1,0,0,0,12,5,0,0,0,0,2,5,0,0,4,0,0,5,0,-1,-1,-1,-1,-1,-1
I17,0,3,0,-1,-1,-1,0,0,0,12,5,0,0,0,0,2,5,0,0,4,0,0,5,0,-1,-1,-1,-1,-1,-1
I18,0,3,0,-1,-1,-1,0,0,0,12,5,0,0,0,0,2,5,0,-1,-1,-1,0,5,0,-1,-1,-1,-1,-1,-1
CATGCCTAGCTGACAG-1,0,3,0,-1,-1,-1,0,0,0,12,5,0,0,26,0,2,5,0,-1,-1,-1,0,5,0,-1,-1,-1,-1,-1,-1
GGGACCTTCGAACGGA-1,0,3,0,-1,-1,-1,0,0,0,12,5,0,0,0,0,2,5,0,-1,-1,-1,0,5,0,-1,-1,-1,-1,-1,-1
GTTACAGCATGAAAGT-1,29,3,0,-1,-1,-1,0,0,0,12,5,0,0,48,0,2,5,0,0,4,0,0,5,0,-1,-1,-1,-1,-1,-1
CCCTCAAAGTATGAGT-1,0,3,0,-1,-1,-1,0,0,0,12,5,0,6,22,0,2,5,0,19,4,0,0,5,0,-1,-1,-1,-1,-1,-1
I19,0,3,0,0,0,0,0,0,0,12,5,0,0,0,0,4,5,0,0,4,0,12,5,0,0,0,0,-1,-1,-1
I20,0,3,0,0,0,0,0,0,0,12,5,0,0,0,0,4,5,0,0,4,0,12,5,0,0,0,0,-1,-1,-1
ACTATTCGTGCAATGG-1,0,3,0,0,0,0,14,0,0,12,5,0,0,0,0,4,5,0,-1,-1,-1,12,5,0,2,9,0,-1,-1,-1
TAGGGTTAGTCTTCGA-1,0,3,0,0,0,0,0,0,0,12,5,0,0,0,0,4,5,0,0,4,0,12,5,0,-1,-1,-1,-1,-1,-1
GGTAACTCACTACACA-1,0,3,0,19,27,0,0,0,0,12,5,0,0,9,0,4,5,0,0,4,0,12,5,0,0,13,0,-1,-1,-1
I21,0:0.03/4:0.97,3,0,0,0,0,0:0.03/4:0.97,0,0,12,5,0,0,0,0,13,5,0,0,4,0,0,5,0,0:0.68/5:0.32,0:0.68/7:0.32,0,-1,-1,-1
GACGCTGAGGATTTAG-1,4,3,0,0,0,0,4,0,0,12,5,0,6,41,0,13,5,0,-1,-1,-1,0,5,0,5,7,0,-1,-1,-1
I22,4,3,0,0,0,0,4,0,0,12,5,0,0,0,0,13,5,0,0,4,0,0,5,0,-1,-1,-1,-1,-1,-1
I23,4,3,0,0,0,0,4,0,0,12,5,0,0,0,0,13,5,0,0,4,0,0,5,0,-1,-1,-1,-1,-1,-1
CTGCAGGGTATCAGGG-1,4,3,0,0,29,0,4,0,0,12,5,0,0,6,0,13,5,0,0,4,0,0,5,0,-1,-1,-1,-1,-1,-1
I24,4,3,0,0,0,0,4,0,0,12,5,0,0,0,0,13,5,0,0,4,0,0,5,0,-1,-1,-1,-1,-1,-1
ATGGTTGGTTGGAGGT-1,4,3,0,-1,-1,-1,4,0,0,12,5,0,-1,-1,-1,13,5,0,0,4,0,0,5,0,-1,-1,-1,-1,-1,-1
CAAAGAATCAACCGAT-1,4,3,0,0,0,0,4,0,0,12,5,0,0,0,0,13,5,0,-1,-1,-1,0,5,0,-1,-1,-1,-1,-1,-1
I25,4,3,0,0:0.02/1:0.98,0,0,4,0,0,12,5,0,0,0,0,13,5,0,0,4,0,0,5,0,-1,-1,-1,-1,-1,-1
ACGGAAGTCACGGAGA-1,4,3,0,1,18,0,4,0,0,12,5,0,0,0,0,13,5,0,0,4,0,0,5,0,-1,-1,-1,-1,-1,-1
TACTGCCTCACATACG-1,4,3,0,1,1,0,4,0,0,12,5,0,23,38,0,13,5,0,0,4,0,0,5,0,-1,-1,-1,-1,-1,-1
I26,0,3,0,0,0,0,0:0.05/5:0.95,0,0,0,5,0,0,26,0,0,0:0.01/5:0.99,0,0,4,0,0,0:0.02/18:0.98,0,0,0:0.75/26:0.25,0,-1,-1,-1
CTCCCAAAGTGCCAGA-1,0,3,0,28,40,0,5,30,0,0,5,0,26,26,0,-1,-1,-1,-1,-1,-1,0,18,0,0,26,0,-1,-1,-1
I27,0,3,0,0,0,0,5,0,0,0,5,0,0,26,0,0,5,0,0,4,0,0,18,0,0:0.03/-1:0.97,0:0.02/-1:0.97/26:0.01,0:0.03/-1:0.97,-1,-1,-1
I28,0,3,0,0,0,0,5,0,0,0,5,0,0,26,0,0,5,0,0:0.05/-1:0.95,-1:0.95/4:0.05,0:0.05/-1:0.95,0,18,0,-1,-1,-1,-1,-1,-1
ATGATCGTCGACATCA-1,0,3,0,-1,-1,-1,5,0,0,0,5,0,0,26,0,0,5,0,-1,-1,-1,0,18,0,-1,-1,-1,-1,-1,-1
TGCTGAAAGCGTCAAG-1,0,3,0,0,0,0,5,0,0,31,5,0,5,26,0,4,5,0,-1,-1,-1,0,18,0,-1,-1,-1,-1,-1,-1
ATTCCTACAGCCTACG-1,0,3,0,0,26,0,5,0,0,0,5,0,0,26,0,0,5,0,0,4,0,0,18,0,-1,-1,-1,-1,-1,-1
I29,0,0,0,0,0,0,0,0,0,0,0,0,0,0,0,0,0,0,0,0,0,0,0,0,0,0,0,-1,-1,-1
I30,0,0,0,12,19,0:0.02/1:0.98,0,0,0,0:0.02/12:0.98,16,0,8,16,0:0.11/1:0.89,0,0,0,0,0:0.39/12:0.61,0,0,0:0.01/17:0.99,0,0:0.02/7:0.98,0:0.01/7:0.99,0,-1,-1,-1
GAGGGATAGTCACTCA-1,3,3,0,12,19,1,0,4,0,12,16,0,8,16,1,4,5,0,-1,-1,-1,0,17,0,7,7,0,-1,-1,-1
TTTGGAGGTCGTCATA-1,6,10,0,12,19,1,4,0,0,12,16,0,8,16,1,0,20,0,0,12,0,0,17,0,7,7,0,-1,-1,-1
I31,0,0,0,0,0,0,0,0,0,0,0,0,0,0,0,0,0,0,0,0,0,0,0,0,-1,-1,-1,-1,-1,-1
I32,0,0,0,0,0,0,0,0,0,0,0,0,0,0,0,0,0,0,0,0,0,0,0,0,-1,-1,-1,-1,-1,-1
AAACCCAGTCTCTCAC-1,0,0,0,1,1,0,1,1,0,1,1,0,1,1,0,1,1,0,1,1,0,0,0,0,-1,-1,-1,-1,-1,-1
I33,0,0,0,0,0,0,0,0,0,0,0,0,0,0,0,0,0,0,0,0,0,0,0,0,-1,-1,-1,-1,-1,-1
I34,0,30,0,0,52,7,0,3,0,0,4,0,0,5,0,0,0,0,0:0.01/-1:0.99,0:0.01/-1:0.99,0:0.01/-1:0.99,0,46,0,-1,-1,-1,-1,-1,-1
TAGGGTTGTCACGACC-1,0,30,0,0,52,7,0,3,0,30,4,0,0,5,0,36,49,0,-1,-1,-1,0,46,0,-1,-1,-1,-1,-1,-1
TCATGGATCGTGTGGC-1,36,30,0,0,52,7,0,3,0,20,4,0,0,5,0,0,0,0,-1,-1,-1,0,46,0,-1,-1,-1,-1,-1,-1
I35,0,0,0,0,0,0,0:0.09/4:0.91,0,0,0,0,0,0,0,0,0:0.08/11:0.92,0,0,0,0,0,0:0.08/3:0.92,0:0.01/5:0.99,0,-1,-1,-1,-1,-1,-1
CATTGTTTCATCAGTG-1,21,38,0,0,0,0,4,0,0,5,5,0,21,33,0,11,5,0,12,28,0,3,5,0,-1,-1,-1,-1,-1,-1
CAACGATAGGCCCGTT-1,19,29,0,15,31,0,4,0,0,19,25,5,0,0,0,11,31,0,0,4,0,3,5,0,-1,-1,-1,-1,-1,-1
I36,0,0:0.43/3:0.57,0,0,0,0,0:0.01/10:0.99,0,0,0,0,0,0,17,0,0,0:0.01/5:0.99,0,0,0,0,0:0.01/13:0.99,0:0.01/18:0.99,0,-1,-1,-1,-1,-1,-1
ACTGTCCTCGCAATTG-1,0,3,0,0,0,0,10,0,0,0,0,0,9,17,0,0,5,0,0,4,0,13,18,0,-1,-1,-1,-1,-1,-1
TCATACTAGATGTTGA-1,-1,-1,-1,35,9,0,10,0,0,0,0,0,0,17,0,0,5,0,30,41,0,13,18,0,-1,-1,-1,-1,-1,-1
I37,0,0,0,0,4,0,0,3,0,4,4,0,0,0,0,0,0,0,0,3,0,0,0,0,0,0,0,-1,-1,-1
CGGGCATTCGTGACTA-1,0,0,0,0,4,0,0,3,0,4,4,0,0,0,0,0,0,0,0,3,0,0,0,0,-1,-1,-1,-1,-1,-1
I38,0,0,0,0,4,0,0,3,0,4,4,0,0,0,0,0,4,0,0,3,0,0,0:0.01/3:0.99,0,0,0,0,-1,-1,-1
I39,0,0,0,0,4,0,0,3,0,4,4,0,0,0,0,0,4,0,0,3,0,0,3,0,0:0.02/-1:0.98,0:0.02/-1:0.98,0:0.02/-1:0.98,-1,-1,-1
I40,0:0.68/21:0.32,0:0.68/38:0.32,0,0,4,0,0,3,0,4,4,0,0,0,0,0:0.02/4:0.98,4,0,0,3,0,0,3,0,-1,-1,-1,-1,-1,-1
AGACAGGGTTGTGCAT-1,-1,-1,-1,0,4,0,0,3,0,4,4,0,0,6,0,4,4,0,0,3,0,0,3,0,-1,-1,-1,-1,-1,-1
TTTCGATTCTCGCCTA-1,21,38,0,0,4,0,0,3,0,4,4,0,0,0,0,4,4,0,0,3,0,0,3,0,-1,-1,-1,-1,-1,-1
CTCCTTTTCCCACAGG-1,0,44,0,15,4,0,0,3,0,4,4,0,0,43,0,0,4,0,0,3,0,0,3,0,-1,-1,-1,-1,-1,-1
AAAGGTATCAATGTCG-1,0,0,0,0,4,0,0,3,0,4,4,0,0,0,0,4,4,0,0,3,0,0,3,0,0,0,0,-1,-1,-1
((TGGAGAGAGAGTGTGC-1:9.298,((GGAATCTAGGATTTGA-1:9.884,TTTCGATTCACCATAG-1:6.522)I4:1.607,((TTCTGTAGTTCCTACC-1:2.014,TTCTTGAAGAGCCCAA-1:2.014)I3:1.05,ATCAGGTCAGCACGAA-1:7.064)I2:0.945)I1:3.289)29:10.767)I0;
I0,0,0,0,0,0,0,0,0,0,0,0,0,0,0,0,0,0,0,0,0,0,0,0,0,0,0,0,0,0,0
29,0,0:0.01/18:0.99,0,0,0,0,0,23,0,0,0:0.01/23:0.99,0,0,0,0,0:0.01/15:0.99,27,0,0,0,0,0,0,0,0:0.03/-1:0.96/2:0.008/5:0.008/7:0.009/8:0.009/10:0.001/11:0.007/12:0.001/14:0.001/15:0.008/16:0.001/18:0.002/19:0.001/20:0.006/21:0.003/23:0.001/24:0.001/27:0.001/29:0.001,0:0.03/-1:0.96/2:0.008/3:0.009/5:0.009/7:0.003/9:0.003/10:0.003/11:0.001/13:0.008/14:0.001/16:0.005/17:0.009/18:0.001/21:0.001/22:0.004/23:0.002/24:0.001/25:0.006/26:0.004/27:0.005/29:0.001/30:0.001/31:0.001/33:0.001,0:0.03/-1:0.96/1:0.006,0:0.03/-1:0.96/,0:0.03/-1:0.96/,0:0.03/-1:0.96/1:0.01
I1,0,18,0,0,0,0,4,23,0,0,23,0,0,0,0,15,27,0,13,23,0,0,0,0,-1,-1,-1,-1,-1,-1
I2,0:0.06/3:0.94,18,0,0,0,0,4,23,0,0,23,0,0,0,0,15,27,0,13,23,0,0,0,0,-1,-1,-1,-1,-1,-1
ATCAGGTCAGCACGAA-1,3,18,0,19,27,0,4,23,0,0,23,0,-1,-1,-1,15,27,0,13,23,0,6,8,0,-1,-1,-1,-1,-1,-1
I3,3,18,0,0,0,0,4,23,0,0:0.01/5:0.99,23,0,0,0,0,15,27,0,13,23,0,0,0,0,-1,-1,-1,-1,-1,-1
TTCTTGAAGAGCCCAA-1,3,18,0,0,0,0,4,23,0,5,23,0,0,0,0,15,27,0,13,23,0,3,4,0,-1,-1,-1,-1,-1,-1
TTCTGTAGTTCCTACC-1,3,18,0,0,0,0,4,23,0,5,23,0,0,0,0,15,27,0,13,23,0,36,50,0,-1,-1,-1,-1,-1,-1
I4,30,18,0,0,0:0.88/7:0.12,0,4,23,0,0:0.88/27:0.12,23,0,0,0:0.88/51:0.12,0,15,27,0,13,23,0,0:0.88/37:0.12,0:0.88/8:0.12,0,-1,-1,-1,-1,-1,-1
TTTCGATTCACCATAG-1,30,18,0,0,7,0,4,23,0,-1,-1,-1,0,51,0,15,27,0,13,23,0,37,8,0,-1,-1,-1,-1,-1,-1
GGAATCTAGGATTTGA-1,30,18,0,-1,-1,-1,4,23,0,27,23,0,-1,-1,-1,15,27,0,13,23,0,-1,-1,-1,-1,-1,-1,-1,-1,-1
TGGAGAGAGAGTGTGC-1,1,18,0,15,14,0,9,23,0,0,23,0,-1,-1,-1,15,27,0,0,3,0,0,5,0,-1,-1,-1,-1,-1,-1
(((AGAGCCCAGATGAATC-1:7.016,(CCGCAAGCACGTACAT-1:3.021,GCCGATGAGATAGCAT-1:2.021)I5:1.996)I4:4.023,((CTCCTCCTCGACGAGA-1:5.081,CGAAGTTGTTATGGTC-1:4.627)I3:5.397,(CCAAGCGAGGTACAAT-1:4.631,TGACCCTAGGAGTCTG-1:6.071)I2:1.393)I1:2.015)23:9.97)I0;
I0,0,0,0,0,0,0,0,0,0,0,0,0,0,0,0,0,0,0,0,0,0,0,0,0,0,0,0,0,0,0
23,12,20,0,0,22,0,0,0,0,0,18,0,0,0,0,0,0,0,0,0,0,3,21,5,0,0,0,0:0.01/-1:0.99,0:0.01/-1:0.99,0:0.01/-1:0.99
I1,12,20,0,0,22,0,0,0,0,0,18,0,0,0,0,0,0,0,0:0.01/6:0.99,0:0.01/8:0.99,0,3,21,5,0,0,0,-1,-1,-1
I2,12,20,0,0,22,0,0,0:0.07/20:0.93,0,0,18,0,0,0,0,0,0,0,6,8,0,3,21,5,0:0.78/5:0.22,0:0.78/3:0.22,0,-1,-1,-1
TGACCCTAGGAGTCTG-1,12,20,0,0,22,0,0,20,0,0,18,0,-1,-1,-1,0,0,0,6,8,0,3,21,5,-1,-1,-1,-1,-1,-1
CCAAGCGAGGTACAAT-1,12,20,0,0,22,0,4,20,0,0,18,0,0,0,0,4,19,0,6,8,0,3,21,5,5,3,0,-1,-1,-1
I3,12,20,0,0,22,0,0:0.02/4:0.98,0:0.02/9:0.98,0,0,18,0,0,0,0,0:0.02/15:0.98,0:0.02/17:0.98,0,6,8,0,3,21,5,0:0.52/19:0.48,0:0.52/17:0.48,0:0.52/1:0.48,-1,-1,-1
CGAAGTTGTTATGGTC-1,12,20,0,0,22,0,4,9,0,12,18,0,23,38,0,15,17,0,6,8,0,3,21,5,19,17,1,-1,-1,-1
CTCCTCCTCGACGAGA-1,12,20,0,17,22,0,4,9,0,0,18,0,0,11,0,15,17,0,6,8,0,3,21,5,-1,-1,-1,-1,-1,-1
I4,12,20,0,0,22,0,0,0:0.01/20:0.99,0,0,18,0,0,0,0,17,22,3,0,0,0,3,21,5,0,0,0,-1,-1,-1
I5,12,20,0,0,22,0,0,20,0,0,18,0,0,0,0,17,22,3,0:0.01/6:0.99,0:0.01/8:0.99,0,3,21,5,0,0,0,-1,-1,-1
GCCGATGAGATAGCAT-1,12,20,0,15,22,0,16,20,0,0,18,0,0,0,0,17,22,3,6,8,0,3,21,5,0,0,0,-1,-1,-1
CCGCAAGCACGTACAT-1,12,20,0,0,22,0,0,20,0,0,18,0,0,0,0,17,22,3,6,8,0,3,21,5,-1,-1,-1,-1,-1,-1
AGAGCCCAGATGAATC-1,12,20,0,3,22,0,0,20,0,13,18,0,0,0,0,17,22,3,10,18,0,3,21,5,-1,-1,-1,-1,-1,-1
((GTGAGGACAGACCCGT-1:13.178,(GTTGTCCCAAAGTGTA-1:9.855,(ACTATTCGTCTGATAC-1:3.541,(TTGGATGAGTTACTCG-1:5.029,TACCCGTAGTCACTGT-1:5.029)I3:0.009)I2:7.791)I1:1.452)22:9.542)I0;
I0,0,0,0,0,0,0,0,0,0,0,0,0,0,0,0,0,0,0,0,0,0,0,0,0,0,0,0,0,0,0
22,0,0,0,12,19,0:0.01/1:0.99,0,0,0,0,0,0,8,16,0,0,0,0,0,0,0,0,17,0,0:0.65/7:0.35,0:0.65/7:0.35,0,0:0.04/-1:0.95/,0:0.04/-1:0.95/,0:0.04/-1:0.95/1:0.01
I1,0,0,0,12,19,1,0:0.9/32:0.1,0:0.9/44:0.1,0:0.9/6:0.1,0,0,0,8,16,0,0,0:0.07/20:0.93,0,0,0,0,0,17,0,0:0.59/7:0.41,0:0.59/7:0.41,0,0:0.02/-1:0.98,0:0.02/-1:0.98,0:0.02/-1:0.98
I2,0,0,0,12,19,1,-1,-1,-1,12,16,0,8,16,0:0.02/1:0.98,0,20,0,0,12,0,0,17,0,0:0.25/7:0.75,0:0.25/7:0.75,0,-1,-1,-1
I3,0,0,0,12,19,1,-1,-1,-1,12,16,0,8,16,0:0.02/1:0.98,0,20,0,0,12,0,0,17,0,0:0.25/7:0.75,0:0.25/7:0.75,0,-1,-1,-1
TACCCGTAGTCACTGT-1,0,9,0,12,19,1,-1,-1,-1,12,16,0,8,16,1,0,20,0,0,12,0,3,17,0,-1,-1,-1,-1,-1,-1
TTGGATGAGTTACTCG-1,31,48,0,12,19,1,-1,-1,-1,12,16,0,8,16,1,0,20,0,0,12,0,0,17,0,-1,-1,-1,-1,-1,-1
ACTATTCGTCTGATAC-1,-1,-1,-1,12,19,1,-1,-1,-1,12,16,0,8,16,1,0,20,0,0,12,0,0,17,0,7,7,0,-1,-1,-1
GTTGTCCCAAAGTGTA-1,0,14,0,12,19,1,32,44,6,0,40,0,8,16,0,0,20,0,28,40,0,0,17,0,-1,-1,-1,-1,-1,-1
GTGAGGACAGACCCGT-1,0,51,0,12,19,1,0,0,0,-1,-1,-1,8,16,0,7,45,0,-1,-1,-1,20,17,0,-1,-1,-1,-1,-1,-1
(((CATTTCAGTCACTTCC-1:8.152,(GCCCAGAAGACATCCT-1:6.022,((CTGCTCAAGTAACGAT-1:0.002,(GGTAATCTCACGACTA-1:0,TTCCTTCGTCGGAAAC-1:0)I11:4.001)I10:1.003,(ACAGAAAAGTCGCCCA-1:4.003,(ACCCAAAGTATCGAGG-1:1,TGAGGTTAGCTGGAGT-1:1)I9:0.003)I8:1.001)I7:1.018)I6:1.131)I5:5.989,((AGTCTCCGTCACTCGG-1:8.034,ATCGGATAGCGTTGTT-1:2.755)I4:2.246,(AGACCATCAGACAATA-1:8.001,(AGTAGCTTCAGCAATC-1:5.132,CGGGACTTCAGCATTG-1:7.456)I3:3.517)I2:0)I1:3.11)18:6.909)I0;
I0,0,0,0,0,0,0,0,0,0,0,0,0,0,0,0,0,0,0,0,0,0,0,0,0,0,0,0,0,0,0
18,10,16,0,0,0:0.01/9:0.99,0,0,0,0,0,0,0,0,13,0,0,0,0,0,0,0,0,0,0,0,0,0,0:0.03/-1:0.97,0:0.03/-1:0.97,0:0.03/-1:0.97
I1,10,16,0,0,9,0,0,0,0,0,0,0,5,13,0,0,18,0,0,0,0,0,8,0,0,0,0,-1,-1,-1
I2,10,16,0,0,9,0,0,0,0,0,0,0,5,13,0,0,18,0,0,0,0,0,8,0,0,0,0,-1,-1,-1
I3,10,16,0,0,9,0,0,0:0.68/9:0.32,0:0.68/3:0.32,0:0.05/1:0.95,0,0,5,13,0,0:0.05/11:0.95,18,0,0,0:0.68/18:0.32,0,0,8,0,0:0.68/7:0.32,0:0.68/7:0.32,0,-1,-1,-1
CGGGACTTCAGCATTG-1,10,16,0,0,9,0,-1,-1,-1,1,0,0,5,13,0,11,18,0,-1,-1,-1,0,8,0,7,7,0,-1,-1,-1
AGTAGCTTCAGCAATC-1,10,16,0,0,9,0,0,9,3,1,0,0,5,13,0,11,18,0,0,18,0,0,8,0,-1,-1,-1,-1,-1,-1
AGACCATCAGACAATA-1,10,16,0,0,9,0,15,19,0,9,0,0,5,13,0,16,18,0,0,16,0,0,8,0,-1,-1,-1,-1,-1,-1
I4,10,16,0,0,9,0,0:0.68/4:0.32,0:0.68/24:0.32,0,0,0,0,5,13,0,0,18,0,0,0,0,0:0.03/15:0.97,8,0,0:0.68/13:0.32,0:0.68/17:0.32,0,-1,-1,-1
ATCGGATAGCGTTGTT-1,10,16,0,0,9,0,4,24,0,0,0,0,5,13,0,0,18,0,0,0,0,15,8,0,13,17,0,-1,-1,-1
AGTCTCCGTCACTCGG-1,10,16,0,0,9,0,-1,-1,-1,0,0,0,5,13,0,0,18,0,12,11,0,15,8,0,-1,-1,-1,-1,-1,-1
I5,10,16,0,0,9,0,0,0,0,0,0,0,0,13,0,0,0,0,0:0.02/-1:0.98,0:0.02/-1:0.98,0:0.02/-1:0.98,0,0,0,0:0.02/-1:0.98,0:0.02/-1:0.98,0:0.02/-1:0.98,-1,-1,-1
I6,10,16,0,0,9,0,0,0,0,0,0,0,0,13,0,0,0:0.01/18:0.99,0,-1,-1,-1,0,0,0,-1,-1,-1,-1,-1,-1
I7,10,16,0,0,9,0,0,0,0,0,0,0,0,13,0,0,18,0,-1,-1,-1,0,8,0,-1,-1,-1,-1,-1,-1
I8,10,16,0,0,9,0,0,0,0,0,0,0,5,13,0,0,18,0,-1,-1,-1,0,8,0,-1,-1,-1,-1,-1,-1
I9,10,16,0,0,9,0,0,0,0,0,0,0,5,13,0,0,18,0,-1,-1,-1,0,8,0,-1,-1,-1,-1,-1,-1
TGAGGTTAGCTGGAGT-1,10,16,0,0,9,0,0,0,0,0,0,0,5,13,0,16,18,0,-1,-1,-1,0,8,0,-1,-1,-1,-1,-1,-1
ACCCAAAGTATCGAGG-1,10,16,0,0,9,0,0,4,0,0,0,0,5,13,0,0,18,0,-1,-1,-1,0,8,0,-1,-1,-1,-1,-1,-1
ACAGAAAAGTCGCCCA-1,10,16,0,0,9,0,4,17,0,11,0,0,5,13,0,12,18,0,-1,-1,-1,0,8,0,-1,-1,-1,-1,-1,-1
I10,10,16,0,0,9,0,0,0,0,0,0,0,0,13,0,29,18,0,-1,-1,-1,0,8,0,-1,-1,-1,-1,-1,-1
I11,10,16,0,0,9,0,-1,-1,-1,0,0,0,1,13,0,29,18,0,-1,-1,-1,0,8,0,-1,-1,-1,-1,-1,-1
TTCCTTCGTCGGAAAC-1,10,16,0,0,9,0,-1,-1,-1,0,0,0,1,13,0,29,18,0,-1,-1,-1,0,8,0,-1,-1,-1,-1,-1,-1
GGTAATCTCACGACTA-1,10,16,0,0,9,0,-1,-1,-1,0,0,0,1,13,0,29,18,0,-1,-1,-1,0,8,0,-1,-1,-1,-1,-1,-1
CTGCTCAAGTAACGAT-1,10,16,0,0,9,0,0,0,0,0,0,0,0,13,0,29,18,0,-1,-1,-1,0,8,0,-1,-1,-1,-1,-1,-1
GCCCAGAAGACATCCT-1,10,16,0,0,9,0,0,38,5,0,0,0,5,13,0,16,18,0,-1,-1,-1,20,35,0,-1,-1,-1,-1,-1,-1
CATTTCAGTCACTTCC-1,10,16,0,0,9,0,22,28,0,22,30,0,5,13,0,0,35,0,-1,-1,-1,15,8,0,-1,-1,-1,-1,-1,-1
((CGGGTCACACCCTATC-1:15.985,(GCATCTCGTTAACCTG-1:16.215,(ACGATCATCCGTTGGG-1:9.024,(((GCGTGCAAGCTGGAGT-1:5.456,TTACGTTAGAGGGTAA-1:6.643)I21:4.424,(ATCGTGATCCAAGCTA-1:5.779,((TCATTGTCATACAGAA-1:3.609,(TCGAACATCGCAGTGC-1:2.206,TGTGATGGTACTTGTG-1:4.206)I20:2.814)I19:1.396,(CAGCCAGAGTGGAAAG-1:3.005,(AGAAGCGCAGTTCCAA-1:3.008,(GTTGTCCAGAATCGAT-1:4.008,(ACTTTGTCAGCGGTCT-1:6.071,TGGGAAGCAAGCTACT-1:1.654)I18:1.353)I17:0)I16:2.998)I15:0)I14:3.042)I13:1.221)I12:1.007,((GGTGTCGGTTAAGGGC-1:8.606,CCCGAAGTCAAGTTGC-1:4.608)I11:3.468,((GTCAAACCACCGTGCA-1:6.142,(AATGGCTAGGGTGAAA-1:2,((CGGAACCGTGACCGAA-1:5,CATTGTTGTGTCTTGA-1:7)I10:0,TCAGGGCTCTGATTCT-1:5)I9:0)I8:1.141)I7:5.871,(ACTACGAAGGAGATAG-1:0.051,TACATTCGTGCGGTAA-1:8.051)I6:0.952)I5:1)I4:2.004)I3:1.017)I2:1.191)I1:5.939)15:2.059)I0;
I0,0,0,0,0,0,0,0,0,0,0,0,0,0,0,0,0,0,0,0,0,0,0,0,0,0,0,0,0,0,0
15,0,0,0,0,0,0,0,0,0,0,0,0,0:0.93/6:0.07,0:0.93/40:0.07,0,0,0,0,0,0,0,0,0,0,0,0,0,0:0.36/-1:0.62/,0:0.36/-1:0.62/,0:0.36/-1:0.62/1:0.02
I1,0,0,0,0,0,0,0,0,0,0,0:0.01/8:0.99,0,0:0.04/-1:0.95/6:0.01,0:0.04/-1:0.95/40:0.01,0:0.04/-1:0.95/1:0.006/3:0.001,0,16,0,0,0,0,0,0,0,0,0,0,0:0.02/-1:0.98,0:0.02/-1:0.98,0:0.02/-1:0.98
I2,0,0,0,0,0,0,0,14,0,0,8,0,-1:0.99/6:0.01,-1:0.99/40:0.01,-1:0.99/1:0.006/3:0.001,0,16,0,0,0,0,0,0,0,0,0,0,-1,-1,-1
I3,0,0:0.01/14:0.99,0,0,0,0,0,14,0,0,8,0,-1,-1,-1,0,16,0,0,0,0,0,0,0,0,0,0,-1,-1,-1
I4,0,14,0,0,0,0,0,14,0,0,8,0,-1,-1,-1,0,16,0,0,0,0,0,0,0,6,8,0,-1,-1,-1
I5,9,14,0,0,0,0,0,14,0,0,8,0,-1,-1,-1,0,16,0,0,0,0,0,0,0,6,8,0,-1,-1,-1
I6,9,14,0,0,0,0,0,14,0,0:0.05/9:0.95,8,0,-1,-1,-1,0,16,0,0,0,0,0,0,0,6,8,0,-1,-1,-1
TACATTCGTGCGGTAA-1,9,14,0,-1,-1,-1,10,14,0,9,8,0,-1,-1,-1,0,16,0,-1,-1,-1,0,11,0,6,8,0,-1,-1,-1
ACTACGAAGGAGATAG-1,9,14,0,0,0,0,0,14,0,9,8,0,-1,-1,-1,0,16,0,0,0,0,0,0,0,6,8,0,-1,-1,-1
I7,9,14,0,0,0,0,0,14,0,0,8,0,-1,-1,-1,0,16,0,0:0.02/-1:0.98,0:0.02/-1:0.98,0:0.02/-1:0.98,0,0,0,-1:0.98/6:0.02,-1:0.98/8:0.02,0:0.02/-1:0.98,-1,-1,-1
I8,9,14,0,0,0,0,0,14,0,9,8,0,-1,-1,-1,0,16,0,-1,-1,-1,0,0,0,-1,-1,-1,-1,-1,-1
I9,9,14,0,0,0,0,0,14,0,9,8,0,-1,-1,-1,0,16,0,-1,-1,-1,0,0,0,-1,-1,-1,-1,-1,-1
TCAGGGCTCTGATTCT-1,9,14,0,7,53,0,36,14,0,9,8,0,-1,-1,-1,0,16,0,-1,-1,-1,1,1,0,-1,-1,-1,-1,-1,-1
I10,9,14,0,0,0,0,0,14,0,9,8,0,-1,-1,-1,0,16,0,-1,-1,-1,0,0,0,-1,-1,-1,-1,-1,-1
CATTGTTGTGTCTTGA-1,9,14,0,22,36,0,3,14,0,9,8,0,-1,-1,-1,4,16,0,-1,-1,-1,20,29,7,-1,-1,-1,-1,-1,-1
CGGAACCGTGACCGAA-1,9,14,0,1,1,0,24,14,0,9,8,0,-1,-1,-1,0,16,0,-1,-1,-1,9,34,0,-1,-1,-1,-1,-1,-1
AATGGCTAGGGTGAAA-1,9,14,0,0,0,0,10,14,0,9,8,0,-1,-1,-1,0,16,0,-1,-1,-1,0,5,0,-1,-1,-1,-1,-1,-1
GTCAAACCACCGTGCA-1,9,14,0,17,14,0,24,14,0,0,8,0,-1,-1,-1,0,16,0,-1,-1,-1,-1,-1,-1,-1,-1,-1,-1,-1,-1
I11,0,14,0,0,0,0,0,14,0,0:0.04/9:0.96,8,0,-1,-1,-1,0,16,0,0:0.16/-1:0.81/1:0.006/2:0.001/3:0.002/6:0.018/7:0.002/8:0.001/9:0.004/10:0.024/11:0.025/12:0.027/13:0.001/14:0.001/16:0.008/19:0.021/20:0.026/21:0.001/22:0.003/23:0.006/24:0.025/26:0.006/27:0.014/28:0.008/31:0.005,0:0.16/-1:0.81/1:0.006/2:0.001/3:0.023/4:0.01/5:0.028/7:0.015/8:0.018/9:0.001/10:0.016/11:0.027/12:0.025/13:0.001/14:0.003/15:0.001/16:0.01/17:0.001/18:0.004/20:0.012/21:0.008/22:0.009/23:0.001/24:0.002/25:0.027/28:0.011/29:0.014/30:0.006/31:0.004/32:0.001/33:0.005/34:0.002/36:0.012/38:0.006/40:0.008/42:0.001/43:0.018/44:0.004,0:0.16/-1:0.81/2:0.002/4:0.001/6:0.001,0,0,0,6,8,0,-1,-1,-1
CCCGAAGTCAAGTTGC-1,22,14,0,0,29,0,0,14,0,9,8,0,-1,-1,-1,0,16,0,-1,-1,-1,3,8,0,6,8,0,-1,-1,-1
GGTGTCGGTTAAGGGC-1,11,14,0,11,1,0,12,14,0,9,8,0,-1,-1,-1,0,16,0,-1,-1,-1,0,3,0,-1,-1,-1,-1,-1,-1
I12,11,14,0,0,0,0,0,14,0,0,8,0,-1,-1,-1,0,16,0,0,0,0,0,0,0,0,0,0,-1,-1,-1
I13,11,14,0,0,0,0,0,14,0,0:0.05/9:0.95,8,0,-1,-1,-1,0,16,0,0,0:0.87/24:0.13,0:0.87/2:0.13,0,0,0,0,0,0,-1,-1,-1
I14,11,14,0,0,0,0,0,14,0,9,8,0,-1,-1,-1,0,16,0,-1,-1,-1,0,0,0,0,0,0,-1,-1,-1
I15,11,14,0,0,0,0,0,14,0,9,8,0,-1,-1,-1,0,16,0,-1,-1,-1,0,0,0,0,0,0,-1,-1,-1
I16,11,14,0,0,0,0,0,14,0,9,8,0,-1,-1,-1,0,16,0,-1,-1,-1,0,0,0,-1,-1,-1,-1,-1,-1
I17,11,14,0,0,0,0,0,14,0,9,8,0,-1,-1,-1,0,16,0,-1,-1,-1,0,0,0,-1,-1,-1,-1,-1,-1
I18,11,14,0,0:0.79/17:0.21,0:0.79/54:0.21,0,0,14,0,9,8,0,-1,-1,-1,0:0.07/15:0.93,16,0,-1,-1,-1,0,0,0,-1,-1,-1,-1,-1,-1
TGGGAAGCAAGCTACT-1,11,14,0,17,54,0,0,14,0,9,8,0,-1,-1,-1,15,16,0,-1,-1,-1,0,0,0,-1,-1,-1,-1,-1,-1
ACTTTGTCAGCGGTCT-1,11,14,0,-1,-1,-1,4,14,0,9,8,0,-1,-1,-1,15,16,0,-1,-1,-1,3,11,0,-1,-1,-1,-1,-1,-1
GTTGTCCAGAATCGAT-1,11,14,0,0,50,0,16,14,0,9,8,0,-1,-1,-1,0,16,0,-1,-1,-1,31,9,0,-1,-1,-1,-1,-1,-1
AGAAGCGCAGTTCCAA-1,11,14,0,0,21,2,0,14,0,9,8,0,-1,-1,-1,0,16,0,-1,-1,-1,0,19,0,-1,-1,-1,-1,-1,-1
CAGCCAGAGTGGAAAG-1,11,14,0,0,35,0,20,14,0,9,8,0,-1,-1,-1,0,16,0,-1,-1,-1,0,0,0,0,19,0,-1,-1,-1
I19,11,14,0,0,0,0,37,14,0,9,8,0,-1,-1,-1,0,16,0,-1,-1,-1,0,0,0,0:0.8/10:0.2,0:0.8/14:0.2,0,-1,-1,-1
I20,11,14,0,0,0,0,37,14,0,9,8,0,-1,-1,-1,0,16,0,-1,-1,-1,0,0,0,0:0.05/-1:0.93/10:0.02,0:0.05/-1:0.93/14:0.02,0:0.06/-1:0.93/1:0.006,-1,-1,-1
TGTGATGGTACTTGTG-1,11,14,0,36,55,0,37,14,0,9,8,0,-1,-1,-1,0,16,0,-1,-1,-1,9,49,0,-1,-1,-1,-1,-1,-1
TCGAACATCGCAGTGC-1,11,14,0,14,53,0,37,14,0,9,8,0,-1,-1,-1,0,16,0,-1,-1,-1,0,0,0,-1,-1,-1,-1,-1,-1
TCATTGTCATACAGAA-1,11,14,0,0,0,0,37,14,0,9,8,0,-1,-1,-1,0,16,0,-1,-1,-1,34,47,0,10,14,0,-1,-1,-1
ATCGTGATCCAAGCTA-1,11,14,0,0,0,0,0,14,0,9,8,0,-1,-1,-1,15,16,0,0,24,2,0,8,0,8,2,0,-1,-1,-1
I21,11,14,0,0,0,0,0,14,0,0,8,0,-1,-1,-1,0:0.04/15:0.96,16,0,0:0.59/12:0.41,0:0.59/5:0.41,0,0,0,0,0:0.12/-1:0.86/1:0.001/2:0.016/3:0.001/4:0.001/5:0.017/7:0.018/8:0.017/10:0.001/11:0.014/12:0.001/13:0.001/14:0.002/15:0.016/16:0.002/17:0.001/18:0.004/19:0.002/20:0.012/21:0.006/23:0.002/24:0.003/27:0.001/28:0.001/29:0.001,0:0.12/-1:0.86/1:0.001/2:0.015/3:0.018/5:0.018/6:0.001/7:0.007/9:0.007/10:0.005/11:0.001/13:0.017/14:0.001/16:0.01/17:0.018/18:0.002/21:0.002/22:0.008/23:0.004/24:0.001/25:0.012/26:0.008/27:0.01/29:0.002/30:0.003/31:0.001/33:0.001,0:0.12/-1:0.86/1:0.011,-1,-1,-1
TTACGTTAGAGGGTAA-1,11,14,0,14,7,0,0,14,0,9,8,0,-1,-1,-1,15,16,0,12,5,0,13,20,0,-1,-1,-1,-1,-1,-1
GCGTGCAAGCTGGAGT-1,11,14,0,0,0,0,0,14,0,0,8,0,-1,-1,-1,15,16,0,-1,-1,-1,9,9,0,-1,-1,-1,-1,-1,-1
ACGATCATCCGTTGGG-1,0,18,0,0,0,0,10,14,0,0,8,0,-1,-1,-1,0,16,0,7,10,0,6,8,0,-1,-1,-1,-1,-1,-1
GCATCTCGTTAACCTG-1,9,14,0,31,44,0,27,36,0,9,8,0,-1,-1,-1,32,16,0,-1,-1,-1,27,8,0,-1,-1,-1,-1,-1,-1
CGGGTCACACCCTATC-1,0,5,5,0,39,0,24,29,0,0,0,0,6,40,0,0,19,0,0,32,4,6,3,0,-1,-1,-1,-1,-1,-1
(((GTTCGCTCAATTGCTG-1:2.723,(ATTCATCTCTGCGTCT-1:2.031,(AACCCAAAGACTTCGT-1:2.018,(AGGAATACAGAGGTTG-1:3,TTAATCCCACTCAAGT-1:1.253)I66:1.766)I65:1.012)I64:3.978)I63:10.277,((((((CTACCTGGTTACCCTC-1:6.824,(GACAGCCGTGCGACAA-1:2.002,(CTACAGACATCGAAGG-1:1.002,GGTTGTAGTCCGGCAT-1:3.002)I62:0)I61:3.009)I60:1.191,(AGTTCGAGTAGTGATA-1:4.52,(CGAGGCTTCTCGGTCT-1:2.006,(TTACTGTTCAAATGCC-1:3.005,CTGGACGGTTCAACGT-1:4.006)I59:0.001)I58:4.034)I57:2.494)I56:0.997,((CATACTTCAATCCTAG-1:5.038,ATGTCCCGTCAGTCCG-1:2.038)I55:1.97,(CAGATACGTGCGAGTA-1:6.008,CGGACACCAGCAGTTT-1:4.008)I54:0)I53:5.005)I52:3.998,(((CCGGGTAGTATGAGGC-1:4.559,(GAGACCCCACTACAGT-1:1.001,(TATTCCACAGGATGAC-1:2.001,AAGGAATGTGACTAAA-1:2.001)I51:0)I50:3.034)I49:1.458,TTCAGGAAGACTAGAT-1:5.015)I48:3.005,((TAGATCGCAGCTGGTC-1:1.006,TATTCCAGTTCCGCAG-1:3.006)I47:1.047,((CGCGTGAGTGAGAACC-1:2,(TCTACATAGGCATGCA-1:2,(TACCCGTCAAATCGGG-1:4.003,CGTGTCTCAAATGATG-1:1.003)I46:0.997)I45:0)I44:1.017,(CATTCCGAGGAAAGGT-1:5.571,(CTGTATTGTAGGTGCA-1:2.076,TGTTTGTAGGGCTGAT-1:2.076)I43:2.96)I42:2.446)I41:2.036)I40:2.974)I39:1.989)I38:3.991,((TTCCTTCTCGAGTGAG-1:15.054,(((ATTGGGTTCTTAAGGC-1:6.072,GTGTGGCGTTGGGATG-1:4.072)I37:0.928,((TATCAGGAGGCAGCTA-1:0.637,CGGAATTTCTACGGTA-1:6.156)I36:3.387,((CACGGGTAGAGTCAAT-1:6.574,CGCCATTCAGATTAAG-1:6.323)I35:2.785,ATCTCTACAAGGTCAG-1:4.067)I34:0.933)I33:0)I32:1.005,((CGCCAGAGTCATGGCC-1:4.228,ATGAGGGCAGGCACAA-1:4.228)I31:2.813,CGGACACTCGTCTAAG-1:13)I30:0)I29:2.664)I28:2.332,((AATGGAATCTTTCGAT-1:5.844,(ATGAGTCGTACCATAC-1:2.143,(AGGCATTGTCGTTGGC-1:2.003,(GTAGATCGTTGGTAGG-1:1.002,ACCCAAATCGTTCAGA-1:3.003)I27:0.001)I26:3.141)I25:2.948)I24:2.163,((TAGACCAGTCACTAGT-1:4.382,(TTAGGGTAGACTTCCA-1:2.003,(ACGGTTAGTTAAGTCC-1:2.003,GAGGGTACAAAGTGTA-1:3.003)I23:0)I22:4.045)I21:3.621,((GTTCGCTTCGCCGATG-1:2.022,TTAGTCTCAGTCAGCC-1:3.022)I20:1,((GGTGATTAGTTTCGGT-1:3.018,GATTCTTGTACCATAC-1:1.018)I19:3.033,((CGGGCATGTGACTCTA-1:1.005,ATTGTTCCACTCCACT-1:1.005)I18:0.995,((CCTCTAGAGACCAAAT-1:3,(CCTTCAGCACGTACTA-1:3.043,CTAACCCCAGTTAGGG-1:3.043)I17:0.957)I16:0,GTTATGGGTTTACTTC-1:2)I15:0)I14:1.05)I13:2.976)I12:0.982)I11:2.003)I10:5.994)I9:2)I8:0,(CTCTCGAAGAATGTTG-1:3,((CCGGGTATCTGGCCAG-1:0.618,(ATCGTGACAGTTAAAG-1:2,(ACAAGCTTCCAAACCA-1:0,(ACCCAAAGTCAAGTTC-1:2,TGTCCTGTCGTTCAGA-1:2)I7:1)I6:0)I5:3.008)I4:6.382,GTAACACGTTTCTATC-1:10)I3:0)I2:0)I1:0)14:3)I0;
I0,0,0,0,0,0,0,0,0,0,0,0,0,0,0,0,0,0,0,0,0,0,0,0,0,0,0,0,0,0,0
14,0,0,0,0,0,0,0,0,0,0,0,0,0,0,0,0,0,0,0,0,0,0,0,0,0,0,0,-1,-1,-1
I1,0,0,0,0,0,0,0,0,0,0,0,0,0,0,0,0,0,0,0,0,0,0,0,0,0,0,0,-1,-1,-1
I2,0,0,0,0,0,0,0,0,0,0,0,0,0,0,0,0,0,0,0,0,0,0,0,0,0,0,0,-1,-1,-1
I3,0,0,0,0,0,0,0,0,0,0,0,0,0,0,0,0,0,0,0,0,0,0,0,0,0,0,0,-1,-1,-1
GTAACACGTTTCTATC-1,31,48,0,0,9,0,0,0,0,0,27,0,0,47,0,0,0,0,26,38,0,0,4,0,15,30,0,-1,-1,-1
I4,0,0,0,0,0,0,11,16,0,0,0,0,0,6,0,11,0,0,0:0.3/20:0.7,0:0.3/29:0.7,0,0,0,0,0,5,0,-1,-1,-1
I5,0,0,0,0,0,0,11,16,0,0,0,0,0,6,0,11,0,0,-1,-1,-1,0,0,0,0,5,0,-1,-1,-1
I6,0,0,0,0,0,0,11,16,0,0,0,0,0,6,0,11,0,0,-1,-1,-1,0,0,0,0,5,0,-1,-1,-1
I7,0,0,0,0,16,0,11,16,0,0,0,0,0,6,0,11,0,0,-1,-1,-1,0,0,0,0,5,0,-1,-1,-1
TGTCCTGTCGTTCAGA-1,0,0,0,0,16,0,11,16,0,0,0,0,0,6,0,11,0,0,-1,-1,-1,3,43,0,0,5,0,-1,-1,-1
ACCCAAAGTCAAGTTC-1,0,0,0,0,16,0,11,16,0,0,0,0,0,6,0,11,0,0,-1,-1,-1,11,16,0,0,5,0,-1,-1,-1
ACAAGCTTCCAAACCA-1,0,0,0,0,0,0,11,16,0,0,0,0,0,6,0,11,0,0,-1,-1,-1,0,0,0,0,5,0,-1,-1,-1
ATCGTGACAGTTAAAG-1,0,0,0,0,8,0,11,16,0,0,0,0,0,6,0,11,0,0,-1,-1,-1,0,25,0,0,5,0,-1,-1,-1
CCGGGTATCTGGCCAG-1,0,0,0,0,0,0,11,16,0,0,0,0,0,6,0,11,0,0,20,29,0,0,0,0,0,5,0,-1,-1,-1
CTCTCGAAGAATGTTG-1,0,0,0,0,0,0,0,0,0,0,0,0,0,0,0,0,0,0,0,28,0,0,0,0,7,7,0,-1,-1,-1
I8,0,0,0,0,0,0,0,0,0,0,0,0,0,0,0,0,0,0,0,0,0,0,0,0,0,0,0,-1,-1,-1
I9,0,0,0,0,0,0,1,1,0,0,0,0,0,0,0,0,0,0,0,0,0,0,0,0,0,0,0,-1,-1,-1
I10,0,0,0,0,1,0,1,1,0,1,1,0,0,1,0,1,1,0,0,0,0,0,0,0,0,0,0,-1,-1,-1
I11,0,0,0,0,1,0,1,1,0,1,1,0,0,1,0,1,1,0,1,1,0,0,0,0,0,0,0,-1,-1,-1
I12,0,0,0,0:0.02/1:0.98,1,0,1,1,0,1,1,0,0,1,0,1,1,0,1,1,0,0,0,0,0,0,0,-1,-1,-1
I13,0,0,0,1,1,0,1,1,0,1,1,0,0,1,0,1,1,0,1,1,0,0,0,0,0:0.02/-1:0.98,0:0.02/-1:0.98,0:0.02/-1:0.98,-1,-1,-1
I14,0,0,0,1,1,0,1,1,0,1,1,0,1,1,0,1,1,0,1,1,0,0,0,0,-1,-1,-1,-1,-1,-1
I15,0,0,0,1,1,0,1,1,0,1,1,0,1,1,0,1,1,0,1,1,0,0,0,0,-1,-1,-1,-1,-1,-1
GTTATGGGTTTACTTC-1,7,52,0,1,1,0,1,1,0,1,1,0,1,1,0,1,1,0,1,1,0,0,0,0,-1,-1,-1,-1,-1,-1
I16,0,0,0,1,1,0,1,1,0,1,1,0,1,1,0,1,1,0,1,1,0,0,0,0,-1,-1,-1,-1,-1,-1
I17,0,0,0,1,1,0,1,1,0,1,1,0,1,1,0,1,1,0,1,1,0,0,0:0.04/4:0.96,0,-1,-1,-1,-1,-1,-1
CTAACCCCAGTTAGGG-1,3,42,0,1,1,0,1,1,0,1,1,0,1,1,0,1,1,0,1,1,0,24,4,0,-1,-1,-1,-1,-1,-1
CCTTCAGCACGTACTA-1,25,14,0,1,1,0,1,1,0,1,1,0,1,1,0,1,1,0,1,1,0,3,4,0,-1,-1,-1,-1,-1,-1
CCTCTAGAGACCAAAT-1,0,11,0,1,1,0,1,1,0,1,1,0,1,1,0,1,1,0,1,1,0,22,32,0,-1,-1,-1,-1,-1,-1
I18,0,0,0,1,1,0,1,1,0,1,1,0,1,1,0,1,1,0,1,1,0,0,8,0,-1,-1,-1,-1,-1,-1
ATTGTTCCACTCCACT-1,0,0,0,1,1,0,1,1,0,1,1,0,1,1,0,1,1,0,1,1,0,14,8,0,-1,-1,-1,-1,-1,-1
CGGGCATGTGACTCTA-1,0,0,0,1,1,0,1,1,0,1,1,0,1,1,0,1,1,0,1,1,0,4,8,0,-1,-1,-1,-1,-1,-1
I19,0:0.01/3:0.99,0:0.01/7:0.99,0,1,1,0,1,1,0,1,1,0,28,1,0,1,1,0,1,1,0,0,0,0,-1,-1,-1,-1,-1,-1
GATTCTTGTACCATAC-1,3,7,0,1,1,0,1,1,0,1,1,0,28,1,0,1,1,0,1,1,0,0,3,0,-1,-1,-1,-1,-1,-1
GGTGATTAGTTTCGGT-1,3,7,0,1,1,0,1,1,0,1,1,0,28,1,0,1,1,0,-1,-1,-1,0,0,0,-1,-1,-1,-1,-1,-1
I20,0,0,0,1,1,0,1,1,0,1,1,0,0:0.02/1:0.98,1,0,1,1,0,1,1,0,0,0,0,0,0,0,-1,-1,-1
TTAGTCTCAGTCAGCC-1,0,7,0,1,1,0,1,1,0,1,1,0,1,1,0,1,1,0,1,1,0,0,0,0,23,29,0,-1,-1,-1
GTTCGCTTCGCCGATG-1,0,0,0,1,1,0,1,1,0,1,1,0,1,1,0,1,1,0,1,1,0,0,17,0,0,5,0,-1,-1,-1
I21,0:0.03/7:0.97,0:0.02/7:0.98,0,11,1,0,1,1,0,1,1,0,0,1,0,1,1,0,1,1,0,0,0,0,0:0.67/26:0.33,0:0.67/32:0.33,0,-1,-1,-1
I22,7,7,0,11,1,0,1,1,0,1,1,0,7,1,0,1,1,0,1,1,0,0,0,0,-1,-1,-1,-1,-1,-1
I23,7,7,0,11,1,0,1,1,0,1,1,0,7,1,0,1,1,0,1,1,0,0,0,0,-1,-1,-1,-1,-1,-1
GAGGGTACAAAGTGTA-1,7,7,0,11,1,0,1,1,0,1,1,0,-1,-1,-1,1,1,0,1,1,0,0,0,0,-1,-1,-1,-1,-1,-1
ACGGTTAGTTAAGTCC-1,7,7,0,11,1,0,1,1,0,1,1,0,7,1,0,1,1,0,1,1,0,9,8,0,-1,-1,-1,-1,-1,-1
TTAGGGTAGACTTCCA-1,7,7,0,11,1,0,1,1,0,1,1,0,7,1,0,1,1,0,1,1,0,16,26,0,-1,-1,-1,-1,-1,-1
TAGACCAGTCACTAGT-1,7,7,0,11,1,0,1,1,0,1,1,0,1,1,0,1,1,0,1,1,0,9,45,0,26,32,0,-1,-1,-1
I24,0,0,0,0:0.04/1:0.96,1,0,1,1,0,1,1,0,0:0.04/1:0.96,1,0,1,1,0,0,0,0,0,0,0,0,0:0.77/3:0.23,0,-1,-1,-1
I25,0,0,0,1,1,0,1,1,0,1,1,0,1,1,0,1,1,0,0,0,0,0,0,0,0:0.04/-1:0.95/2:0.008/5:0.008/7:0.009/8:0.009/10:0.001/11:0.007/12:0.001/14:0.001/15:0.008/16:0.001/18:0.002/19:0.001/20:0.006/21:0.003/23:0.001/24:0.001/27:0.001/29:0.001,0:0.03/-1:0.95/3:0.02,0:0.04/-1:0.95/1:0.006,-1,-1,-1
I26,0,0,0,1,1,0,1,1,0,1,1,0,1,1,0,1,1,0,-1,-1,-1,0,0,0,-1,-1,-1,-1,-1,-1
I27,0,0,0,1,1,0,1,1,0,1,1,0,1,1,0,1,1,0,-1,-1,-1,0,0,0,-1,-1,-1,-1,-1,-1
ACCCAAATCGTTCAGA-1,-1,-1,-1,1,1,0,1,1,0,1,1,0,1,1,0,1,1,0,-1,-1,-1,0,0,0,-1,-1,-1,-1,-1,-1
GTAGATCGTTGGTAGG-1,0,15,0,1,1,0,1,1,0,1,1,0,1,1,0,1,1,0,-1,-1,-1,0,0,0,-1,-1,-1,-1,-1,-1
AGGCATTGTCGTTGGC-1,15,23,0,1,1,0,1,1,0,1,1,0,1,1,0,1,1,0,-1,-1,-1,0,0,0,-1,-1,-1,-1,-1,-1
ATGAGTCGTACCATAC-1,0,27,4,1,1,0,1,1,0,1,1,0,1,1,0,1,1,0,0,0,0,0,0,0,-1,-1,-1,-1,-1,-1
AATGGAATCTTTCGAT-1,0,11,0,1,1,0,1,1,0,1,1,0,1,1,0,1,1,0,-1,-1,-1,0,3,0,0,3,0,-1,-1,-1
I28,0,0,0,0,0,0,1,1,0,0,0,0,0,0,0,0,29,0,0,0,0,0,0:0.05/4:0.95,0,0,0:0.61/13:0.39,0,-1,-1,-1
I29,0,28,0,0,29,0,1,1,0,0,0,0,0,0,0,0,29,0,0,0,0,0,4,0,0,13,0,-1,-1,-1
I30,0,28,0,0,29,0,1,1,0,0,0,0,0,0,0,0,29,0,0,0,0,0,4,0,0,13,0,-1,-1,-1
CGGACACTCGTCTAAG-1,0,28,0,26,29,0,1,1,0,9,33,0,-1,-1,-1,4,29,0,19,31,0,19,4,0,-1,-1,-1,-1,-1,-1
I31,0,28,0,0,29,0,1,1,0,0,0,0,0,0,0,0,29,0,0:0.06/-1:0.92/19:0.02,0:0.06/-1:0.92/31:0.02,0:0.06/-1:0.92/2:0.002/4:0.001/6:0.001,0,4,0,0,13,0,-1,-1,-1
ATGAGGGCAGGCACAA-1,0,28,0,0,29,0,1,1,0,15,24,0,10,6,0,0,29,0,-1,-1,-1,0,4,0,0,13,0,-1,-1,-1
CGCCAGAGTCATGGCC-1,0,28,0,0,29,0,1,1,0,0,27,0,11,19,0,0,29,0,-1,-1,-1,3,4,0,0,13,0,-1,-1,-1
I32,0,28,0,0,29,0,1,1,0,0,0,0,0,0,0,2,29,0,0,0,0,0,4,0,0,13,0,-1,-1,-1
I33,0,28,0,0,29,0,1,1,0,0,0,0,0,0,0,2,29,0,0,0,0,0,4,0,0,13,0,-1,-1,-1
I34,0,28,0,0:0.07/1:0.93,29,0,1,1,0,0,0,0,0,0,0,2,29,0,0,0,0,0,4,0,0,13,0,-1,-1,-1
ATCTCTACAAGGTCAG-1,4,28,0,1,29,0,1,1,0,0,0,0,-1,-1,-1,2,29,0,0,0,0,0,4,0,0,13,0,-1,-1,-1
I35,0,28,0,1,29,0,1,1,0,0,0,0,0,0,0,2,29,0,0:0.18/-1:0.81/1:0.002/3:0.001/6:0.006/7:0.001/9:0.001/10:0.008/11:0.008/12:0.009/16:0.003/19:0.007/20:0.009/22:0.001/23:0.002/24:0.008/26:0.002/27:0.005/28:0.003/31:0.002,0:0.18/-1:0.81/1:0.002/3:0.008/4:0.003/5:0.009/7:0.005/8:0.006/10:0.005/11:0.009/12:0.008/14:0.001/16:0.003/18:0.001/20:0.004/21:0.003/22:0.003/24:0.001/25:0.009/28:0.004/29:0.005/30:0.002/31:0.001/33:0.002/34:0.001/36:0.004/38:0.002/40:0.003/43:0.006/44:0.001,0:0.18/-1:0.81/2:0.001,0,4,0,0:0.75/7:0.25,13,0,-1,-1,-1
CGCCATTCAGATTAAG-1,0,28,0,1,29,0,1,1,0,24,32,0,24,39,2,2,29,0,-1,-1,-1,0,4,0,7,13,0,-1,-1,-1
CACGGGTAGAGTCAAT-1,0,28,0,1,29,0,1,1,0,0,26,0,0,30,0,2,29,0,-1,-1,-1,3,4,0,-1,-1,-1,-1,-1,-1
I36,0,28,0,0,29,0,1,1,0,0,0,0,0:0.04/-1:0.95/1:0.009/2:0.001/3:0.001/4:0.008/5:0.009/6:0.008/8:0.002/10:0.008/11:0.002/13:0.005/14:0.003/15:0.001/16:0.001/17:0.006/18:0.001/20:0.001/21:0.002/23:0.001/28:0.002/29:0.006/32:0.002/33:0.001,0:0.04/-1:0.95/2:0.001/3:0.001/4:0.002/6:0.009/7:0.002/8:0.002/9:0.009/10:0.001/11:0.001/14:0.003/15:0.008/16:0.002/18:0.004/19:0.002/20:0.001/21:0.003/22:0.009/24:0.004/25:0.001/26:0.001/27:0.003/28:0.006/30:0.008/33:0.002/37:0.001/38:0.001/43:0.003/45:0.001/46:0.002/47:0.003/48:0.003/49:0.005/50:0.002/51:0.001,0:0.04/-1:0.95/1:0.006/3:0.001,2,29,0,0,0:0.48/12:0.52,0,0,4,0,0,13,0,-1,-1,-1
CGGAATTTCTACGGTA-1,0,28,0,-1,-1,-1,1,1,0,0,0,0,-1,-1,-1,2,29,0,-1,-1,-1,0,4,0,0,13,0,-1,-1,-1
TATCAGGAGGCAGCTA-1,0,28,0,0,29,0,1,1,0,0,0,0,-1,-1,-1,2,29,0,0,12,0,0,4,0,0,13,0,-1,-1,-1
I37,0,28,0,0,29,0,1,1,0,0,0:0.07/17:0.93,0,0,0,0,2,29,0,0,0,0,0,4,0,0,13,0,-1,-1,-1
GTGTGGCGTTGGGATG-1,7,28,0,0,29,0,1,1,0,29,17,0,0,0,0,2,29,0,0,24,2,0,4,0,0,13,0,-1,-1,-1
ATTGGGTTCTTAAGGC-1,0,28,0,0,29,0,1,1,0,4,17,0,17,28,0,2,29,0,13,23,0,6,4,0,0,13,0,-1,-1,-1
TTCCTTCTCGAGTGAG-1,38,54,9,37,57,8,1,1,3,0,33,0,0,0,0,4,29,0,-1,-1,-1,0,4,0,-1,-1,-1,-1,-1,-1
I38,0,0,0,0,0,0,0,0,0,0,11,0,0,0,0,0,0,0,0:0.01/6:0.99,8,0,0,13,0,0,0,0,-1,-1,-1
I39,0,0,0,0,0,0,0,0,0,0:0.02/2:0.98,11,0,0,10,0,0,0,0,6,8,0,0,13,0,0,0,0,-1,-1,-1
I40,0,0,0,0,0,0,0,0,0,2,11,0,0,10,0,0,0,0,6,8,0,0,13,0,0:0.02/-1:0.98,0:0.02/-1:0.98,0:0.02/-1:0.98,-1,-1,-1
I41,0,0,0,0,0,0,0:0.01/5:0.99,0:0.01/9:0.99,0,2,11,0,0,10,0,0,0,0,6,8,0,0,13,0,-1,-1,-1,-1,-1,-1
I42,0,0,0,0,0,0,5,9,0,2,11,0,20,10,0,0:0.77/25:0.23,0:0.77/19:0.23,0,6,8,0,0:0.03/12:0.97,13,0,-1,-1,-1,-1,-1,-1
I43,0,0,0,0,0,0,5,9,0,2,11,0,20,10,0,0:0.02/-1:0.97/25:0.01,0:0.02/-1:0.97/19:0.01,0:0.02/-1:0.97/1:0.006,6,8,0,12,13,0,-1,-1,-1,-1,-1,-1
TGTTTGTAGGGCTGAT-1,0,14,0,0,2,0,5,9,0,2,11,0,20,10,0,-1,-1,-1,6,8,0,12,13,0,-1,-1,-1,-1,-1,-1
CTGTATTGTAGGTGCA-1,27,45,0,0,0,0,5,9,0,2,11,0,20,10,0,-1,-1,-1,6,8,0,12,13,0,-1,-1,-1,-1,-1,-1
CATTCCGAGGAAAGGT-1,0,36,0,-1,-1,-1,5,9,0,2,11,0,20,10,0,25,19,0,6,8,0,12,13,0,-1,-1,-1,-1,-1,-1
I44,0,0,0,0,2,0,5,9,0,2,11,0,0,10,0,0,0,0,6,8,0,0,13,0,-1,-1,-1,-1,-1,-1
I45,0,0,0,0,2,0,5,9,0,2,11,0,0,10,0,0,0,0,6,8,0,0,13,0,-1,-1,-1,-1,-1,-1
I46,0,0,0,0,2,0,5,9,0,2,11,0,20,10,0,0,0,0,6,8,0,0,13,0,-1,-1,-1,-1,-1,-1
CGTGTCTCAAATGATG-1,0,0,0,7,2,0,5,9,0,2,11,0,20,10,0,0,0,0,6,8,0,0,13,0,-1,-1,-1,-1,-1,-1
TACCCGTCAAATCGGG-1,11,14,0,0,2,0,5,9,0,2,11,0,20,10,0,15,32,0,6,8,0,0,13,0,-1,-1,-1,-1,-1,-1
TCTACATAGGCATGCA-1,0,0,0,0,2,0,5,9,0,2,11,0,0,10,0,4,30,0,6,8,0,0,13,0,-1,-1,-1,-1,-1,-1
CGCGTGAGTGAGAACC-1,0,41,0,0,2,0,5,9,0,2,11,0,0,10,0,0,0,0,6,8,0,23,13,0,-1,-1,-1,-1,-1,-1
I47,0,0,0,0,2,0,0,0,0,2,11,0,0,10,0,0,0,0,6,8,0,0,13,0,-1,-1,-1,-1,-1,-1
TATTCCAGTTCCGCAG-1,0,0,0,0,2,0,0,0,0,2,11,0,0,10,3,15,25,0,6,8,0,0,13,0,-1,-1,-1,-1,-1,-1
TAGATCGCAGCTGGTC-1,0,0,0,0,2,0,0,0,0,2,11,0,20,10,0,0,0,0,6,8,0,0,13,0,-1,-1,-1,-1,-1,-1
I48,0,0,0,0,2,0,0:0.01/5:0.99,0,0,2,11,0,0,10,0,0,0,0,6,8,0,7,13,0,0,0,0,-1,-1,-1
TTCAGGAAGACTAGAT-1,0,36,0,0,2,0,5,0,0,2,11,0,-1,-1,-1,0,0,0,6,8,0,7,13,0,0,5,0,-1,-1,-1
I49,0,0,0,0,2,0,5,0:0.03/9:0.97,0,2,11,0,0,10,0,0,0,0,6,8,0,7,13,0,0:0.76/2:0.24,0:0.76/13:0.24,0,-1,-1,-1
I50,0,0,0,0,2,0,5,9,0,2,11,0,0,10,0,0,0,0,6,8,0,7,13,0,-1,-1,-1,-1,-1,-1
I51,0,0,0,0,2,0,5,9,0,2,11,0,0,10,0,0,0,0,6,8,0,7,13,0,-1,-1,-1,-1,-1,-1
AAGGAATGTGACTAAA-1,7,0,0,0,2,0,5,9,0,2,11,0,0,10,0,0,12,0,6,8,0,7,13,0,-1,-1,-1,-1,-1,-1
TATTCCACAGGATGAC-1,3,47,0,0,2,0,5,9,0,2,11,0,0,10,0,0,0,0,6,8,0,7,13,0,-1,-1,-1,-1,-1,-1
GAGACCCCACTACAGT-1,0,0,0,0,2,0,5,9,0,2,11,0,0,10,0,0,6,0,6,8,0,7,13,0,-1,-1,-1,-1,-1,-1
CCGGGTAGTATGAGGC-1,4,15,0,0,2,0,5,9,0,2,11,0,0,10,0,0,16,0,6,8,0,7,13,0,2,13,0,-1,-1,-1
I52,0,0,0,0,2,0,0:0.01/5:0.99,9,0,0,11,0,0,0,0,0,25,0,6,8,0,0,13,0,0,0,0,-1,-1,-1
I53,0,0,0,0,2,0,5,9,0,0,11,0,14,27,0,0,25,0,6,8,0,0,13,0,-1,-1,-1,-1,-1,-1
I54,0,0,0,0,2,0,5,9,0,0,11,0,14,27,0,0,25,0,6,8,0,0,13,0,-1,-1,-1,-1,-1,-1
CGGACACCAGCAGTTT-1,4,5,0,25,2,0,5,9,0,0,11,0,14,27,0,9,25,0,6,8,0,0,13,0,-1,-1,-1,-1,-1,-1
CAGATACGTGCGAGTA-1,3,3,0,0,2,0,5,9,0,0,11,0,14,27,0,-1,-1,-1,6,8,0,18,13,0,-1,-1,-1,-1,-1,-1
I55,0,0,0,0,2,0,5,9,0,16,11,0,14,27,0,0:0.03/15:0.97,25,0,6,8,0,0,13,0,-1,-1,-1,-1,-1,-1
ATGTCCCGTCAGTCCG-1,3,7,0,0,2,0,5,9,0,16,11,0,14,27,0,15,25,0,6,8,0,0,13,0,-1,-1,-1,-1,-1,-1
CATACTTCAATCCTAG-1,20,35,0,0,2,0,5,9,0,16,11,0,14,27,0,15,25,0,-1,-1,-1,0,13,0,-1,-1,-1,-1,-1,-1
I56,0,0,0,0,2,0,5,9,0,0:0.01/2:0.99,11,0,0,0,0,0,25,0,6,8,0,0,13,0,0,0,0,-1,-1,-1
I57,0,0,0,0:0.04/15:0.96,2,0,5,9,0,2,11,0,0,0,0,19,25,0,6,8,0,0,13,0,0:0.74/10:0.26,0:0.74/14:0.26,0,-1,-1,-1
I58,0,0,0,15,2,0,5,9,0,2,11,0,0,10,0,19,25,0,6,8,0,0,13,0,-1,-1,-1,-1,-1,-1
I59,0,0,0,15,2,0,5,9,0,2,11,0,0,10,0,19,25,0,6,8,0,0,13,0,-1,-1,-1,-1,-1,-1
CTGGACGGTTCAACGT-1,-1,-1,-1,15,2,0,5,9,0,2,11,0,5,10,0,19,25,0,6,8,0,0,13,0,-1,-1,-1,-1,-1,-1
TTACTGTTCAAATGCC-1,3,47,0,15,2,0,5,9,0,2,11,0,0,10,0,19,25,0,6,8,0,35,13,0,-1,-1,-1,-1,-1,-1
CGAGGCTTCTCGGTCT-1,0,34,0,15,2,0,5,9,0,2,11,0,4,10,0,19,25,0,6,8,0,0,13,0,-1,-1,-1,-1,-1,-1
AGTTCGAGTAGTGATA-1,18,26,0,15,2,0,5,9,0,2,11,0,0,24,0,19,25,0,6,8,0,0,13,0,10,14,0,-1,-1,-1
I60,0,0,0,0,2,0,5,9,0,2,11,0,0,0:0.01/10:0.99,0,0,25,0,6,8,0,0,13,0,0,0:0.81/25:0.19,0,-1,-1,-1
I61,0,0,0,0,2,0,5,9,0,2,11,0,0,10,0,0,25,0,6,8,0,0,13,0,-1,-1,-1,-1,-1,-1
I62,0,0,0,0,2,0,5,9,0,2,11,0,0,10,0,0,25,0,6,8,0,0,13,0,-1,-1,-1,-1,-1,-1
GGTTGTAGTCCGGCAT-1,0,0,0,1,2,0,5,9,0,2,11,0,1,10,0,23,25,0,6,8,0,0,13,0,-1,-1,-1,-1,-1,-1
CTACAGACATCGAAGG-1,0,0,0,0,2,0,5,9,0,2,11,0,0,10,0,27,25,0,6,8,0,0,13,0,-1,-1,-1,-1,-1,-1
GACAGCCGTGCGACAA-1,0,0,0,0,2,0,5,9,0,2,11,0,0,10,0,4,25,0,6,8,0,0,13,8,-1,-1,-1,-1,-1,-1
CTACCTGGTTACCCTC-1,0,34,0,27,2,0,5,9,0,2,11,1,25,10,0,4,25,1,6,8,0,0,13,0,0,25,0,-1,-1,-1
I63,0,6,0,0,0,0,2,5,0,6,7,0,0,0,0,6,8,0,5,6,0,0,0,0,0:0.36/2:0.64,0:0.36/9:0.64,0,-1,-1,-1
I64,0,6,0,0,0,0,2,5,0,6,7,0,0,8,0,6,8,0,5,6,0,0,0,0,-1:0.99/2:0.01,-1:0.99/9:0.01,0:0.01/-1:0.99,-1,-1,-1
I65,0,6,0,0,0,0,2,5,0,6,7,0,0,8,0,6,8,0,5,6,0,0,0:0.02/8:0.98,0,-1,-1,-1,-1,-1,-1
I66,0,6,0,0:0.63/17:0.37,0:0.63/7:0.37,0,2,5,0,6,7,0,12,8,0,6,8,0,5,6,0,0,8,0,-1,-1,-1,-1,-1,-1
TTAATCCCACTCAAGT-1,0,6,0,17,7,0,2,5,0,6,7,0,12,8,0,6,8,0,5,6,0,0,8,0,-1,-1,-1,-1,-1,-1
AGGAATACAGAGGTTG-1,0,6,0,-1,-1,-1,2,5,0,6,7,0,12,8,0,6,8,0,5,6,0,0,8,0,-1,-1,-1,-1,-1,-1
AACCCAAAGACTTCGT-1,0,6,0,5,10,0,2,5,0,6,7,0,0,8,0,6,8,0,5,6,0,0,8,0,-1,-1,-1,-1,-1,-1
ATTCATCTCTGCGTCT-1,0,6,0,0,0,0,2,5,0,6,7,0,16,8,0,6,8,6,5,6,0,0,0,0,-1,-1,-1,-1,-1,-1
GTTCGCTCAATTGCTG-1,0,6,0,0,0,0,2,5,0,6,7,0,0,0,0,6,8,0,5,6,0,6,8,0,2,9,0,-1,-1,-1
(((ATAGACCTCTCTTCAA-1:4.531,(CGTCAAAAGGGATCGT-1:5.217,AAAGGATTCGCACGAC-1:2.309)I9:3.906)I8:15.526,((GTCGTAATCATTTGTC-1:8.282,(TGTACAGCACGTCTCT-1:4.664,AATCACGTCTGAGATC-1:6.079)I7:2.449)I6:13.976,(CGCCATTGTCCCGCAA-1:15.014,((TTAGGCACACACAGCC-1:0.049,CCGTTCACACACGGAA-1:4.049)I5:14.98,(GTAAGTCAGGTCGTGA-1:19.571,GCATCTCTCCAGGACC-1:15.719)I4:0.043)I3:0.046)I2:2.538)I1:0.046)13:0.037)I0;
I0,0,0,0,0,0,0,0,0,0,0,0,0,0,0,0,0,0,0,0,0,0,0,0,0,0,0,0,0,0,0
13,0,0,0,0,0,0,0,0,0,0,0,0,0,0,0,0,0,0,0,0,0,0,0,0,0:0.99/23:0.01,0:0.99/29:0.01,0,0:0.99/1:0.01,0:0.99/1:0.01,0
I1,0,0,0,0,0:0.99/49:0.01,0,0,0,0,0,0,0,0,0,0,0,0,0,0,0,0,0,0,0,0:0.98/23:0.02,0:0.98/29:0.02,0,0:0.98/1:0.02,0:0.98/1:0.02,0
I2,0,0,0,0,0:0.88/49:0.12,0,0,0,0,0,0,0,0,0,0,0,0,0,21,0:0.01/25:0.99,0,0,0,0,0:0.87/23:0.13,0:0.87/29:0.13,0,0:0.87/1:0.13,0:0.87/1:0.13,0
I3,0,0,0,0,0:0.87/49:0.13,0,0,0,0,0,0,0,0,0,0,0,0,0,21,0:0.01/25:0.99,0,0,0,0,0:0.86/23:0.14,0:0.86/29:0.14,0,0:0.86/1:0.14,0:0.86/1:0.14,0
I4,0,0,0,0,0:0.86/49:0.14,0,0,0,0,0,0,0,0,0,0,0,0,0,21,0:0.01/25:0.99,0,0,0,0,0:0.85/23:0.15,0:0.85/29:0.15,0,0:0.85/1:0.15,0:0.85/1:0.15,0
GCATCTCTCCAGGACC-1,0,0,0,-1,-1,-1,7,11,0,23,31,0,6,12,0,11,43,0,21,25,0,0,0,0,23,29,0,-1,-1,-1
GTAAGTCAGGTCGTGA-1,0,15,0,0,49,0,31,43,0,2,17,3,0,9,0,30,6,0,-1,-1,-1,30,9,0,-1,-1,-1,1,1,0
I5,0,0,0,-1:0.99/1:0.008/2:0.001/3:0.006/4:0.001/7:0.008/14:0.009/15:0.009/16:0.001/17:0.008/18:0.007/19:0.006/20:0.003/25:0.001/26:0.003/27:0.002/28:0.002/30:0.003/31:0.001/36:0.001/38:0.001/39:0.001,-1:0.99/49:0.01,-1:0.99/,7,11,0,23,31,0,6,12,0,0,0,0,21,25,0,0,0,0,-1:0.99/23:0.01,-1:0.99/29:0.01,-1:0.99/1:0.006,-1:0.99/1:0.01,-1:0.99/1:0.01,-1:0.99/1:0.01
CCGTTCACACACGGAA-1,1,7,0,-1,-1,-1,7,11,0,23,31,0,6,12,0,0,0,0,21,25,0,7,13,0,-1,-1,-1,-1,-1,-1
TTAGGCACACACAGCC-1,0,0,0,-1,-1,-1,7,11,0,23,31,0,6,12,0,0,0,0,21,25,0,0,0,0,-1,-1,-1,-1,-1,-1
CGCCATTGTCCCGCAA-1,0,40,0,-1,-1,-1,7,11,0,23,31,0,0,0,0,0,0,0,21,25,0,0,33,0,-1,-1,-1,-1,-1,-1
I6,0,11,0,0:0.02/-1:0.97/1:0.008/2:0.001/3:0.006/4:0.001/7:0.008/14:0.009/15:0.009/16:0.001/17:0.008/18:0.007/19:0.006/20:0.003/25:0.001/26:0.003/27:0.002/28:0.002/30:0.003/31:0.001/36:0.001/38:0.001/39:0.001,0:0.02/-1:0.97/49:0.01,0:0.02/-1:0.97/,7,11,0,0,0,0,0,12,0,0,0,0,0:0.41/11:0.59,0:0.41/44:0.59,0,0,0,0,0:0.02/-1:0.97/23:0.01,0:0.02/-1:0.97/29:0.01,0:0.02/-1:0.97/1:0.006,0:0.02/-1:0.97/1:0.01,0:0.02/-1:0.97/1:0.01,0:0.02/-1:0.97/1:0.01
I7,0,11,0,-1:0.99/1:0.008/2:0.001/3:0.006/4:0.001/7:0.008/14:0.009/15:0.009/16:0.001/17:0.008/18:0.007/19:0.006/20:0.003/25:0.001/26:0.003/27:0.002/28:0.002/30:0.003/31:0.001/36:0.001/38:0.001/39:0.001,-1:0.99/49:0.01,-1:0.99/,7,11,0,0:0.02/7:0.98,0:0.01/12:0.99,0,0,12,0,0,0,0,0:0.29/11:0.71,0:0.29/44:0.71,0,0,0,0,-1:0.99/23:0.01,-1:0.99/29:0.01,-1:0.99/1:0.006,-1:0.99/1:0.01,-1:0.99/1:0.01,-1:0.99/1:0.01
AATCACGTCTGAGATC-1,0,11,0,-1,-1,-1,7,11,0,7,12,0,0,12,0,9,13,0,-1,-1,-1,0,7,0,-1,-1,-1,-1,-1,-1
TGTACAGCACGTCTCT-1,0,11,0,-1,-1,-1,7,11,0,7,12,0,0,12,0,38,52,0,11,44,0,9,48,0,-1,-1,-1,-1,-1,-1
GTCGTAATCATTTGTC-1,33,11,0,-1,-1,-1,7,11,0,0,17,0,0,12,0,34,44,0,-1,-1,-1,0,43,0,-1,-1,-1,-1,-1,-1
I8,0:0.01/1:0.99,1,0,0,0,0,0,2,0,0:0.01/2:0.99,0:0.01/2:0.99,0,2,2,0,0,0,0,0,0:0.34/22:0.66,0,1,1,0,0:0.02/-1:0.97/23:0.01,0:0.02/-1:0.97/29:0.01,0:0.02/-1:0.97/1:0.006,0:0.02/-1:0.97/1:0.01,0:0.02/-1:0.97/1:0.01,0:0.02/-1:0.97/1:0.01
I9,1,1,0,0,0,0,0,2,0,2,2,0,2,2,0,0:0.55/2:0.45,0:0.55/2:0.45,0,0:0.06/-1:0.93/1:0.002/3:0.001/6:0.006/7:0.001/9:0.001/10:0.008/11:0.008/12:0.009/16:0.003/19:0.007/20:0.009/22:0.001/23:0.002/24:0.008/26:0.002/27:0.005/28:0.003/31:0.002,0:0.02/-1:0.93/22:0.05,0:0.06/-1:0.93/2:0.001,1,1,0,-1,-1,-1,-1,-1,-1
AAAGGATTCGCACGAC-1,1,1,0,0,2,0,0,2,0,2,2,0,2,2,0,2,2,0,-1,-1,-1,1,1,0,-1,-1,-1,-1,-1,-1
CGTCAAAAGGGATCGT-1,1,1,0,1,38,0,0,2,0,2,2,0,2,2,0,-1,-1,-1,-1,-1,-1,1,1,0,-1,-1,-1,-1,-1,-1
ATAGACCTCTCTTCAA-1,1,1,0,-1,-1,-1,0,2,0,2,2,0,2,2,0,0,7,0,0,22,0,1,1,0,-1,-1,-1,-1,-1,-1
