	r1	r2	r3	r4	r5	r6	r7	r8	r9	r10	r11	r12	r13	r14	r15	r16	r17	r18	r19	r20	r21	r22	r23	r24	r25	r26	r27	r28	r29	r30
AAACCCAGTCTCTCAC-1	0	0	0	1	1	0	1	1	0	1	1	0	1	1	0	1	1	0	1	1	0	0	0	0	-1	-1	-1	-1	-1	-1
AAAGGATTCGCACGAC-1	1	1	0	0	2	0	0	2	0	2	2	0	2	2	0	2	2	0	-1	-1	-1	1	1	0	-1	-1	-1	-1	-1	-1
AAAGGTAAGAATTGTG-1	2	2	0	2	3	0	-1	-1	-1	3	3	0	3	3	0	3	3	0	2	2	0	2	2	1	-1	-1	-1	-1	-1	-1
AAAGGTATCAATGTCG-1	0	0	0	0	4	0	0	3	0	4	4	0	0	0	0	4	4	0	0	3	0	0	3	0	0	0	0	-1	-1	-1
AAAGGTATCGACTCCT-1	-1	-1	-1	0	5	0	0	0	0	2	5	0	4	4	0	0	0	0	-1	-1	-1	3	4	0	-1	-1	-1	-1	-1	-1
AAAGTCCAGCTCACTA-1	3	3	0	-1	-1	-1	0	4	0	0	0	0	4	5	0	4	5	0	0	4	0	4	5	0	-1	-1	-1	-1	-1	-1
AACAACCTCCTAACAG-1	0	3	0	0	6	0	0	0	0	5	5	0	-1	-1	-1	5	5	0	3	4	0	5	5	0	-1	-1	-1	-1	-1	-1
AACAAGACATTAGGAA-1	3	4	1	3	7	0	0	0	0	0	6	1	5	6	0	2	6	1	4	5	0	0	0	0	-1	-1	-1	-1	-1	-1
AACCAACTCGTTCAGA-1	0	0	0	0	8	0	0	0	0	0	0	2	0	0	0	0	7	0	0	0	0	0	6	2	1	1	0	-1	-1	-1
AACCATGAGTTGGACG-1	4	5	0	4	9	0	-1	-1	-1	0	5	0	4	7	0	-1	-1	-1	-1	-1	-1	6	7	0	-1	-1	-1	-1	-1	-1
AACCCAAAGACTTCGT-1	0	6	0	5	10	0	2	5	0	6	7	0	0	8	0	6	8	0	5	6	0	0	8	0	-1	-1	-1	-1	-1	-1
AACCCAAGTGGTTTGT-1	0	0	0	0	11	0	0	0	0	1	5	3	6	4	0	7	9	0	0	7	0	0	0	0	-1	-1	-1	-1	-1	-1
AACGAAATCCGATAAC-1	0	7	0	6	12	0	3	6	0	0	8	0	6	9	0	0	6	0	-1	-1	-1	0	9	0	-1	-1	-1	-1	-1	-1
AACGTCAGTTTACACG-1	5	8	0	1	9	0	0	7	0	0	9	0	0	0	0	2	10	0	0	0	0	0	10	3	-1	-1	-1	-1	-1	-1
AAGACAATCCACTTTA-1	3	9	0	7	9	0	4	8	0	5	10	0	0	0	0	2	11	0	-1	-1	-1	3	11	0	-1	-1	-1	-1	-1	-1
AAGACTCAGCAGTACG-1	0	0	0	0	0	0	0	0	0	0	0	0	0	0	0	0	0	0	0	0	0	0	0	0	2	2	0	-1	-1	-1
AAGACTCTCGGAGCAA-1	6	10	0	0	9	0	0	0	0	-1	-1	-1	0	6	0	8	5	0	-1	-1	-1	0	12	4	-1	-1	-1	-1	-1	-1
AAGGAATGTGACTAAA-1	7	0	0	0	2	0	5	9	0	2	11	0	0	10	0	0	12	0	6	8	0	7	13	0	-1	-1	-1	-1	-1	-1
AAGTGAAAGGATGCGT-1	-1	-1	-1	0	13	0	6	10	0	0	5	0	0	11	0	0	5	0	0	5	0	-1	-1	-1	-1	-1	-1	-1	-1	-1
AATCACGTCTGAGATC-1	0	11	0	-1	-1	-1	7	11	0	7	12	0	0	12	0	9	13	0	-1	-1	-1	0	7	0	-1	-1	-1	-1	-1	-1
AATGGAAAGCGTCAGA-1	0	12	0	0	0	0	8	12	1	8	13	0	0	9	0	10	14	0	-1	-1	-1	8	14	0	-1	-1	-1	-1	-1	-1
AATGGAATCTTTCGAT-1	0	11	0	1	1	0	1	1	0	1	1	0	1	1	0	1	1	0	-1	-1	-1	0	3	0	0	3	0	-1	-1	-1
AATGGCTAGCTAAATG-1	8	13	0	8	14	0	9	13	0	2	5	0	4	11	0	11	15	2	-1	-1	-1	0	4	0	3	4	0	-1	-1	-1
AATGGCTAGGGTGAAA-1	9	14	0	0	0	0	10	14	0	9	8	0	-1	-1	-1	0	16	0	-1	-1	-1	0	5	0	-1	-1	-1	-1	-1	-1
AATTCCTGTGGCTGCT-1	1	15	0	9	15	0	4	15	0	0	14	0	4	6	0	0	17	0	0	9	0	0	9	0	-1	-1	-1	-1	-1	-1
ACAACCAGTACGTAGG-1	0	0	0	0	0	0	0	0	0	10	15	0	0	0	0	-1	-1	-1	0	0	0	9	13	0	-1	-1	-1	-1	-1	-1
ACAAGCTTCCAAACCA-1	0	0	0	0	0	0	11	16	0	0	0	0	0	6	0	11	0	0	-1	-1	-1	0	0	0	0	5	0	-1	-1	-1
ACAGAAAAGTCGCCCA-1	10	16	0	0	9	0	4	17	0	11	0	0	5	13	0	12	18	0	-1	-1	-1	0	8	0	-1	-1	-1	-1	-1	-1
ACCAACATCACTAGCA-1	2	2	0	10	3	0	12	9	0	3	3	0	3	3	0	0	19	0	-1	-1	-1	10	15	0	4	6	0	-1	-1	-1
ACCCAAAGTATCGAGG-1	10	16	0	0	9	0	0	4	0	0	0	0	5	13	0	0	18	0	-1	-1	-1	0	8	0	-1	-1	-1	-1	-1	-1
ACCCAAAGTCAAGTTC-1	0	0	0	0	16	0	11	16	0	0	0	0	0	6	0	11	0	0	-1	-1	-1	11	16	0	0	5	0	-1	-1	-1
ACCCAAATCGTTCAGA-1	-1	-1	-1	1	1	0	1	1	0	1	1	0	1	1	0	1	1	0	-1	-1	-1	0	0	0	-1	-1	-1	-1	-1	-1
ACCGTTCCAGTCAGAG-1	6	10	0	0	9	0	4	18	2	0	8	0	0	6	0	8	5	0	-1	-1	-1	0	12	4	-1	-1	-1	-1	-1	-1
ACCGTTCGTCACCACG-1	6	10	0	0	9	0	0	0	0	0	0	0	0	6	0	8	5	0	-1	-1	-1	0	12	4	-1	-1	-1	-1	-1	-1
ACCGTTCTCTTCCGTG-1	-1	-1	-1	0	17	0	0	7	0	0	9	0	0	6	0	0	10	0	0	0	0	0	10	3	-1	-1	-1	-1	-1	-1
ACCTACCCAGAGAGGG-1	7	17	2	0	0	0	3	7	0	0	9	0	0	14	0	2	10	0	0	0	0	0	10	3	5	7	0	-1	-1	-1
ACGATCATCCGTTGGG-1	0	18	0	0	0	0	10	14	0	0	8	0	-1	-1	-1	0	16	0	7	10	0	6	8	0	-1	-1	-1	-1	-1	-1
ACGGAAGTCACGGAGA-1	4	3	0	1	18	0	4	0	0	12	5	0	0	0	0	13	5	0	0	4	0	0	5	0	-1	-1	-1	-1	-1	-1
ACGGTTAGTTAAGTCC-1	7	7	0	11	1	0	1	1	0	1	1	0	7	1	0	1	1	0	1	1	0	9	8	0	-1	-1	-1	-1	-1	-1
ACGTCCTTCCCTCTAG-1	6	10	0	0	9	0	0	3	0	0	8	0	0	6	0	8	5	0	0	11	0	0	12	4	-1	-1	-1	-1	-1	-1
ACTACGAAGGAGATAG-1	9	14	0	0	0	0	0	14	0	9	8	0	-1	-1	-1	0	16	0	0	0	0	0	0	0	6	8	0	-1	-1	-1
ACTATCTCAGAGTAAT-1	-1	-1	-1	0	0	0	13	6	0	9	8	0	0	15	0	0	0	0	0	0	0	0	0	0	-1	-1	-1	-1	-1	-1
ACTATTCGTCTGATAC-1	-1	-1	-1	12	19	1	-1	-1	-1	12	16	0	8	16	1	0	20	0	0	12	0	0	17	0	7	7	0	-1	-1	-1
ACTATTCGTGCAATGG-1	0	3	0	0	0	0	14	0	0	12	5	0	0	0	0	4	5	0	-1	-1	-1	12	5	0	2	9	0	-1	-1	-1
ACTCTCGGTGAGCGAT-1	6	10	0	0	20	0	0	0	0	0	8	0	0	6	0	0	5	0	8	13	0	0	12	4	8	10	0	-1	-1	-1
ACTGTCCTCGCAATTG-1	0	3	0	0	0	0	10	0	0	0	0	0	9	17	0	0	5	0	0	4	0	13	18	0	-1	-1	-1	-1	-1	-1
ACTTAGGGTTAGGGTG-1	3	19	3	0	0	0	9	9	0	13	5	4	0	4	0	14	21	0	0	7	0	6	8	0	-1	-1	-1	-1	-1	-1
ACTTCGCCAATAGAGT-1	0	0	0	0	0	0	0	0	0	0	0	0	0	0	0	0	0	0	9	14	0	0	0	0	-1	-1	-1	-1	-1	-1
ACTTTGTCAGCGGTCT-1	11	14	0	-1	-1	-1	4	14	0	9	8	0	-1	-1	-1	15	16	0	-1	-1	-1	3	11	0	-1	-1	-1	-1	-1	-1
AGAAGCGCAGTTCCAA-1	11	14	0	0	21	2	0	14	0	9	8	0	-1	-1	-1	0	16	0	-1	-1	-1	0	19	0	-1	-1	-1	-1	-1	-1
AGACAAATCCAACACA-1	3	4	1	3	7	0	0	0	0	0	6	1	5	6	0	2	6	1	0	15	1	0	0	0	0	11	0	-1	-1	-1
AGACAGGGTTGTGCAT-1	-1	-1	-1	0	4	0	0	3	0	4	4	0	0	6	0	4	4	0	0	3	0	0	3	0	-1	-1	-1	-1	-1	-1
AGACCATCAGACAATA-1	10	16	0	0	9	0	15	19	0	9	0	0	5	13	0	16	18	0	0	16	0	0	8	0	-1	-1	-1	-1	-1	-1
AGACCATCATCACCAA-1	0	0	0	0	7	0	0	0	0	2	17	0	10	18	0	3	3	0	0	17	0	13	20	0	-1	-1	-1	-1	-1	-1
AGAGCCCAGATGAATC-1	12	20	0	3	22	0	0	20	0	13	18	0	0	0	0	17	22	3	10	18	0	3	21	5	-1	-1	-1	-1	-1	-1
AGAGCCCAGTTTCGGT-1	2	2	0	2	3	0	0	0	0	3	3	0	3	3	0	0	0	0	0	19	0	3	2	1	0	0	0	-1	-1	-1
AGATAGACAGCTGAAG-1	0	0	0	0	0	0	0	0	0	0	0	0	0	0	0	0	0	0	0	19	0	0	0	0	-1	-1	-1	-1	-1	-1
AGCATCATCCTGATAG-1	0	0	0	13	23	0	16	4	0	14	19	0	11	19	0	0	5	0	8	13	0	3	9	0	-1	-1	-1	-1	-1	-1
AGCCACGGTCATCAGT-1	13	14	0	0	0	0	0	7	0	0	9	0	-1	-1	-1	0	10	0	-1	-1	-1	0	10	3	-1	-1	-1	-1	-1	-1
AGCGCCAGTCGTTGCG-1	2	2	0	1	24	0	0	0	0	3	3	0	3	3	0	11	5	0	0	19	0	0	8	0	9	12	0	-1	-1	-1
AGCGCTGGTTAAGAAC-1	0	21	0	14	9	0	0	21	0	12	20	0	0	20	0	18	23	4	0	20	0	12	22	0	-1	-1	-1	-1	-1	-1
AGCGTATTCGGAGTGA-1	14	22	0	14	25	0	17	9	0	-1	-1	-1	4	21	0	15	6	0	11	21	0	-1	-1	-1	-1	-1	-1	-1	-1	-1
AGCTCAACAGTTTCGA-1	6	10	0	0	20	0	10	9	0	0	8	0	0	6	0	0	5	0	-1	-1	-1	0	12	4	-1	-1	-1	-1	-1	-1
AGGAATACAGAGGTTG-1	0	6	0	-1	-1	-1	2	5	0	6	7	0	12	8	0	6	8	0	5	6	0	0	8	0	-1	-1	-1	-1	-1	-1
AGGCATTGTCGTTGGC-1	15	23	0	1	1	0	1	1	0	1	1	0	1	1	0	1	1	0	-1	-1	-1	0	0	0	-1	-1	-1	-1	-1	-1
AGGGAGTTCGCGTGAC-1	-1	-1	-1	7	9	0	0	0	0	1	1	0	0	22	0	0	0	0	0	12	0	12	23	0	-1	-1	-1	-1	-1	-1
AGTAACCCAGACTGCC-1	1	6	0	1	7	0	2	5	0	6	7	0	5	15	0	0	8	5	5	6	0	14	8	0	-1	-1	-1	-1	-1	-1
AGTAGCTTCAGCAATC-1	10	16	0	0	9	0	0	9	3	1	0	0	5	13	0	11	18	0	0	18	0	0	8	0	-1	-1	-1	-1	-1	-1
AGTCAACCACATCATG-1	0	9	0	7	9	0	4	8	0	5	10	0	10	23	0	2	11	0	-1	-1	-1	3	11	0	-1	-1	-1	-1	-1	-1
AGTCAACCAGCTGAGA-1	16	24	0	15	26	0	10	4	0	4	1	0	5	6	0	16	24	0	-1	-1	-1	3	5	0	-1	-1	-1	-1	-1	-1
AGTCTCCGTCACTCGG-1	10	16	0	0	9	0	-1	-1	-1	0	0	0	5	13	0	0	18	0	12	11	0	15	8	0	-1	-1	-1	-1	-1	-1
AGTCTCCTCTCCTACG-1	6	10	0	0	9	0	0	0	0	0	8	0	0	6	0	8	5	0	-1	-1	-1	0	12	4	-1	-1	-1	-1	-1	-1
AGTTCCCCACAGGATG-1	17	25	0	16	2	0	5	22	0	2	21	0	13	7	0	15	5	0	-1	-1	-1	0	7	0	2	13	0	-1	-1	-1
AGTTCGAGTAGTGATA-1	18	26	0	15	2	0	5	9	0	2	11	0	0	24	0	19	25	0	6	8	0	0	13	0	10	14	0	-1	-1	-1
ATACCGATCAGCGGAA-1	7	14	0	17	4	0	0	0	0	4	1	0	5	6	0	0	4	0	0	5	0	0	3	0	-1	-1	-1	-1	-1	-1
ATAGACCTCTCTTCAA-1	1	1	0	-1	-1	-1	0	2	0	2	2	0	2	2	0	0	7	0	0	22	0	1	1	0	-1	-1	-1	-1	-1	-1
ATCACGAAGCAAACAT-1	2	2	0	18	3	0	18	3	0	3	3	0	3	3	0	0	26	0	-1	-1	-1	13	15	0	11	15	0	-1	-1	-1
ATCACGACAGTGGCTC-1	0	27	4	1	1	0	0	3	0	1	22	0	-1	-1	-1	15	16	0	-1	-1	-1	3	8	0	-1	-1	-1	-1	-1	-1
ATCACGATCGACGATT-1	6	10	0	0	9	0	4	0	0	0	8	0	0	6	0	8	5	0	-1	-1	-1	0	12	4	-1	-1	-1	-1	-1	-1
ATCAGGTCAGCACGAA-1	3	18	0	19	27	0	4	23	0	0	23	0	-1	-1	-1	15	27	0	13	23	0	6	8	0	-1	-1	-1	-1	-1	-1
ATCCGTCAGGCACAAC-1	8	13	5	0	28	0	9	13	0	2	5	0	0	11	0	20	15	2	0	7	0	0	16	0	12	4	0	-1	-1	-1
ATCCGTCCAGGATTCT-1	0	18	0	-1	-1	-1	0	21	0	0	1	0	0	25	0	0	0	0	0	5	0	1	1	0	0	16	0	-1	-1	-1
ATCCTATAGCTGACAG-1	2	2	0	0	3	0	0	0	0	3	3	0	3	3	0	21	28	0	0	19	0	0	24	6	-1	-1	-1	-1	-1	-1
ATCGGATAGCGTTGTT-1	10	16	0	0	9	0	4	24	0	0	0	0	5	13	0	0	18	0	0	0	0	15	8	0	13	17	0	-1	-1	-1
ATCGTGACAGTTAAAG-1	0	0	0	0	8	0	11	16	0	0	0	0	0	6	0	11	0	0	-1	-1	-1	0	25	0	0	5	0	-1	-1	-1
ATCGTGATCCAAGCTA-1	11	14	0	0	0	0	0	14	0	9	8	0	-1	-1	-1	15	16	0	0	24	2	0	8	0	8	2	0	-1	-1	-1
ATCTCTACAAGGTCAG-1	4	28	0	1	29	0	1	1	0	0	0	0	-1	-1	-1	2	29	0	0	0	0	0	4	0	0	13	0	-1	-1	-1
ATGAGGGCAGGCACAA-1	0	28	0	0	29	0	1	1	0	15	24	0	10	6	0	0	29	0	-1	-1	-1	0	4	0	0	13	0	-1	-1	-1
ATGAGTCGTACCATAC-1	0	27	4	1	1	0	1	1	0	1	1	0	1	1	0	1	1	0	0	0	0	0	0	0	-1	-1	-1	-1	-1	-1
ATGATCGTCGACATCA-1	0	3	0	-1	-1	-1	5	0	0	0	5	0	0	26	0	0	5	0	-1	-1	-1	0	18	0	-1	-1	-1	-1	-1	-1
ATGGTTGGTTGGAGGT-1	4	3	0	-1	-1	-1	4	0	0	12	5	0	-1	-1	-1	13	5	0	0	4	0	0	5	0	-1	-1	-1	-1	-1	-1
ATGTCCCGTCAGTCCG-1	3	7	0	0	2	0	5	9	0	16	11	0	14	27	0	15	25	0	6	8	0	0	13	0	-1	-1	-1	-1	-1	-1
ATTACTCGTAGCTGCC-1	0	0	0	0	0	0	0	9	3	17	5	0	15	7	0	0	0	0	0	18	0	16	26	0	7	11	0	-1	-1	-1
ATTATCCCAGCAGATG-1	1	18	0	20	30	0	-1	-1	-1	18	5	0	-1	-1	-1	22	30	0	0	25	0	15	27	0	0	13	0	-1	-1	-1
ATTCATCTCTGCGTCT-1	0	6	0	0	0	0	2	5	0	6	7	0	16	8	0	6	8	6	5	6	0	0	0	0	-1	-1	-1	-1	-1	-1
ATTCCTACAGCCTACG-1	0	3	0	0	26	0	5	0	0	0	5	0	0	26	0	0	5	0	0	4	0	0	18	0	-1	-1	-1	-1	-1	-1
ATTCTACTCTAGATCG-1	2	2	0	2	3	0	-1	-1	-1	3	3	0	3	3	0	0	0	0	-1	-1	-1	17	2	1	-1	-1	-1	-1	-1	-1
ATTGGGTTCTTAAGGC-1	0	28	0	0	29	0	1	1	0	4	17	0	17	28	0	2	29	0	13	23	0	6	4	0	0	13	0	-1	-1	-1
ATTGTTCCACTCCACT-1	0	0	0	1	1	0	1	1	0	1	1	0	1	1	0	1	1	0	1	1	0	14	8	0	-1	-1	-1	-1	-1	-1
CAAAGAATCAACCGAT-1	4	3	0	0	0	0	4	0	0	12	5	0	0	0	0	13	5	0	-1	-1	-1	0	5	0	-1	-1	-1	-1	-1	-1
CAACAGTTCCCATGGG-1	1	18	0	20	30	0	0	0	0	0	5	0	-1	-1	-1	22	30	0	14	11	0	0	27	0	-1	-1	-1	-1	-1	-1
CAACGATAGGCCCGTT-1	19	29	0	15	31	0	4	0	0	19	25	5	0	0	0	11	31	0	0	4	0	3	5	0	-1	-1	-1	-1	-1	-1
CAACGATCAAATCAAG-1	6	10	0	0	20	0	-1	-1	-1	-1	-1	-1	0	6	0	23	5	0	-1	-1	-1	0	12	4	-1	-1	-1	-1	-1	-1
CAAGAGGCAGACATCT-1	16	24	0	0	26	0	10	4	0	4	1	0	5	6	0	24	24	0	15	26	3	3	5	0	-1	-1	-1	-1	-1	-1
CACCAAAAGTAAGAGG-1	0	0	0	0	32	0	0	9	0	20	5	0	0	29	0	2	19	0	0	12	0	0	9	0	0	17	0	-1	-1	-1
CACGAATGTCGCATCG-1	-1	-1	-1	13	23	0	0	7	0	0	9	0	17	28	0	15	10	0	16	10	0	0	10	3	-1	-1	-1	-1	-1	-1
CACGGGTAGAGTCAAT-1	0	28	0	1	29	0	1	1	0	0	26	0	0	30	0	2	29	0	-1	-1	-1	3	4	0	-1	-1	-1	-1	-1	-1
CACGTGGTCTCTGCCA-1	2	2	0	2	3	0	-1	-1	-1	3	3	0	3	3	0	0	0	0	0	19	0	6	2	1	-1	-1	-1	-1	-1	-1
CACTGAAGTTTACCAG-1	-1	-1	-1	14	33	0	0	0	0	0	27	0	18	22	0	11	32	7	-1	-1	-1	3	8	0	-1	-1	-1	-1	-1	-1
CACTTCGTCCCTCGAT-1	-1	-1	-1	21	34	0	0	7	0	0	9	0	19	31	0	0	10	0	0	0	0	0	10	3	-1	-1	-1	-1	-1	-1
CAGATACGTGCGAGTA-1	3	3	0	0	2	0	5	9	0	0	11	0	14	27	0	-1	-1	-1	6	8	0	18	13	0	-1	-1	-1	-1	-1	-1
CAGATTGGTTGAGGAC-1	3	30	0	17	33	0	19	25	0	-1	-1	-1	18	22	0	11	32	0	17	27	0	19	8	0	-1	-1	-1	-1	-1	-1
CAGCAATGTCCAGAAG-1	3	31	0	0	0	0	0	7	0	0	9	0	5	32	0	0	10	0	0	0	0	0	10	3	14	18	0	-1	-1	-1
CAGCACGGTGAGTAAT-1	0	32	0	0	9	0	0	7	0	0	9	0	0	0	0	0	10	0	-1	-1	-1	0	10	3	-1	-1	-1	-1	-1	-1
CAGCAGCCAACCGCTG-1	6	10	0	0	9	0	0	0	0	0	0	0	0	6	0	8	5	0	-1	-1	-1	0	12	4	-1	-1	-1	-1	-1	-1
CAGCAGCGTTTGCAGT-1	1	15	0	9	15	0	0	0	0	0	14	0	4	6	0	0	0	0	0	9	0	4	9	0	15	3	0	-1	-1	-1
CAGCCAGAGTGGAAAG-1	11	14	0	0	35	0	20	14	0	9	8	0	-1	-1	-1	0	16	0	-1	-1	-1	0	0	0	0	19	0	-1	-1	-1
CAGGCCACAAATCGTC-1	0	33	6	0	7	0	0	0	0	2	17	0	0	18	0	3	3	0	0	17	0	13	20	0	-1	-1	-1	-1	-1	-1
CAGTGCGTCAAGAAAC-1	0	0	0	0	0	0	0	0	0	0	0	0	0	0	0	0	0	0	0	0	0	0	28	0	-1	-1	-1	-1	-1	-1
CATAAGCAGCACCTGC-1	2	2	0	2	3	0	0	0	0	3	3	0	3	3	0	-1	-1	-1	-1	-1	-1	3	2	1	-1	-1	-1	-1	-1	-1
CATAAGCCACTTCAGA-1	0	34	0	0	0	0	0	7	0	0	9	0	0	0	0	0	10	0	-1	-1	-1	0	10	3	-1	-1	-1	-1	-1	-1
CATACTTCAATCCTAG-1	20	35	0	0	2	0	5	9	0	16	11	0	14	27	0	15	25	0	-1	-1	-1	0	13	0	-1	-1	-1	-1	-1	-1
CATCGGGGTAAGGCTG-1	-1	-1	-1	0	9	0	8	12	1	8	13	0	0	9	0	10	14	0	-1	-1	-1	8	14	0	-1	-1	-1	-1	-1	-1
CATCGTCTCGGAGTAG-1	0	3	0	-1	-1	-1	0	26	4	0	0	0	-1	-1	-1	15	6	0	18	4	0	0	5	0	-1	-1	-1	-1	-1	-1
CATGCCTAGCTGACAG-1	0	3	0	-1	-1	-1	0	0	0	12	5	0	0	26	0	2	5	0	-1	-1	-1	0	5	0	-1	-1	-1	-1	-1	-1
CATTCCGAGGAAAGGT-1	0	36	0	-1	-1	-1	5	9	0	2	11	0	20	10	0	25	19	0	6	8	0	12	13	0	-1	-1	-1	-1	-1	-1
CATTCTAAGAATTGTG-1	0	37	0	0	9	0	21	27	0	2	28	0	0	9	0	0	33	0	-1	-1	-1	-1	-1	-1	0	5	0	-1	-1	-1
CATTGTTGTGTCTTGA-1	9	14	0	22	36	0	3	14	0	9	8	0	-1	-1	-1	4	16	0	-1	-1	-1	20	29	7	-1	-1	-1	-1	-1	-1
CATTGTTTCATCAGTG-1	21	38	0	0	0	0	4	0	0	5	5	0	21	33	0	11	5	0	12	28	0	3	5	0	-1	-1	-1	-1	-1	-1
CATTTCACACTGATTG-1	7	5	0	23	7	0	0	0	0	21	29	6	4	34	0	26	34	0	0	11	0	21	30	0	-1	-1	-1	-1	-1	-1
CATTTCAGTCACTTCC-1	10	16	0	0	9	0	22	28	0	22	30	0	5	13	0	0	35	0	-1	-1	-1	15	8	0	-1	-1	-1	-1	-1	-1
CCAAGCGAGGTACAAT-1	12	20	0	0	22	0	4	20	0	0	18	0	0	0	0	4	19	0	6	8	0	3	21	5	5	3	0	-1	-1	-1
CCAAGCGGTCCTTGTC-1	2	2	0	18	3	0	0	0	0	3	3	0	3	3	0	4	36	0	-1	-1	-1	13	15	0	0	3	0	-1	-1	-1
CCACTTGGTTAGGAGC-1	3	3	0	24	37	0	0	4	0	0	5	0	22	35	1	4	5	0	0	4	0	-1	-1	-1	-1	-1	-1	-1	-1	-1
CCATCACGTCGGAAAC-1	0	0	0	0	7	0	-1	-1	-1	2	17	0	0	18	0	3	3	0	0	17	0	13	20	0	-1	-1	-1	-1	-1	-1
CCCGAAGTCAAGTTGC-1	22	14	0	0	29	0	0	14	0	9	8	0	-1	-1	-1	0	16	0	-1	-1	-1	3	8	0	6	8	0	-1	-1	-1
CCCTCAAAGTATGAGT-1	0	3	0	-1	-1	-1	0	0	0	12	5	0	6	22	0	2	5	0	19	4	0	0	5	0	-1	-1	-1	-1	-1	-1
CCCTCTCCAGACTGCC-1	0	27	0	0	0	0	4	3	0	0	22	0	-1	-1	-1	4	16	0	0	28	0	0	8	0	0	20	0	-1	-1	-1
CCGAACGGTGTGTCCG-1	23	15	0	7	38	0	23	29	0	5	5	7	12	36	0	4	37	0	-1	-1	-1	6	31	0	16	21	0	-1	-1	-1
CCGCAAGCACGTACAT-1	12	20	0	0	22	0	0	20	0	0	18	0	0	0	0	17	22	3	6	8	0	3	21	5	-1	-1	-1	-1	-1	-1
CCGGGTAAGTGCGACA-1	24	39	0	0	7	0	-1	-1	-1	2	17	0	10	18	0	3	3	0	0	17	0	13	20	0	-1	-1	-1	-1	-1	-1
CCGGGTAGTATGAGGC-1	4	15	0	0	2	0	5	9	0	2	11	0	0	10	0	0	16	0	6	8	0	7	13	0	2	13	0	-1	-1	-1
CCGGGTATCTGGCCAG-1	0	0	0	0	0	0	11	16	0	0	0	0	0	6	0	11	0	0	20	29	0	0	0	0	0	5	0	-1	-1	-1
CCGTTCACACACGGAA-1	1	7	0	-1	-1	-1	7	11	0	23	31	0	6	12	0	0	0	0	21	25	0	7	13	0	-1	-1	-1	-1	-1	-1
CCTACGTTCCATGATG-1	2	2	0	0	3	0	9	6	0	3	3	0	3	3	0	11	38	0	-1	-1	-1	0	9	0	0	17	0	-1	-1	-1
CCTCAACTCGTAGGAG-1	0	0	0	0	0	0	0	9	0	0	5	0	0	0	0	0	19	0	22	21	0	0	0	0	17	22	0	-1	-1	-1
CCTCAGTTCAGGCGAA-1	0	27	0	0	0	0	0	3	0	1	22	0	-1	-1	-1	15	16	0	-1	-1	-1	3	8	0	-1	-1	-1	-1	-1	-1
CCTCAGTTCATCACCC-1	6	10	0	0	20	0	10	20	0	0	8	0	0	6	0	23	5	0	-1	-1	-1	0	12	4	18	23	0	-1	-1	-1
CCTCCAAAGACGACGT-1	0	3	0	-1	-1	-1	0	0	0	5	5	0	0	37	0	5	5	0	3	4	0	5	5	0	-1	-1	-1	-1	-1	-1
CCTCTAGAGACCAAAT-1	0	11	0	1	1	0	1	1	0	1	1	0	1	1	0	1	1	0	1	1	0	22	32	0	-1	-1	-1	-1	-1	-1
CCTGTTGAGGCTAAAT-1	0	14	0	0	13	0	6	10	0	0	5	0	0	11	0	0	5	0	0	5	0	-1	-1	-1	-1	-1	-1	-1	-1	-1
CCTTCAGCACGTACTA-1	25	14	0	1	1	0	1	1	0	1	1	0	1	1	0	1	1	0	1	1	0	3	4	0	-1	-1	-1	-1	-1	-1
CGAAGTTGTTATGGTC-1	12	20	0	0	22	0	4	9	0	12	18	0	23	38	0	15	17	0	6	8	0	3	21	5	19	17	1	-1	-1	-1
CGAGGCTTCTCGGTCT-1	0	34	0	15	2	0	5	9	0	2	11	0	4	10	0	19	25	0	6	8	0	0	13	0	-1	-1	-1	-1	-1	-1
CGATCGGCACGGTAGA-1	6	10	0	0	9	0	0	0	0	-1	-1	-1	0	6	0	8	5	0	-1	-1	-1	0	12	4	-1	-1	-1	-1	-1	-1
CGATGCGTCCGCGAGT-1	2	2	0	2	3	0	-1	-1	-1	3	3	0	3	3	0	0	7	0	23	30	0	3	2	1	7	24	0	-1	-1	-1
CGCCAGAGTCATGGCC-1	0	28	0	0	29	0	1	1	0	0	27	0	11	19	0	0	29	0	-1	-1	-1	3	4	0	0	13	0	-1	-1	-1
CGCCATTCACGACTAT-1	23	15	0	7	38	0	23	29	0	5	5	7	12	36	0	4	37	0	-1	-1	-1	6	31	0	16	21	0	-1	-1	-1
CGCCATTCAGATTAAG-1	0	28	0	1	29	0	1	1	0	24	32	0	24	39	2	2	29	0	-1	-1	-1	0	4	0	7	13	0	-1	-1	-1
CGCCATTGTCCCGCAA-1	0	40	0	-1	-1	-1	7	11	0	23	31	0	0	0	0	0	0	0	21	25	0	0	33	0	-1	-1	-1	-1	-1	-1
CGCGTGAGTGAGAACC-1	0	41	0	0	2	0	5	9	0	2	11	0	0	10	0	0	0	0	6	8	0	23	13	0	-1	-1	-1	-1	-1	-1
CGGAACCGTGACCGAA-1	9	14	0	1	1	0	24	14	0	9	8	0	-1	-1	-1	0	16	0	-1	-1	-1	9	34	0	-1	-1	-1	-1	-1	-1
CGGAATTTCTACGGTA-1	0	28	0	-1	-1	-1	1	1	0	0	0	0	-1	-1	-1	2	29	0	-1	-1	-1	0	4	0	0	13	0	-1	-1	-1
CGGACACCAGCAGTTT-1	4	5	0	25	2	0	5	9	0	0	11	0	14	27	0	9	25	0	6	8	0	0	13	0	-1	-1	-1	-1	-1	-1
CGGACACTCGTCTAAG-1	0	28	0	26	29	0	1	1	0	9	33	0	-1	-1	-1	4	29	0	19	31	0	19	4	0	-1	-1	-1	-1	-1	-1
CGGGACTTCAGCATTG-1	10	16	0	0	9	0	-1	-1	-1	1	0	0	5	13	0	11	18	0	-1	-1	-1	0	8	0	7	7	0	-1	-1	-1
CGGGCATGTGACTCTA-1	0	0	0	1	1	0	1	1	0	1	1	0	1	1	0	1	1	0	1	1	0	4	8	0	-1	-1	-1	-1	-1	-1
CGGGCATTCGTGACTA-1	0	0	0	0	4	0	0	3	0	4	4	0	0	0	0	0	0	0	0	3	0	0	0	0	-1	-1	-1	-1	-1	-1
CGGGTCACACCCTATC-1	0	5	5	0	39	0	24	29	0	0	0	0	6	40	0	0	19	0	0	32	4	6	3	0	-1	-1	-1	-1	-1	-1
CGTAGTAAGACCAGAC-1	0	0	0	0	6	0	0	7	0	0	9	0	6	41	0	15	10	0	0	0	0	0	10	3	20	10	0	-1	-1	-1
CGTCAAAAGGGATCGT-1	1	1	0	1	38	0	0	2	0	2	2	0	2	2	0	-1	-1	-1	-1	-1	-1	1	1	0	-1	-1	-1	-1	-1	-1
CGTGTCTCAAATGATG-1	0	0	0	7	2	0	5	9	0	2	11	0	20	10	0	0	0	0	6	8	0	0	13	0	-1	-1	-1	-1	-1	-1
CTAACCCCAGTTAGGG-1	3	42	0	1	1	0	1	1	0	1	1	0	1	1	0	1	1	0	1	1	0	24	4	0	-1	-1	-1	-1	-1	-1
CTACAGACATCGAAGG-1	0	0	0	0	2	0	5	9	0	2	11	0	0	10	0	27	25	0	6	8	0	0	13	0	-1	-1	-1	-1	-1	-1
CTACCTGGTTACCCTC-1	0	34	0	27	2	0	5	9	0	2	11	1	25	10	0	4	25	1	6	8	0	0	13	0	0	25	0	-1	-1	-1
CTCAGAACAACTGAAA-1	0	0	0	0	0	0	0	0	0	0	0	0	0	22	0	0	0	0	-1	-1	-1	0	0	0	-1	-1	-1	-1	-1	-1
CTCCCAAAGTGCCAGA-1	0	3	0	28	40	0	5	30	0	0	5	0	26	26	0	-1	-1	-1	-1	-1	-1	0	18	0	0	26	0	-1	-1	-1
CTCCCAATCCGAGCTG-1	3	6	0	1	41	0	25	31	0	0	8	0	27	42	0	11	39	0	-1	-1	-1	0	28	0	-1	-1	-1	-1	-1	-1
CTCCTCCTCGACGAGA-1	12	20	0	17	22	0	4	9	0	0	18	0	0	11	0	15	17	0	6	8	0	3	21	5	-1	-1	-1	-1	-1	-1
CTCCTTTAGAGGCGTT-1	0	34	0	0	0	0	0	0	0	0	0	0	0	0	0	0	0	0	19	25	0	0	8	0	-1	-1	-1	-1	-1	-1
CTCCTTTAGGCACTAG-1	26	43	0	29	42	3	3	9	0	12	1	0	5	6	0	28	40	0	0	33	0	25	35	0	-1	-1	-1	-1	-1	-1
CTCCTTTTCCCACAGG-1	0	44	0	15	4	0	0	3	0	4	4	0	0	43	0	0	4	0	0	3	0	0	3	0	-1	-1	-1	-1	-1	-1
CTCTCGAAGAATGTTG-1	0	0	0	0	0	0	0	0	0	0	0	0	0	0	0	0	0	0	0	28	0	0	0	0	7	7	0	-1	-1	-1
CTGCAGGCAGACCGCT-1	0	0	0	0	8	0	0	0	0	0	0	0	0	0	0	0	7	0	0	0	0	0	6	2	-1	-1	-1	-1	-1	-1
CTGCAGGGTATCAGGG-1	4	3	0	0	29	0	4	0	0	12	5	0	0	6	0	13	5	0	0	4	0	0	5	0	-1	-1	-1	-1	-1	-1
CTGCATCTCATGCCAA-1	18	26	0	0	43	0	12	3	0	23	31	0	0	26	0	23	41	0	-1	-1	-1	14	18	0	21	27	0	-1	-1	-1
CTGCTCAAGTAACGAT-1	10	16	0	0	9	0	0	0	0	0	0	0	0	13	0	29	18	0	-1	-1	-1	0	8	0	-1	-1	-1	-1	-1	-1
CTGGACGGTTCAACGT-1	-1	-1	-1	15	2	0	5	9	0	2	11	0	5	10	0	19	25	0	6	8	0	0	13	0	-1	-1	-1	-1	-1	-1
CTGTAGAAGAGGGTAA-1	0	37	0	0	9	0	21	27	0	12	34	0	0	9	0	0	0	0	-1	-1	-1	26	36	0	22	5	0	-1	-1	-1
CTGTATTGTAGGTGCA-1	27	45	0	0	0	0	5	9	0	2	11	0	20	10	0	-1	-1	-1	6	8	0	12	13	0	-1	-1	-1	-1	-1	-1
CTGTCGTGTCTGGTTA-1	3	9	0	7	9	0	4	8	0	5	10	0	0	0	0	2	11	0	24	34	0	3	11	0	4	6	0	-1	-1	-1
CTTCGGTTCGGTAACT-1	0	46	0	13	23	0	16	4	0	14	19	0	11	19	0	0	0	0	-1	-1	-1	0	9	0	0	3	0	-1	-1	-1
CTTCTCTGTTGCTGAT-1	23	15	0	7	38	0	23	29	0	0	5	7	12	36	0	4	37	0	-1	-1	-1	6	31	0	16	21	0	-1	-1	-1
CTTGATTCAGAACTCT-1	6	10	0	0	9	0	-1	-1	-1	0	35	0	0	6	0	8	5	0	-1	-1	-1	0	12	4	-1	-1	-1	-1	-1	-1
GAACTGTTCCGCGAGT-1	6	10	0	0	20	0	0	32	0	0	8	0	0	6	0	0	5	0	-1	-1	-1	0	12	4	-1	-1	-1	-1	-1	-1
GAAGAATGTAGGCAGT-1	0	18	0	0	0	0	0	33	0	0	8	0	1	30	0	4	6	0	25	35	0	0	37	0	-1	-1	-1	-1	-1	-1
GACAGCCGTGCGACAA-1	0	0	0	0	2	0	5	9	0	2	11	0	0	10	0	4	25	0	6	8	0	0	13	8	-1	-1	-1	-1	-1	-1
GACCAATGTTCAGCGC-1	2	2	0	0	3	0	4	0	0	3	3	0	3	3	0	0	6	0	-1	-1	-1	0	0	0	0	17	0	-1	-1	-1
GACCGTGGTCACTTAG-1	-1	-1	-1	30	9	0	0	0	0	0	0	0	0	30	0	15	18	0	0	25	0	6	20	0	0	3	0	-1	-1	-1
GACGCTGAGGATTTAG-1	4	3	0	0	0	0	4	0	0	12	5	0	6	41	0	13	5	0	-1	-1	-1	0	5	0	5	7	0	-1	-1	-1
GAGACCCCACTACAGT-1	0	0	0	0	2	0	5	9	0	2	11	0	0	10	0	0	6	0	6	8	0	7	13	0	-1	-1	-1	-1	-1	-1
GAGGCAACAACCTAAC-1	6	10	0	0	20	0	0	34	0	0	8	0	0	6	0	0	5	0	-1	-1	-1	0	12	4	-1	-1	-1	-1	-1	-1
GAGGGATAGTCACTCA-1	3	3	0	12	19	1	0	4	0	12	16	0	8	16	1	4	5	0	-1	-1	-1	0	17	0	7	7	0	-1	-1	-1
GAGGGTACAAAGTGTA-1	7	7	0	11	1	0	1	1	0	1	1	0	-1	-1	-1	1	1	0	1	1	0	0	0	0	-1	-1	-1	-1	-1	-1
GAGTCATTCGAAATCC-1	6	10	0	0	20	0	26	35	0	0	8	0	0	6	0	23	5	0	12	36	0	0	12	4	5	28	0	-1	-1	-1
GATCGTATCTCCGATC-1	28	18	0	27	38	0	0	0	0	25	1	0	0	0	0	30	6	0	-1	-1	-1	12	38	9	0	25	0	-1	-1	-1
GATGAGGTCGCTCTAC-1	29	15	0	9	15	0	0	0	0	0	14	0	6	44	0	31	42	8	0	9	0	0	9	0	-1	-1	-1	-1	-1	-1
GATTCTTGTACCATAC-1	3	7	0	1	1	0	1	1	0	1	1	0	28	1	0	1	1	0	1	1	0	0	3	0	-1	-1	-1	-1	-1	-1
GCACGGTTCACGAACT-1	4	7	0	6	12	0	3	6	0	4	1	0	0	9	0	2	6	0	-1	-1	-1	0	9	0	7	13	0	-1	-1	-1
GCAGCTGAGATGTTAG-1	0	0	0	0	13	0	6	10	0	0	5	0	0	11	0	0	5	0	0	5	0	-1	-1	-1	-1	-1	-1	-1	-1	-1
GCATCTCGTCGCCTAG-1	0	14	0	0	13	0	6	10	0	0	5	0	0	11	0	0	5	0	0	5	0	-1	-1	-1	-1	-1	-1	-1	-1	-1
GCATCTCGTTAACCTG-1	9	14	0	31	44	0	27	36	0	9	8	0	-1	-1	-1	32	16	0	-1	-1	-1	27	8	0	-1	-1	-1	-1	-1	-1
GCATCTCTCCAGGACC-1	0	0	0	-1	-1	-1	7	11	0	23	31	0	6	12	0	11	43	0	21	25	0	0	0	0	23	29	0	-1	-1	-1
GCATGATCAAGTGACG-1	3	3	0	0	0	0	0	4	0	0	0	0	0	0	0	4	5	0	-1	-1	-1	0	5	10	-1	-1	-1	-1	-1	-1
GCATTAGGTATGTCCA-1	0	37	0	0	9	0	21	27	0	26	4	0	0	9	0	0	0	0	-1	-1	-1	28	39	0	0	5	0	-1	-1	-1
GCCAGCAGTTCCTACC-1	6	10	0	0	20	0	0	37	0	0	8	0	0	6	0	0	5	0	-1	-1	-1	0	12	4	-1	-1	-1	-1	-1	-1
GCCAGGTGTGGCGCTT-1	6	10	0	0	20	0	-1	-1	-1	0	8	0	0	6	0	0	5	0	-1	-1	-1	0	12	4	-1	-1	-1	-1	-1	-1
GCCATGGAGACCAAAT-1	0	14	0	17	4	0	0	0	0	0	0	0	0	0	0	0	4	0	0	5	0	0	3	0	-1	-1	-1	-1	-1	-1
GCCCAGAAGACATCCT-1	10	16	0	0	9	0	0	38	5	0	0	0	5	13	0	16	18	0	-1	-1	-1	20	35	0	-1	-1	-1	-1	-1	-1
GCCCAGAGTCTGTCAA-1	0	3	0	32	45	4	28	0	0	0	0	0	0	0	0	0	0	0	0	4	0	0	5	0	-1	-1	-1	-1	-1	-1
GCCGATGAGATAGCAT-1	12	20	0	15	22	0	16	20	0	0	18	0	0	0	0	17	22	3	6	8	0	3	21	5	0	0	0	-1	-1	-1
GCGGATCAGGAAGTAG-1	0	3	0	7	46	5	16	0	0	0	0	0	0	45	0	0	35	0	0	4	0	0	5	0	-1	-1	-1	-1	-1	-1
GCGGATCCAATAGAGT-1	0	0	0	30	9	0	-1	-1	-1	0	36	0	0	30	0	15	18	0	0	25	0	6	20	0	-1	-1	-1	-1	-1	-1
GCGTGCAAGCTGGAGT-1	11	14	0	0	0	0	0	14	0	0	8	0	-1	-1	-1	15	16	0	-1	-1	-1	9	9	0	-1	-1	-1	-1	-1	-1
GCTCAAAGTAGACACG-1	0	47	0	0	5	0	29	39	0	4	17	0	13	7	0	0	5	0	-1	-1	-1	0	7	0	-1	-1	-1	-1	-1	-1
GCTTCACCAGGCAATG-1	0	34	0	0	13	0	6	10	0	0	5	0	0	11	0	0	5	0	0	5	0	-1	-1	-1	-1	-1	-1	-1	-1	-1
GCTTTCGGTGTGTGTT-1	23	15	0	7	38	0	23	29	0	0	5	7	12	36	0	4	37	0	-1	-1	-1	6	31	0	16	21	0	-1	-1	-1
GGAATCTAGGATTTGA-1	30	18	0	-1	-1	-1	4	23	0	27	23	0	-1	-1	-1	15	27	0	13	23	0	-1	-1	-1	-1	-1	-1	-1	-1	-1
GGAGGTACAAGAATGT-1	2	2	0	0	3	0	16	6	0	3	3	0	3	3	0	11	5	9	-1	-1	-1	29	40	0	-1	-1	-1	-1	-1	-1
GGGACCTTCGAACGGA-1	0	3	0	-1	-1	-1	0	0	0	12	5	0	0	0	0	2	5	0	-1	-1	-1	0	5	0	-1	-1	-1	-1	-1	-1
GGGACTCGTGTTCCTC-1	-1	-1	-1	0	47	0	10	40	0	25	1	0	0	46	0	11	6	0	0	37	5	12	38	9	-1	-1	-1	-1	-1	-1
GGGTATTCACCAAAGG-1	0	14	0	0	48	0	4	41	0	0	37	0	3	3	0	0	17	0	0	19	0	4	41	11	-1	-1	-1	-1	-1	-1
GGTAACTCACTACACA-1	0	3	0	19	27	0	0	0	0	12	5	0	0	9	0	4	5	0	0	4	0	12	5	0	0	13	0	-1	-1	-1
GGTAATCTCACGACTA-1	10	16	0	0	9	0	-1	-1	-1	0	0	0	1	13	0	29	18	0	-1	-1	-1	0	8	0	-1	-1	-1	-1	-1	-1
GGTGATTAGTTTCGGT-1	3	7	0	1	1	0	1	1	0	1	1	0	28	1	0	1	1	0	-1	-1	-1	0	0	0	-1	-1	-1	-1	-1	-1
GGTGTCGGTTAAGGGC-1	11	14	0	11	1	0	12	14	0	9	8	0	-1	-1	-1	0	16	0	-1	-1	-1	0	3	0	-1	-1	-1	-1	-1	-1
GGTTCTCGTGCCTTCT-1	6	10	0	0	9	0	30	42	0	0	38	0	0	6	0	8	5	0	20	12	6	0	12	4	-1	-1	-1	-1	-1	-1
GGTTGTAAGTCGAAAT-1	0	18	0	20	30	0	4	9	0	1	5	0	-1	-1	-1	33	30	0	-1	-1	-1	13	42	0	-1	-1	-1	-1	-1	-1
GGTTGTAGTCCGGCAT-1	0	0	0	1	2	0	5	9	0	2	11	0	1	10	0	23	25	0	6	8	0	0	13	0	-1	-1	-1	-1	-1	-1
GTAACACCAAGGGTCA-1	0	6	0	17	7	0	2	5	0	6	7	0	29	22	0	16	8	0	5	6	0	14	8	0	23	29	0	-1	-1	-1
GTAACACGTAACAGTA-1	-1	-1	-1	30	9	0	-1	-1	-1	28	39	0	30	30	0	15	18	0	0	25	0	6	20	0	-1	-1	-1	-1	-1	-1
GTAACACGTTTCTATC-1	31	48	0	0	9	0	0	0	0	0	27	0	0	47	0	0	0	0	26	38	0	0	4	0	15	30	0	-1	-1	-1
GTAAGTCAGGTCGTGA-1	0	15	0	0	49	0	31	43	0	2	17	3	0	9	0	30	6	0	-1	-1	-1	30	9	0	-1	-1	-1	1	1	0
GTAGATCCAGAACTCT-1	8	13	0	1	14	0	9	13	0	2	5	0	4	11	0	11	15	2	27	5	0	-1	-1	-1	3	4	0	-1	-1	-1
GTAGATCCATCATGAC-1	32	49	0	14	33	0	4	4	0	0	0	0	18	22	0	11	32	0	-1	-1	-1	3	8	0	-1	-1	-1	-1	-1	-1
GTAGATCGTTGGTAGG-1	0	15	0	1	1	0	1	1	0	1	1	0	1	1	0	1	1	0	-1	-1	-1	0	0	0	-1	-1	-1	-1	-1	-1
GTAGGTTAGAAACTCA-1	3	50	0	0	0	0	0	9	0	0	0	0	13	7	0	34	44	0	0	39	0	13	7	0	-1	-1	-1	-1	-1	-1
GTCAAACCACCGTGCA-1	9	14	0	17	14	0	24	14	0	0	8	0	-1	-1	-1	0	16	0	-1	-1	-1	-1	-1	-1	-1	-1	-1	-1	-1	-1
GTCCCATCAGACCGCT-1	-1	-1	-1	0	0	0	0	7	0	0	9	0	0	10	0	11	10	0	0	0	0	0	10	3	-1	-1	-1	-1	-1	-1
GTCGCGATCGAAGTGG-1	0	50	0	0	0	0	8	12	1	8	13	0	0	9	0	10	14	0	-1	-1	-1	8	14	0	-1	-1	-1	-1	-1	-1
GTCGTAATCATTTGTC-1	33	11	0	-1	-1	-1	7	11	0	0	17	0	0	12	0	34	44	0	-1	-1	-1	0	43	0	-1	-1	-1	-1	-1	-1
GTGAGGACAGACCCGT-1	0	51	0	12	19	1	0	0	0	-1	-1	-1	8	16	0	7	45	0	-1	-1	-1	20	17	0	-1	-1	-1	-1	-1	-1
GTGCAGCCAGTATACC-1	-1	-1	-1	0	0	0	0	0	0	0	0	0	13	7	0	5	46	0	-1	-1	-1	0	7	0	10	14	0	-1	-1	-1
GTGGAGACACTTGTGA-1	6	10	0	0	9	0	10	4	0	0	8	0	0	6	0	8	5	0	-1	-1	-1	0	12	4	-1	-1	-1	-1	-1	-1
GTGTGGCGTTGGGATG-1	7	28	0	0	29	0	1	1	0	29	17	0	0	0	0	2	29	0	0	24	2	0	4	0	0	13	0	-1	-1	-1
GTTACAGCATGAAAGT-1	29	3	0	-1	-1	-1	0	0	0	12	5	0	0	48	0	2	5	0	0	4	0	0	5	0	-1	-1	-1	-1	-1	-1
GTTATGGGTTTACTTC-1	7	52	0	1	1	0	1	1	0	1	1	0	1	1	0	1	1	0	1	1	0	0	0	0	-1	-1	-1	-1	-1	-1
GTTATGGTCGGTAAGG-1	0	0	0	0	0	0	0	7	0	0	9	0	0	0	0	0	10	0	0	0	0	0	10	3	-1	-1	-1	-1	-1	-1
GTTCATTTCCGTGTCT-1	0	18	0	20	30	0	-1	-1	-1	1	5	0	0	0	0	15	30	0	-1	-1	-1	13	42	0	0	17	0	-1	-1	-1
GTTCGCTCAATTGCTG-1	0	6	0	0	0	0	2	5	0	6	7	0	0	0	0	6	8	0	5	6	0	6	8	0	2	9	0	-1	-1	-1
GTTCGCTTCGCCGATG-1	0	0	0	1	1	0	1	1	0	1	1	0	1	1	0	1	1	0	1	1	0	0	17	0	0	5	0	-1	-1	-1
GTTGTCCAGAATCGAT-1	11	14	0	0	50	0	16	14	0	9	8	0	-1	-1	-1	0	16	0	-1	-1	-1	31	9	0	-1	-1	-1	-1	-1	-1
GTTGTCCCAAAGTGTA-1	0	14	0	12	19	1	32	44	6	0	40	0	8	16	0	0	20	0	28	40	0	0	17	0	-1	-1	-1	-1	-1	-1
GTTGTCCCATCATCTT-1	6	10	0	0	20	0	16	33	0	0	8	0	0	6	0	23	5	0	0	11	0	0	12	4	-1	-1	-1	-1	-1	-1
GTTGTGACAGCTCCTT-1	0	0	0	0	0	0	0	0	0	3	3	0	0	0	0	0	0	0	25	35	0	0	0	0	-1	-1	-1	-1	-1	-1
GTTGTGATCGGATACT-1	0	11	0	0	38	0	24	45	0	1	41	0	31	22	0	35	17	0	-1	-1	-1	32	44	0	-1	-1	-1	-1	-1	-1
TAAGTCGAGGACGCAT-1	34	14	0	17	51	6	10	46	0	0	5	0	0	11	0	0	5	0	0	25	0	6	4	0	-1	-1	-1	-1	-1	-1
TAATCTCTCTTGCAGA-1	0	0	0	0	0	0	0	0	0	0	9	0	0	0	0	15	7	0	0	0	0	0	6	2	-1	-1	-1	-1	-1	-1
TAATTCCCAGGTGTTT-1	1	14	0	17	51	6	3	46	0	0	0	0	5	11	0	11	47	0	-1	-1	-1	3	4	0	5	13	0	-1	-1	-1
TACACCCAGCAGTAAT-1	1	15	0	9	15	0	-1	-1	-1	0	14	0	1	6	0	-1	-1	-1	0	9	0	0	9	0	-1	-1	-1	-1	-1	-1
TACATTCGTGCGGTAA-1	9	14	0	-1	-1	-1	10	14	0	9	8	0	-1	-1	-1	0	16	0	-1	-1	-1	0	11	0	6	8	0	-1	-1	-1
TACCCGTAGTCACTGT-1	0	9	0	12	19	1	-1	-1	-1	12	16	0	8	16	1	0	20	0	0	12	0	3	17	0	-1	-1	-1	-1	-1	-1
TACCCGTCAAATCGGG-1	11	14	0	0	2	0	5	9	0	2	11	0	20	10	0	15	32	0	6	8	0	0	13	0	-1	-1	-1	-1	-1	-1
TACCGGGCAGTTTGGT-1	7	15	0	9	15	0	19	25	0	0	14	0	10	22	0	30	5	0	29	9	0	0	9	0	24	2	0	-1	-1	-1
TACCTCGGTTAGTTCG-1	6	10	0	0	20	0	33	47	0	0	8	0	0	6	0	23	5	0	-1	-1	-1	0	12	4	25	31	0	-1	-1	-1
TACTGCCCACCACTGG-1	6	10	0	0	9	0	0	9	0	0	8	0	0	6	0	8	5	0	0	5	0	0	12	4	-1	-1	-1	-1	-1	-1
TACTGCCTCACATACG-1	4	3	0	1	1	0	4	0	0	12	5	0	23	38	0	13	5	0	0	4	0	0	5	0	-1	-1	-1	-1	-1	-1
TAGACCAGTCACTAGT-1	7	7	0	11	1	0	1	1	0	1	1	0	1	1	0	1	1	0	1	1	0	9	45	0	26	32	0	-1	-1	-1
TAGACTGGTAGCGTAG-1	6	10	7	0	9	0	0	37	0	0	8	0	0	6	0	8	5	0	-1	-1	-1	0	12	4	-1	-1	-1	-1	-1	-1
TAGATCGCAGCTGGTC-1	0	0	0	0	2	0	0	0	0	2	11	0	20	10	0	0	0	0	6	8	0	0	13	0	-1	-1	-1	-1	-1	-1
TAGGAGGGTTGAAGTA-1	4	14	0	33	0	0	0	0	0	23	31	0	0	0	0	15	48	0	0	12	0	33	20	0	-1	-1	-1	-1	-1	-1
TAGGGTTAGTCTTCGA-1	0	3	0	0	0	0	0	0	0	12	5	0	0	0	0	4	5	0	0	4	0	12	5	0	-1	-1	-1	-1	-1	-1
TAGGGTTCACCCTAGG-1	0	18	0	20	30	0	0	37	0	1	5	0	0	0	0	-1	-1	-1	-1	-1	-1	0	42	0	27	17	0	-1	-1	-1
TAGGGTTGTCACGACC-1	0	30	0	0	52	7	0	3	0	30	4	0	0	5	0	36	49	0	-1	-1	-1	0	46	0	-1	-1	-1	-1	-1	-1
TAGTGCAGTGACCTGC-1	35	7	8	34	7	0	34	48	0	2	17	0	0	18	0	3	3	0	0	17	0	13	20	0	5	28	0	-1	-1	-1
TATCAGGAGGCAGCTA-1	0	28	0	0	29	0	1	1	0	0	0	0	-1	-1	-1	2	29	0	0	12	0	0	4	0	0	13	0	-1	-1	-1
TATTCCACAGGATGAC-1	3	47	0	0	2	0	5	9	0	2	11	0	0	10	0	0	0	0	6	8	0	7	13	0	-1	-1	-1	-1	-1	-1
TATTCCAGTTCCGCAG-1	0	0	0	0	2	0	0	0	0	2	11	0	0	10	3	15	25	0	6	8	0	0	13	0	-1	-1	-1	-1	-1	-1
TCAAGTGGTGGTCTCG-1	9	14	0	0	13	0	6	10	0	0	5	0	0	11	0	0	5	0	0	5	0	-1	-1	-1	-1	-1	-1	-1	-1	-1
TCACACCCAGCTGTCG-1	2	2	0	18	3	0	35	49	0	3	3	0	3	3	0	15	6	0	-1	-1	-1	13	15	0	-1	-1	-1	-1	-1	-1
TCAGCCTAGCTCGGCT-1	23	15	0	7	38	0	23	29	0	5	5	7	12	36	0	4	37	0	-1	-1	-1	6	31	0	16	21	0	-1	-1	-1
TCAGCCTAGGTAAGAG-1	-1	-1	-1	7	9	0	5	50	0	1	1	0	0	22	0	11	50	0	0	12	0	12	23	0	-1	-1	-1	-1	-1	-1
TCAGGGCTCTGATTCT-1	9	14	0	7	53	0	36	14	0	9	8	0	-1	-1	-1	0	16	0	-1	-1	-1	1	1	0	-1	-1	-1	-1	-1	-1
TCATACTAGATGTTGA-1	-1	-1	-1	35	9	0	10	0	0	0	0	0	0	17	0	0	5	0	30	41	0	13	18	0	-1	-1	-1	-1	-1	-1
TCATCATGTTGCTCAA-1	2	2	0	0	0	0	0	51	0	0	9	0	0	49	0	0	7	0	0	0	0	2	2	1	28	3	0	-1	-1	-1
TCATGGAAGAACAAGG-1	0	0	0	0	7	0	0	7	0	0	9	0	-1	-1	-1	0	10	0	0	0	0	0	10	3	-1	-1	-1	-1	-1	-1
TCATGGATCGTGTGGC-1	36	30	0	0	52	7	0	3	0	20	4	0	0	5	0	0	0	0	-1	-1	-1	0	46	0	-1	-1	-1	-1	-1	-1
TCATTGTCATACAGAA-1	11	14	0	0	0	0	37	14	0	9	8	0	-1	-1	-1	0	16	0	-1	-1	-1	34	47	0	10	14	0	-1	-1	-1
TCATTTGAGCTCACTA-1	0	37	0	0	9	0	21	27	0	3	3	0	0	9	0	0	0	0	-1	-1	-1	-1	-1	-1	0	5	0	-1	-1	-1
TCCAGAATCATGAAAG-1	2	2	0	2	3	0	0	0	0	3	3	0	3	3	0	-1	-1	-1	0	19	0	3	2	1	-1	-1	-1	-1	-1	-1
TCGAACACAAATCAAG-1	0	31	0	0	38	0	19	25	0	-1	-1	-1	0	22	0	35	17	0	-1	-1	-1	32	44	0	29	33	0	-1	-1	-1
TCGAACATCGCAGTGC-1	11	14	0	14	53	0	37	14	0	9	8	0	-1	-1	-1	0	16	0	-1	-1	-1	0	0	0	-1	-1	-1	-1	-1	-1
TCGACGGCATTGTGCA-1	2	2	0	18	3	0	38	52	7	3	3	0	3	3	0	15	17	0	-1	-1	-1	13	15	0	0	17	0	-1	-1	-1
TCGTCCAAGCTGACTT-1	0	11	0	0	0	0	0	0	0	2	5	0	4	7	0	37	51	0	-1	-1	-1	6	7	0	-1	-1	-1	-1	-1	-1
TCGTGGGGTGCTCTCT-1	0	3	0	0	0	0	0	0	0	23	31	0	0	0	0	-1	-1	-1	0	4	0	6	5	0	-1	-1	-1	-1	-1	-1
TCTAACTGTCGCCTAG-1	6	10	0	0	9	0	0	53	0	12	17	0	0	6	0	8	5	0	-1	-1	-1	0	12	4	-1	-1	-1	-1	-1	-1
TCTACATAGGCATGCA-1	0	0	0	0	2	0	5	9	0	2	11	0	0	10	0	4	30	0	6	8	0	0	13	0	-1	-1	-1	-1	-1	-1
TCTCCGACAACTCGTA-1	-1	-1	-1	0	13	0	6	10	0	0	5	0	0	11	0	0	5	0	0	5	0	-1	-1	-1	-1	-1	-1	-1	-1	-1
TCTCCGATCGCTGCGA-1	2	2	0	10	3	0	0	0	0	3	3	0	3	3	0	0	0	0	31	42	0	3	15	12	4	6	0	-1	-1	-1
TGAATGCAGCTCTGTA-1	29	53	0	0	5	0	3	54	0	2	27	0	32	50	0	-1	-1	-1	0	5	0	3	17	0	-1	-1	-1	-1	-1	-1
TGACCCTAGGAGTCTG-1	12	20	0	0	22	0	0	20	0	0	18	0	-1	-1	-1	0	0	0	6	8	0	3	21	5	-1	-1	-1	-1	-1	-1
TGAGACTCACTAGGTT-1	3	50	0	6	12	0	8	12	1	8	13	0	10	9	0	10	14	0	0	43	0	8	14	0	-1	-1	-1	-1	-1	-1
TGAGGTTAGCTGGAGT-1	10	16	0	0	9	0	0	0	0	0	0	0	5	13	0	16	18	0	-1	-1	-1	0	8	0	-1	-1	-1	-1	-1	-1
TGATGGTTCGATTCCC-1	6	10	0	14	33	0	4	55	0	5	41	0	18	22	0	11	32	0	-1	-1	-1	3	8	0	-1	-1	-1	-1	-1	-1
TGCGACGCAGTCAGCC-1	0	14	0	-1	-1	-1	0	7	0	0	9	0	5	9	0	0	10	0	0	0	0	0	10	3	-1	-1	-1	-1	-1	-1
TGCTCCATCATTTCGT-1	37	19	3	0	0	0	0	0	0	1	5	0	6	4	0	0	0	0	0	7	0	3	8	0	-1	-1	-1	-1	-1	-1
TGCTCGTCACTAACCA-1	4	7	0	6	12	0	3	6	0	2	17	0	0	9	4	2	6	0	-1	-1	-1	12	9	0	5	26	0	-1	-1	-1
TGCTGAAAGCGTCAAG-1	0	3	0	0	0	0	5	0	0	31	5	0	5	26	0	4	5	0	-1	-1	-1	0	18	0	-1	-1	-1	-1	-1	-1
TGCTTGCCAAAGAGTT-1	0	0	0	14	33	0	0	0	0	5	5	7	18	22	0	11	32	0	17	27	0	3	8	0	0	13	0	-1	-1	-1
TGGAACTCAGACCAGA-1	18	26	0	0	13	0	6	10	0	0	5	0	0	11	0	0	5	0	0	5	0	-1	-1	-1	0	11	0	-1	-1	-1
TGGAGAGAGAGTGTGC-1	1	18	0	15	14	0	9	23	0	0	23	0	-1	-1	-1	15	27	0	0	3	0	0	5	0	-1	-1	-1	-1	-1	-1
TGGGAAGCAAGCTACT-1	11	14	0	17	54	0	0	14	0	9	8	0	-1	-1	-1	15	16	0	-1	-1	-1	0	0	0	-1	-1	-1	-1	-1	-1
TGGGAGAAGTCACTAC-1	0	18	0	20	30	0	9	9	0	1	5	0	-1	-1	-1	-1	-1	-1	-1	-1	-1	13	42	0	-1	-1	-1	-1	-1	-1
TGGGTTATCATCCTAT-1	6	10	0	0	9	0	0	0	0	0	8	0	0	6	0	8	5	0	13	23	0	0	12	4	-1	-1	-1	-1	-1	-1
TGGTGATGTCAGTCGC-1	6	10	0	0	9	0	3	0	0	0	0	0	0	6	0	8	5	0	-1	-1	-1	0	12	4	-1	-1	-1	-1	-1	-1
TGTAAGCCAATGGGTG-1	0	3	0	-1	-1	-1	0	0	0	5	5	0	0	0	0	5	5	0	3	4	0	5	5	0	-1	-1	-1	-1	-1	-1
TGTACAGCACGTCTCT-1	0	11	0	-1	-1	-1	7	11	0	7	12	0	0	12	0	38	52	0	11	44	0	9	48	0	-1	-1	-1	-1	-1	-1
TGTCCTGTCGTTCAGA-1	0	0	0	0	16	0	11	16	0	0	0	0	0	6	0	11	0	0	-1	-1	-1	3	43	0	0	5	0	-1	-1	-1
TGTGAGTGTGCACATT-1	0	0	0	0	7	0	0	0	0	2	17	0	0	18	0	3	3	0	0	17	0	13	20	0	-1	-1	-1	-1	-1	-1
TGTGATGGTACTTGTG-1	11	14	0	36	55	0	37	14	0	9	8	0	-1	-1	-1	0	16	0	-1	-1	-1	9	49	0	-1	-1	-1	-1	-1	-1
TGTGCGGTCGGTTAGT-1	6	10	0	0	9	0	3	33	0	32	1	0	0	6	0	8	5	0	-1	-1	-1	0	12	4	-1	-1	-1	-1	-1	-1
TGTTTGTAGGGCTGAT-1	0	14	0	0	2	0	5	9	0	2	11	0	20	10	0	-1	-1	-1	6	8	0	12	13	0	-1	-1	-1	-1	-1	-1
TTAATCCCACTCAAGT-1	0	6	0	17	7	0	2	5	0	6	7	0	12	8	0	6	8	0	5	6	0	0	8	0	-1	-1	-1	-1	-1	-1
TTACGTTAGAGGGTAA-1	11	14	0	14	7	0	0	14	0	9	8	0	-1	-1	-1	15	16	0	12	5	0	13	20	0	-1	-1	-1	-1	-1	-1
TTACTGTGTTATGTGC-1	6	10	0	0	9	0	-1	-1	-1	-1	-1	-1	0	6	0	8	5	0	-1	-1	-1	0	12	4	-1	-1	-1	-1	-1	-1
TTACTGTTCAAATGCC-1	3	47	0	15	2	0	5	9	0	2	11	0	0	10	0	19	25	0	6	8	0	35	13	0	-1	-1	-1	-1	-1	-1
TTAGGCACACACAGCC-1	0	0	0	-1	-1	-1	7	11	0	23	31	0	6	12	0	0	0	0	21	25	0	0	0	0	-1	-1	-1	-1	-1	-1
TTAGGGTAGACTTCCA-1	7	7	0	11	1	0	1	1	0	1	1	0	7	1	0	1	1	0	1	1	0	16	26	0	-1	-1	-1	-1	-1	-1
TTAGTCTCAGTCAGCC-1	0	7	0	1	1	0	1	1	0	1	1	0	1	1	0	1	1	0	1	1	0	0	0	0	23	29	0	-1	-1	-1
TTCACGCGTAACACGG-1	6	10	0	0	56	0	39	56	0	0	8	0	0	6	0	23	5	0	19	28	0	0	12	4	-1	-1	-1	-1	-1	-1
TTCAGGAAGACTAGAT-1	0	36	0	0	2	0	5	0	0	2	11	0	-1	-1	-1	0	0	0	6	8	0	7	13	0	0	5	0	-1	-1	-1
TTCCAATCATCTAACG-1	0	3	0	0	0	0	40	57	0	0	0	0	0	0	0	5	5	0	3	4	0	5	5	0	-1	-1	-1	-1	-1	-1
TTCCTAATCTCCTGAC-1	-1	-1	-1	0	38	0	0	0	0	1	41	0	31	22	0	35	17	0	-1	-1	-1	32	44	0	-1	-1	-1	-1	-1	-1
TTCCTTCCAGCTGTTA-1	-1	-1	-1	14	33	0	0	0	0	12	42	0	18	22	0	11	32	0	17	27	0	3	8	0	-1	-1	-1	-1	-1	-1
TTCCTTCGTCGGAAAC-1	10	16	0	0	9	0	-1	-1	-1	0	0	0	1	13	0	29	18	0	-1	-1	-1	0	8	0	-1	-1	-1	-1	-1	-1
TTCCTTCTCGAGTGAG-1	38	54	9	37	57	8	1	1	3	0	33	0	0	0	0	4	29	0	-1	-1	-1	0	4	0	-1	-1	-1	-1	-1	-1
TTCTAGTTCTCTCGAC-1	0	0	0	0	43	0	0	0	0	24	32	0	33	26	0	15	50	0	32	45	0	0	18	0	-1	-1	-1	-1	-1	-1
TTCTGTAGTCTTGTCC-1	0	0	0	0	13	0	6	10	0	0	5	0	0	11	0	0	5	0	0	5	0	-1	-1	-1	0	16	0	-1	-1	-1
TTCTGTAGTTCCTACC-1	3	18	0	0	0	0	4	23	0	5	23	0	0	0	0	15	27	0	13	23	0	36	50	0	-1	-1	-1	-1	-1	-1
TTCTTGAAGAGCCCAA-1	3	18	0	0	0	0	4	23	0	5	23	0	0	0	0	15	27	0	13	23	0	3	4	0	-1	-1	-1	-1	-1	-1
TTGAGTGTCCCTCTTT-1	39	18	0	38	14	0	-1	-1	-1	0	43	0	13	7	0	0	0	0	-1	-1	-1	0	7	0	-1	-1	-1	-1	-1	-1
TTGCATTGTCGAGCAA-1	0	0	0	0	0	0	0	0	0	0	0	0	0	0	0	0	0	0	0	0	0	0	0	0	0	5	0	-1	-1	-1
TTGCTGCCAGCGCTTG-1	7	7	10	14	33	0	0	0	0	1	1	0	18	22	0	11	32	0	17	27	0	3	8	0	-1	-1	-1	-1	-1	-1
TTGGATGAGGAGTATT-1	40	55	0	1	9	0	0	7	0	0	9	0	0	0	0	0	10	0	0	0	0	0	10	3	-1	-1	-1	-1	-1	-1
TTGGATGAGTTACTCG-1	31	48	0	12	19	1	-1	-1	-1	12	16	0	8	16	1	0	20	0	0	12	0	0	17	0	-1	-1	-1	-1	-1	-1
TTTACCATCAGAACCT-1	0	5	5	39	58	0	10	29	0	0	1	0	34	30	0	39	53	0	-1	-1	-1	12	3	0	-1	-1	-1	-1	-1	-1
TTTAGTCGTAAGGCTG-1	-1	-1	-1	3	7	0	0	0	0	7	12	0	10	6	0	2	6	0	11	28	0	0	0	0	-1	-1	-1	-1	-1	-1
TTTCAGTGTGCACGCT-1	6	10	0	0	9	0	0	0	0	0	8	0	0	6	0	8	5	0	-1	-1	-1	0	12	4	-1	-1	-1	-1	-1	-1
TTTCATGCAGCACGAA-1	41	9	0	5	10	0	3	8	0	1	10	0	0	0	0	0	0	0	19	22	0	0	11	0	-1	-1	-1	-1	-1	-1
TTTCGATTCACCATAG-1	30	18	0	0	7	0	4	23	0	-1	-1	-1	0	51	0	15	27	0	13	23	0	37	8	0	-1	-1	-1	-1	-1	-1
TTTCGATTCTCGCCTA-1	21	38	0	0	4	0	0	3	0	4	4	0	0	0	0	4	4	0	0	3	0	0	3	0	-1	-1	-1	-1	-1	-1
TTTGACTAGCGTCAAG-1	6	10	0	0	9	0	4	4	0	0	0	0	35	52	5	8	5	0	0	24	2	0	12	4	-1	-1	-1	-1	-1	-1
TTTGGAGGTCGTCATA-1	6	10	0	12	19	1	4	0	0	12	16	0	8	16	1	0	20	0	0	12	0	0	17	0	7	7	0	-1	-1	-1
