0 1 0.1
0 2 0.1
0 3 0.1
0 4 0.1
0 5 0.1
0 6 0.1
0 7 0.1
0 8 0.1
0 9 0.1
0 10 0.1
1 1 0.1
1 2 0.1
1 3 0.1
1 4 0.1
1 5 0.1
1 6 0.1
1 7 0.1
1 8 0.1
1 9 0.1
1 10 0.1
2 1 0.1
2 2 0.1
2 3 0.1
2 4 0.1
2 5 0.1
2 6 0.1
2 7 0.1
2 8 0.1
2 9 0.1
2 10 0.1
3 1 0.1
3 2 0.1
3 3 0.1
3 4 0.1
3 5 0.1
3 6 0.1
3 7 0.1
3 8 0.1
3 9 0.1
3 10 0.1
4 1 0.1
4 2 0.1
4 3 0.1
4 4 0.1
4 5 0.1
4 6 0.1
4 7 0.1
4 8 0.1
4 9 0.1
4 10 0.1
5 1 0.1
5 2 0.1
5 3 0.1
5 4 0.1
5 5 0.1
5 6 0.1
5 7 0.1
5 8 0.1
5 9 0.1
5 10 0.1
6 1 0.1
6 2 0.1
6 3 0.1
6 4 0.1
6 5 0.1
6 6 0.1
6 7 0.1
6 8 0.1
6 9 0.1
6 10 0.1
7 1 0.1
7 2 0.1
7 3 0.1
7 4 0.1
7 5 0.1
7 6 0.1
7 7 0.1
7 8 0.1
7 9 0.1
7 10 0.1
8 1 0.1
8 2 0.1
8 3 0.1
8 4 0.1
8 5 0.1
8 6 0.1
8 7 0.1
8 8 0.1
8 9 0.1
8 10 0.1
9 1 0.1
9 2 0.1
9 3 0.1
9 4 0.1
9 5 0.1
9 6 0.1
9 7 0.1
9 8 0.1
9 9 0.1
9 10 0.1
10 1 0.1
10 2 0.1
10 3 0.1
10 4 0.1
10 5 0.1
10 6 0.1
10 7 0.1
10 8 0.1
10 9 0.1
10 10 0.1
11 1 0.1
11 2 0.1
11 3 0.1
11 4 0.1
11 5 0.1
11 6 0.1
11 7 0.1
11 8 0.1
11 9 0.1
11 10 0.1
12 1 0.1
12 2 0.1
12 3 0.1
12 4 0.1
12 5 0.1
12 6 0.1
12 7 0.1
12 8 0.1
12 9 0.1
12 10 0.1
13 1 0.1
13 2 0.1
13 3 0.1
13 4 0.1
13 5 0.1
13 6 0.1
13 7 0.1
13 8 0.1
13 9 0.1
13 10 0.1
14 1 0.1
14 2 0.1
14 3 0.1
14 4 0.1
14 5 0.1
14 6 0.1
14 7 0.1
14 8 0.1
14 9 0.1
14 10 0.1
15 1 0.1
15 2 0.1
15 3 0.1
15 4 0.1
15 5 0.1
15 6 0.1
15 7 0.1
15 8 0.1
15 9 0.1
15 10 0.1
16 1 0.1
16 2 0.1
16 3 0.1
16 4 0.1
16 5 0.1
16 6 0.1
16 7 0.1
16 8 0.1
16 9 0.1
16 10 0.1
17 1 0.1
17 2 0.1
17 3 0.1
17 4 0.1
17 5 0.1
17 6 0.1
17 7 0.1
17 8 0.1
17 9 0.1
17 10 0.1
18 1 0.1
18 2 0.1
18 3 0.1
18 4 0.1
18 5 0.1
18 6 0.1
18 7 0.1
18 8 0.1
18 9 0.1
18 10 0.1
19 1 0.1
19 2 0.1
19 3 0.1
19 4 0.1
19 5 0.1
19 6 0.1
19 7 0.1
19 8 0.1
19 9 0.1
19 10 0.1
20 1 0.1
20 2 0.1
20 3 0.1
20 4 0.1
20 5 0.1
20 6 0.1
20 7 0.1
20 8 0.1
20 9 0.1
20 10 0.1
21 1 0.1
21 2 0.1
21 3 0.1
21 4 0.1
21 5 0.1
21 6 0.1
21 7 0.1
21 8 0.1
21 9 0.1
21 10 0.1
22 1 0.1
22 2 0.1
22 3 0.1
22 4 0.1
22 5 0.1
22 6 0.1
22 7 0.1
22 8 0.1
22 9 0.1
22 10 0.1
23 1 0.1
23 2 0.1
23 3 0.1
23 4 0.1
23 5 0.1
23 6 0.1
23 7 0.1
23 8 0.1
23 9 0.1
23 10 0.1
24 1 0.1
24 2 0.1
24 3 0.1
24 4 0.1
24 5 0.1
24 6 0.1
24 7 0.1
24 8 0.1
24 9 0.1
24 10 0.1
25 1 0.1
25 2 0.1
25 3 0.1
25 4 0.1
25 5 0.1
25 6 0.1
25 7 0.1
25 8 0.1
25 9 0.1
25 10 0.1
26 1 0.1
26 2 0.1
26 3 0.1
26 4 0.1
26 5 0.1
26 6 0.1
26 7 0.1
26 8 0.1
26 9 0.1
26 10 0.1
27 1 0.1
27 2 0.1
27 3 0.1
27 4 0.1
27 5 0.1
27 6 0.1
27 7 0.1
27 8 0.1
27 9 0.1
27 10 0.1
28 1 0.1
28 2 0.1
28 3 0.1
28 4 0.1
28 5 0.1
28 6 0.1
28 7 0.1
28 8 0.1
28 9 0.1
28 10 0.1
29 1 0.1
29 2 0.1
29 3 0.1
29 4 0.1
29 5 0.1
29 6 0.1
29 7 0.1
29 8 0.1
29 9 0.1
29 10 0.1
30 1 0.1
30 2 0.1
30 3 0.1
30 4 0.1
30 5 0.1
30 6 0.1
30 7 0.1
30 8 0.1
30 9 0.1
30 10 0.1
31 1 0.1
31 2 0.1
31 3 0.1
31 4 0.1
31 5 0.1
31 6 0.1
31 7 0.1
31 8 0.1
31 9 0.1
31 10 0.1
32 1 0.1
32 2 0.1
32 3 0.1
32 4 0.1
32 5 0.1
32 6 0.1
32 7 0.1
32 8 0.1
32 9 0.1
32 10 0.1
33 1 0.1
33 2 0.1
33 3 0.1
33 4 0.1
33 5 0.1
33 6 0.1
33 7 0.1
33 8 0.1
33 9 0.1
33 10 0.1
34 1 0.1
34 2 0.1
34 3 0.1
34 4 0.1
34 5 0.1
34 6 0.1
34 7 0.1
34 8 0.1
34 9 0.1
34 10 0.1
35 1 0.1
35 2 0.1
35 3 0.1
35 4 0.1
35 5 0.1
35 6 0.1
35 7 0.1
35 8 0.1
35 9 0.1
35 10 0.1
36 1 0.1
36 2 0.1
36 3 0.1
36 4 0.1
36 5 0.1
36 6 0.1
36 7 0.1
36 8 0.1
36 9 0.1
36 10 0.1
37 1 0.1
37 2 0.1
37 3 0.1
37 4 0.1
37 5 0.1
37 6 0.1
37 7 0.1
37 8 0.1
37 9 0.1
37 10 0.1
38 1 0.1
38 2 0.1
38 3 0.1
38 4 0.1
38 5 0.1
38 6 0.1
38 7 0.1
38 8 0.1
38 9 0.1
38 10 0.1
39 1 0.1
39 2 0.1
39 3 0.1
39 4 0.1
39 5 0.1
39 6 0.1
39 7 0.1
39 8 0.1
39 9 0.1
39 10 0.1
40 1 0.1
40 2 0.1
40 3 0.1
40 4 0.1
40 5 0.1
40 6 0.1
40 7 0.1
40 8 0.1
40 9 0.1
40 10 0.1
41 1 0.1
41 2 0.1
41 3 0.1
41 4 0.1
41 5 0.1
41 6 0.1
41 7 0.1
41 8 0.1
41 9 0.1
41 10 0.1
42 1 0.1
42 2 0.1
42 3 0.1
42 4 0.1
42 5 0.1
42 6 0.1
42 7 0.1
42 8 0.1
42 9 0.1
42 10 0.1
43 1 0.1
43 2 0.1
43 3 0.1
43 4 0.1
43 5 0.1
43 6 0.1
43 7 0.1
43 8 0.1
43 9 0.1
43 10 0.1
44 1 0.1
44 2 0.1
44 3 0.1
44 4 0.1
44 5 0.1
44 6 0.1
44 7 0.1
44 8 0.1
44 9 0.1
44 10 0.1
45 1 0.1
45 2 0.1
45 3 0.1
45 4 0.1
45 5 0.1
45 6 0.1
45 7 0.1
45 8 0.1
45 9 0.1
45 10 0.1
46 1 0.1
46 2 0.1
46 3 0.1
46 4 0.1
46 5 0.1
46 6 0.1
46 7 0.1
46 8 0.1
46 9 0.1
46 10 0.1
47 1 0.1
47 2 0.1
47 3 0.1
47 4 0.1
47 5 0.1
47 6 0.1
47 7 0.1
47 8 0.1
47 9 0.1
47 10 0.1
48 1 0.1
48 2 0.1
48 3 0.1
48 4 0.1
48 5 0.1
48 6 0.1
48 7 0.1
48 8 0.1
48 9 0.1
48 10 0.1
49 1 0.1
49 2 0.1
49 3 0.1
49 4 0.1
49 5 0.1
49 6 0.1
49 7 0.1
49 8 0.1
49 9 0.1
49 10 0.1
50 1 0.1
50 2 0.1
50 3 0.1
50 4 0.1
50 5 0.1
50 6 0.1
50 7 0.1
50 8 0.1
50 9 0.1
50 10 0.1
51 1 0.1
51 2 0.1
51 3 0.1
51 4 0.1
51 5 0.1
51 6 0.1
51 7 0.1
51 8 0.1
51 9 0.1
51 10 0.1
52 1 0.1
52 2 0.1
52 3 0.1
52 4 0.1
52 5 0.1
52 6 0.1
52 7 0.1
52 8 0.1
52 9 0.1
52 10 0.1
53 1 0.1
53 2 0.1
53 3 0.1
53 4 0.1
53 5 0.1
53 6 0.1
53 7 0.1
53 8 0.1
53 9 0.1
53 10 0.1
54 1 0.1
54 2 0.1
54 3 0.1
54 4 0.1
54 5 0.1
54 6 0.1
54 7 0.1
54 8 0.1
54 9 0.1
54 10 0.1
55 1 0.1
55 2 0.1
55 3 0.1
55 4 0.1
55 5 0.1
55 6 0.1
55 7 0.1
55 8 0.1
55 9 0.1
55 10 0.1
56 1 0.1
56 2 0.1
56 3 0.1
56 4 0.1
56 5 0.1
56 6 0.1
56 7 0.1
56 8 0.1
56 9 0.1
56 10 0.1
57 1 0.1
57 2 0.1
57 3 0.1
57 4 0.1
57 5 0.1
57 6 0.1
57 7 0.1
57 8 0.1
57 9 0.1
57 10 0.1
58 1 0.1
58 2 0.1
58 3 0.1
58 4 0.1
58 5 0.1
58 6 0.1
58 7 0.1
58 8 0.1
58 9 0.1
58 10 0.1
59 1 0.1
59 2 0.1
59 3 0.1
59 4 0.1
59 5 0.1
59 6 0.1
59 7 0.1
59 8 0.1
59 9 0.1
59 10 0.1
60 1 0.1
60 2 0.1
60 3 0.1
60 4 0.1
60 5 0.1
60 6 0.1
60 7 0.1
60 8 0.1
60 9 0.1
60 10 0.1
61 1 0.1
61 2 0.1
61 3 0.1
61 4 0.1
61 5 0.1
61 6 0.1
61 7 0.1
61 8 0.1
61 9 0.1
61 10 0.1
62 1 0.1
62 2 0.1
62 3 0.1
62 4 0.1
62 5 0.1
62 6 0.1
62 7 0.1
62 8 0.1
62 9 0.1
62 10 0.1
63 1 0.1
63 2 0.1
63 3 0.1
63 4 0.1
63 5 0.1
63 6 0.1
63 7 0.1
63 8 0.1
63 9 0.1
63 10 0.1
64 1 0.1
64 2 0.1
64 3 0.1
64 4 0.1
64 5 0.1
64 6 0.1
64 7 0.1
64 8 0.1
64 9 0.1
64 10 0.1
65 1 0.1
65 2 0.1
65 3 0.1
65 4 0.1
65 5 0.1
65 6 0.1
65 7 0.1
65 8 0.1
65 9 0.1
65 10 0.1
66 1 0.1
66 2 0.1
66 3 0.1
66 4 0.1
66 5 0.1
66 6 0.1
66 7 0.1
66 8 0.1
66 9 0.1
66 10 0.1
67 1 0.1
67 2 0.1
67 3 0.1
67 4 0.1
67 5 0.1
67 6 0.1
67 7 0.1
67 8 0.1
67 9 0.1
67 10 0.1
68 1 0.1
68 2 0.1
68 3 0.1
68 4 0.1
68 5 0.1
68 6 0.1
68 7 0.1
68 8 0.1
68 9 0.1
68 10 0.1
69 1 0.1
69 2 0.1
69 3 0.1
69 4 0.1
69 5 0.1
69 6 0.1
69 7 0.1
69 8 0.1
69 9 0.1
69 10 0.1
70 1 0.1
70 2 0.1
70 3 0.1
70 4 0.1
70 5 0.1
70 6 0.1
70 7 0.1
70 8 0.1
70 9 0.1
70 10 0.1
71 1 0.1
71 2 0.1
71 3 0.1
71 4 0.1
71 5 0.1
71 6 0.1
71 7 0.1
71 8 0.1
71 9 0.1
71 10 0.1
72 1 0.1
72 2 0.1
72 3 0.1
72 4 0.1
72 5 0.1
72 6 0.1
72 7 0.1
72 8 0.1
72 9 0.1
72 10 0.1
73 1 0.1
73 2 0.1
73 3 0.1
73 4 0.1
73 5 0.1
73 6 0.1
73 7 0.1
73 8 0.1
73 9 0.1
73 10 0.1
74 1 0.1
74 2 0.1
74 3 0.1
74 4 0.1
74 5 0.1
74 6 0.1
74 7 0.1
74 8 0.1
74 9 0.1
74 10 0.1
75 1 0.1
75 2 0.1
75 3 0.1
75 4 0.1
75 5 0.1
75 6 0.1
75 7 0.1
75 8 0.1
75 9 0.1
75 10 0.1
76 1 0.1
76 2 0.1
76 3 0.1
76 4 0.1
76 5 0.1
76 6 0.1
76 7 0.1
76 8 0.1
76 9 0.1
76 10 0.1
77 1 0.1
77 2 0.1
77 3 0.1
77 4 0.1
77 5 0.1
77 6 0.1
77 7 0.1
77 8 0.1
77 9 0.1
77 10 0.1
78 1 0.1
78 2 0.1
78 3 0.1
78 4 0.1
78 5 0.1
78 6 0.1
78 7 0.1
78 8 0.1
78 9 0.1
78 10 0.1
79 1 0.1
79 2 0.1
79 3 0.1
79 4 0.1
79 5 0.1
79 6 0.1
79 7 0.1
79 8 0.1
79 9 0.1
79 10 0.1
80 1 0.1
80 2 0.1
80 3 0.1
80 4 0.1
80 5 0.1
80 6 0.1
80 7 0.1
80 8 0.1
80 9 0.1
80 10 0.1
81 1 0.1
81 2 0.1
81 3 0.1
81 4 0.1
81 5 0.1
81 6 0.1
81 7 0.1
81 8 0.1
81 9 0.1
81 10 0.1
82 1 0.1
82 2 0.1
82 3 0.1
82 4 0.1
82 5 0.1
82 6 0.1
82 7 0.1
82 8 0.1
82 9 0.1
82 10 0.1
83 1 0.1
83 2 0.1
83 3 0.1
83 4 0.1
83 5 0.1
83 6 0.1
83 7 0.1
83 8 0.1
83 9 0.1
83 10 0.1
84 1 0.1
84 2 0.1
84 3 0.1
84 4 0.1
84 5 0.1
84 6 0.1
84 7 0.1
84 8 0.1
84 9 0.1
84 10 0.1
85 1 0.1
85 2 0.1
85 3 0.1
85 4 0.1
85 5 0.1
85 6 0.1
85 7 0.1
85 8 0.1
85 9 0.1
85 10 0.1
86 1 0.1
86 2 0.1
86 3 0.1
86 4 0.1
86 5 0.1
86 6 0.1
86 7 0.1
86 8 0.1
86 9 0.1
86 10 0.1
87 1 0.1
87 2 0.1
87 3 0.1
87 4 0.1
87 5 0.1
87 6 0.1
87 7 0.1
87 8 0.1
87 9 0.1
87 10 0.1
88 1 0.1
88 2 0.1
88 3 0.1
88 4 0.1
88 5 0.1
88 6 0.1
88 7 0.1
88 8 0.1
88 9 0.1
88 10 0.1
89 1 0.1
89 2 0.1
89 3 0.1
89 4 0.1
89 5 0.1
89 6 0.1
89 7 0.1
89 8 0.1
89 9 0.1
89 10 0.1
