(((((((((GGAGCAAGTGCTGATT-1:7.002,(ATTCACTGTGGTTCTA-1:5,((GCAACATGTACAAAGT-1:2,((GCTTTCGCAGCCCACA-1:2,CCCTAACCATCGGAAG-1:2)I31:0,TCACGGGGTTGCCTAA-1:3)I30:0)I29:0,ACATCGATCTACCCAC-1:4)I28:0)I27:0.001)I26:0.998,(TGATCTTGTGGACCTC-1:6.031,CTCCCAATCCTCAGAA-1:4.471)I25:2.529)I24:0,((GCCAACGTCAGTAGGG-1:9.205,CTGATCCGTGTTACTG-1:1.083)I23:1.029,GCTTTCGTCCTCAGGG-1:4.111)I22:2.897)I21:2.005,(CGTGATATCGCCAGTG-1:3.052,AAACGCTAGTAACCTC-1:5.052)I20:0.954)I19:0.021,TCCTCGACAACTAGAA-1:9.027)I18:2.976,((GGTGGCTTCCATCAGA-1:10,GCATCTCCACGGCGTT-1:10)I17:0,(CTAACCCCACGCGGTT-1:8.972,(GATAGAAAGCTGTCCG-1:4.372,AAGCATCGTATGATCC-1:6.372)I16:2.678)I15:0.028)I14:0.001)I13:6.006,(((GGTCTGGTCACTTCTA-1:1.001,TACTTACGTAGTTAGA-1:0.001)I12:3.005,(CGTGCTTGTGCCCGTA-1:4.959,CTGATCCTCAACGAGG-1:6.959)I11:0.092)I10:7.435,(TATTCCAAGCAATTAG-1:3.04,(GTATTTCAGCATGATA-1:6.054,GGGTTTAAGCGTCAGA-1:9.04)I9:0.985)I8:5.402)I7:2.6)I6:0.008,((TGTTCCGAGACACACG-1:6.04,GACTGATAGCGATGAC-1:5.343)I5:6.481,(CCTTGTGGTATCGCGC-1:1.002,(ACCTGTCGTGCTATTG-1:1,ATGACCACAAGGTTGG-1:1)I4:0.001)I3:14.143)I2:3.191)I1:2.986)I0;
I0,0,0,0,0,0,0,0,0,0,0,0,0,0,0,0,0,0,0,0,0,0,0,0,0,0,0,0,0,0,0
I1,0,0,0,0,0,0,0,0,0,0,0,0,0,0,0,0,0,0,0,0,0,0,0,0,0,0,0,-1,-1,-1
I2,0,0,0,0,0:0.02/10:0.98,0,0:0.07/5:0.93,0:0.06/10:0.94,0,0,0,0,0,0,0,0,0,0,0:0.84/5:0.16,0:0.84/17:0.16,0,0,0,0,0,0,0,-1,-1,-1
I3,5,11,0,0,10,0,5,10,0,-1,-1,-1,6,10,0,8,10,0,-1,-1,-1,0,0,0,4,7,0,-1,-1,-1
I4,5,11,0,0,10,0,5,10,0,-1,-1,-1,6,10,0,8,10,0,-1,-1,-1,0,0,0,4,7,0,-1,-1,-1
ATGACCACAAGGTTGG-1,5,11,0,0,10,0,5,10,0,-1,-1,-1,6,10,1,8,10,0,-1,-1,-1,0,0,0,4,7,0,-1,-1,-1
ACCTGTCGTGCTATTG-1,5,11,0,0,10,0,5,10,0,-1,-1,-1,6,10,0,8,10,0,-1,-1,-1,0,0,0,4,7,1,-1,-1,-1
CCTTGTGGTATCGCGC-1,5,11,0,0,10,0,5,10,0,-1,-1,-1,6,10,0,8,10,0,-1,-1,-1,0,5,0,4,7,0,-1,-1,-1
I5,0,0:0.03/15:0.97,0,0,10,0,5,10,0,0,0,0,0,0:0.49/19:0.51,0,19,21,0,0:0.41/5:0.59,0:0.41/17:0.59,0,0,18,0,0,0:0.01/17:0.99,0,-1,-1,-1
GACTGATAGCGATGAC-1,0,15,0,2,10,0,5,10,0,-1,-1,-1,0,19,0,19,21,0,5,17,0,0,18,0,0,17,0,-1,-1,-1
TGTTCCGAGACACACG-1,0,15,0,0,10,0,5,10,0,0,0,0,-1,-1,-1,19,21,0,-1,-1,-1,0,18,0,0,17,0,-1,-1,-1
I6,0,0,0,0,0,0,0,0,0,0,0,0,0,0,0,0,0,0,0,0,0,0,0,0,0,0,0,-1,-1,-1
I7,0,0,0,0,0,0,0,0,0,0,0,0,0,0,0,0,0,0,0,0,0,0,0,0,0:0.14/-1:0.85/2:0.001/4:0.002/6:0.002/7:0.008/8:0.009/9:0.001/10:0.001/11:0.001/12:0.008/14:0.001/15:0.006/17:0.008/18:0.001/19:0.003/20:0.002,0:0.14/-1:0.85/1:0.003/2:0.001/3:0.001/4:0.008/6:0.008/7:0.002/8:0.009/10:0.005/11:0.001/12:0.001/13:0.009/14:0.001/15:0.001/16:0.009/17:0.002/18:0.001/20:0.005/21:0.003/22:0.002,0:0.14/-1:0.85/1:0.001,-1,-1,-1
I8,0,17,0,0,0,0,0,0,0,0,0:0.01/4:0.99,0,0,0,0,0,4,0,0,0:0.02/17:0.98,0,0,0:0.01/5:0.99,0,-1,-1,-1,-1,-1,-1
I9,0,17,0,0,0,0,0,0:0.03/23:0.97,0,0,4,0,0,0,0,0,4,0,0,0:0.01/17:0.99,0,0,5,0,-1,-1,-1,-1,-1,-1
GGGTTTAAGCGTCAGA-1,9,17,0,19,27,0,0,23,0,8,4,0,19,23,0,0,4,0,-1,-1,-1,0,5,0,-1,-1,-1,-1,-1,-1
GTATTTCAGCATGATA-1,0,17,0,21,30,4,0,23,0,0,4,0,0,24,0,4,4,0,0,17,0,14,5,0,-1,-1,-1,-1,-1,-1
TATTCCAAGCAATTAG-1,0,17,0,0,0,0,0,0,0,13,4,0,0,0,0,5,4,0,0,17,0,14,5,0,-1,-1,-1,-1,-1,-1
I10,12,14,0,0,0,0,0,0,0,0,16,0,0,10,0,0,6,0,0,1,0,0,7,0,-1,-1,-1,-1,-1,-1
I11,12,14,0,0:0.98/3:0.02,0:0.98/14:0.02,0,0:0.98/5:0.02,0:0.98/5:0.02,0,0,16,0,0,10,0,0,6,0,0,1,0,0,7,0,-1,-1,-1,-1,-1,-1
CTGATCCTCAACGAGG-1,12,14,0,3,14,0,-1,-1,-1,14,16,0,0,10,0,16,6,0,0,1,0,0,7,0,-1,-1,-1,-1,-1,-1
CGTGCTTGTGCCCGTA-1,12,14,0,-1,-1,-1,5,5,0,0,16,0,0,10,0,0,6,0,0,1,0,0,7,0,-1,-1,-1,-1,-1,-1
I12,12,14,0,0,0,0,0,0,0,19,16,0,0,10,0,4,6,0,0,1,0,1,7,0,-1,-1,-1,-1,-1,-1
TACTTACGTAGTTAGA-1,12,14,0,0,0,0,0,0,0,19,16,0,0,10,0,4,6,0,0,1,0,1,7,0,-1,-1,-1,-1,-1,-1
GGTCTGGTCACTTCTA-1,12,14,0,0,28,0,0,0,0,19,16,0,0,10,0,4,6,0,0,1,0,1,7,0,-1,-1,-1,-1,-1,-1
I13,1,1,0,0,0,0,0,0,0,0,0,0,0,0,0,0,0,0,1,1,0,1,1,0,0,0,0,-1,-1,-1
I14,1,1,0,0,0,0,0,0,0,0,0,0,0,0,0,0,0,0,1,1,0,1,1,0,0,0,0,-1,-1,-1
I15,1,1,0,0:0.99/16:0.01,0:0.99/24:0.01,0,0,0,0,0,0,0,0,0,0,0,0,0,1,1,0,1,1,0,0,0,0,-1,-1,-1
I16,1,1,0,0:0.11/-1:0.88/16:0.01,0:0.11/-1:0.88/24:0.01,0:0.11/-1:0.88/8:0.006,0,0,0,0,0,0,0,0,0,0,0,0,1,1,0,1,1,0,0,0,0,-1,-1,-1
AAGCATCGTATGATCC-1,1,1,0,-1,-1,-1,0,8,0,0,6,0,4,7,0,0,1,0,1,1,0,1,1,0,0,4,0,-1,-1,-1
GATAGAAAGCTGTCCG-1,1,1,0,-1,-1,-1,0,1,0,0,0,0,0,0,0,0,6,0,1,1,0,1,1,0,12,6,0,-1,-1,-1
CTAACCCCACGCGGTT-1,1,1,0,16,24,0,12,18,0,0,0,0,0,17,0,6,8,0,1,1,0,1,1,0,16,16,0,-1,-1,-1
I17,1,1,0,0,0,0,0,0,0,0,0,0,0,0,0,0,0,0,1,1,0,1,1,0,0,0,0,-1,-1,-1
GCATCTCCACGGCGTT-1,1,1,0,17,25,0,10,21,2,0,0,0,16,20,0,20,22,0,1,1,0,1,1,0,0,18,0,-1,-1,-1
GGTGGCTTCCATCAGA-1,1,1,0,20,29,0,0,7,0,1,1,1,0,4,0,4,4,0,1,1,0,1,1,0,0,2,0,-1,-1,-1
I18,1,1,0,0,0,0,0,0,0,0,0,0,0,0,0,0,0,0,1,1,0,1,1,0,0:0.01/-1:0.99,0:0.01/-1:0.99,0:0.01/-1:0.99,-1,-1,-1
TCCTCGACAACTAGAA-1,1,1,0,23,33,0,4,7,0,-1,-1,-1,0,0,0,21,25,0,1,1,0,1,1,0,-1,-1,-1,-1,-1,-1
I19,1,1,0,0,0,0,0,0,0,0,0,0,0,0,0,0,0,0,1,1,0,1,1,0,-1,-1,-1,-1,-1,-1
I20,1,1,0,0,0,0,0,0:0.05/1:0.95,0,0,0,0,0,0,0,0,0,0,1,1,0,1,1,0,-1,-1,-1,-1,-1,-1
AAACGCTAGTAACCTC-1,1,1,0,0,0,0,0,1,0,1,1,1,1,1,0,0,0,0,1,1,0,1,1,0,-1,-1,-1,-1,-1,-1
CGTGATATCGCCAGTG-1,1,1,0,0,0,0,0,1,0,0,15,0,14,16,0,0,0,0,1,1,0,1,1,0,-1,-1,-1,-1,-1,-1
I21,1,1,0,0,0,0,0,0,0,0,0,0,0,0,0,6,8,0,1,1,0,1,1,0,-1,-1,-1,-1,-1,-1
I22,1,1,0,0:0.03/-1:0.96/2:0.005/3:0.009/4:0.002/5:0.009/6:0.008/7:0.001/8:0.001/9:0.001/10:0.008/12:0.007/13:0.001/15:0.002/16:0.006/19:0.001,0:0.03/-1:0.96/1:0.008/2:0.008/6:0.003/7:0.009/8:0.006/10:0.001/11:0.003/12:0.001/13:0.004/14:0.005/15:0.001/16:0.009/17:0.001/24:0.006/28:0.003/33:0.009,0:0.03/-1:0.96/8:0.006,0,0,0,0,0,0,0,0,0,6,8,0,1,1,0,1,1,0,-1,-1,-1,-1,-1,-1
GCTTTCGTCCTCAGGG-1,1,1,0,-1,-1,-1,0,1,0,0,2,0,17,21,0,6,8,0,1,1,0,1,1,0,-1,-1,-1,-1,-1,-1
I23,1,1,0,0:0.01/-1:0.99,0:0.01/-1:0.99,0:0.01/-1:0.99,0,0,0,0,0:0.17/11:0.83,0,0,0:0.88/18:0.12,0,6,8,0,1,1,0,1,1,0,-1,-1,-1,-1,-1,-1
CTGATCCGTGTTACTG-1,1,1,0,-1,-1,-1,0,0,0,0,11,0,0,18,0,6,8,0,1,1,0,1,1,0,-1,-1,-1,-1,-1,-1
GCCAACGTCAGTAGGG-1,1,1,0,-1,-1,-1,-1,-1,-1,0,11,0,-1,-1,-1,6,8,0,-1,-1,-1,1,1,0,-1,-1,-1,-1,-1,-1
I24,1,1,0,0,0,0,0,0,0,0,0,0,0,0,0,6,8,0,1,1,0,1,1,0,-1,-1,-1,-1,-1,-1
I25,1,1,0,0,0,0,0,0,0,0:0.72/3:0.28,0:0.72/5:0.28,0,0:0.02/8:0.98,0:0.02/12:0.98,0,6,8,0,1,1,0,1,1,0,-1,-1,-1,-1,-1,-1
CTCCCAATCCTCAGAA-1,1,1,0,4,6,0,0,1,0,3,5,0,8,12,0,6,8,0,1,1,0,1,1,0,-1,-1,-1,-1,-1,-1
TGATCTTGTGGACCTC-1,1,1,0,0,35,6,0,24,0,-1,-1,-1,8,12,0,6,8,0,1,1,0,1,1,0,-1,-1,-1,-1,-1,-1
I26,1,1,0,0,0,0,0,1,0,0,0,0,0,0,0,6,8,0,1,1,0,1,1,0,-1,-1,-1,-1,-1,-1
I27,1,1,0,0,0,0,0,1,0,0,0,0,0,0,0,6,8,0,1,1,0,1,1,0,-1,-1,-1,-1,-1,-1
I28,1,1,0,0,0,0,0,1,0,0,0,0,0,0,0,6,8,0,1,1,0,1,1,0,-1,-1,-1,-1,-1,-1
ACATCGATCTACCCAC-1,1,1,0,0,0,0,0,1,0,7,2,0,5,9,0,6,8,0,1,1,0,1,1,0,-1,-1,-1,-1,-1,-1
I29,1,1,0,0,0,0,0,1,0,0,0,0,0,0,0,6,8,0,1,1,0,1,1,0,-1,-1,-1,-1,-1,-1
I30,1,1,0,0,0,0,0,1,0,0,0,0,0,0,0,6,8,0,1,1,0,1,1,0,-1,-1,-1,-1,-1,-1
TCACGGGGTTGCCTAA-1,1,1,0,0,0,0,0,1,0,0,0,0,21,26,3,6,8,0,1,1,0,1,1,0,-1,-1,-1,-1,-1,-1
I31,1,1,0,0,0,0,0,1,0,0,0,0,0,0,0,6,8,0,1,1,0,1,1,0,-1,-1,-1,-1,-1,-1
CCCTAACCATCGGAAG-1,1,1,0,0,0,0,0,1,0,8,14,0,0,0,0,6,8,0,1,1,0,1,1,0,-1,-1,-1,-1,-1,-1
GCTTTCGCAGCCCACA-1,1,1,0,0,0,0,0,1,0,16,21,0,0,0,0,6,8,0,1,1,0,1,1,0,-1,-1,-1,-1,-1,-1
GCAACATGTACAAAGT-1,1,1,0,0,0,0,0,1,0,15,20,0,0,0,0,6,8,0,1,1,0,1,1,0,-1,-1,-1,-1,-1,-1
ATTCACTGTGGTTCTA-1,1,1,0,11,20,0,0,1,0,12,12,0,0,2,0,6,8,0,1,1,0,1,1,0,-1,-1,-1,-1,-1,-1
GGAGCAAGTGCTGATT-1,1,1,0,18,26,0,0,1,0,17,22,0,-1,-1,-1,6,8,0,1,1,0,1,1,0,-1,-1,-1,-1,-1,-1
((GAGGCAAGTAAGTAGT-1:19.778,(TTTACCAAGTAGCAAT-1:3.069,((CTGCCATGTGAATGAT-1:0.007,GTACAACTCATCTACT-1:2.007)I5:1.005,(AGGTGTTTCGAGTACT-1:0.007,GTGAGGATCGTTCGCT-1:2.007)I4:1.005)I3:4.058)I2:13.694)I1:0.268)I0;
I0,0,0,0,0,0,0,0,0,0,0,0,0,0,0,0,0,0,0,0,0,0,0,0,0,0,0,0,0,0,0
I1,0,0,0,0,0,0,0,0,0,0,0,0,0,0,0,0,0,0,0,0,0,0:0.98/12:0.02,0:0.98/12:0.02,0,0,0,0,0:0.92/-1:0.07/1:0.002,0:0.92/-1:0.07/1:0.002/2:0.009,0:0.92/-1:0.07/1:0.01
I2,0,13,0,9,17,0,0,0:0.01/14:0.99,0,0,0:0.01/7:0.99,0,0,15,0,0,16,0,0,0,0,12,12,0,5,9,0,0:0.01/-1:0.98/1:0.002,0:0.01/-1:0.98/1:0.002/2:0.009,0:0.01/-1:0.98/1:0.01
I3,0,13,0,9,17,0,0,14,0,0,7,0,0,15,0,14,16,0,-1,-1,-1,12,12,0,5,9,0,-1,-1,-1
I4,0,13,0,9,17,0,0,14,0,0:0.01/8:0.99,7,0,0,15,0,14,16,0,-1,-1,-1,12,12,0,5,9,0,-1,-1,-1
GTGAGGATCGTTCGCT-1,0,13,0,9,17,0,0,14,0,8,7,0,0,15,0,14,16,3,-1,-1,-1,12,12,3,5,9,0,-1,-1,-1
AGGTGTTTCGAGTACT-1,0,13,0,9,17,0,0,14,0,8,7,0,0,15,0,14,16,0,-1,-1,-1,12,12,0,5,9,0,-1,-1,-1
I5,0,13,0,9,17,0,0:0.01/10:0.99,14,0,0,7,0,0,15,0,14,16,0,-1,-1,-1,12,12,0,5,9,0,-1,-1,-1
GTACAACTCATCTACT-1,9,13,0,9,17,0,10,14,0,20,7,0,0,15,0,14,16,0,-1,-1,-1,12,12,0,5,9,0,-1,-1,-1
CTGCCATGTGAATGAT-1,0,13,0,9,17,0,10,14,0,0,7,0,0,15,0,14,16,0,-1,-1,-1,12,12,0,5,9,0,-1,-1,-1
TTTACCAAGTAGCAAT-1,6,13,0,9,17,0,0,14,0,0,7,0,5,15,0,5,16,0,0,0,0,12,12,0,5,9,0,-1,-1,-1
GAGGCAAGTAAGTAGT-1,0,5,0,0,4,1,0,5,0,1,1,1,0,4,0,4,4,0,-1,-1,-1,-1,-1,-1,0,2,0,-1,-1,-1
((((CTTCAATAGGCCGCTT-1:5.013,AAGATAGCAGAGACTG-1:0.591)I30:0.928,AACAAGATCGTTAGTG-1:13.272)I29:3.525,((((TTTAGTCCAGATAAAC-1:6.035,TACCCGTTCAGAGCGA-1:1.3)I28:10.7,(AGCATCACACAAGGTG-1:9.227,(ATCTCTAAGGCATCGA-1:8.034,(TCCTTTCGTATGCTTG-1:9.144,ATTCTACTCCTTTGAT-1:7.007)I27:1.157)I26:6.587)I25:1.112)I24:0,((GCAACATCAGCGTACC-1:3,(((CTTCCGATCTTAGTTC-1:3,((GTAATCGCAAGTGACG-1:0,AGGAGGTGTCCACATA-1:2)I23:0,((TTGAACGGTGCAGTGA-1:4,AAAGTGACACGCAAAG-1:4)I22:0,((GTGACGCGTAGTTACC-1:0,GTAACACCATCCTCAC-1:0)I21:1,((CACTTCGTCTGGTTGA-1:2,CGAAGGAGTAAGTCAA-1:2)I20:0,ATTCGTTGTCCTTAAG-1:3)I19:0)I18:1)I17:0)I16:1)I15:0,(TCCTCTTTCCAGCAAT-1:2.001,GGGATCCAGCCATATC-1:1.001)I14:0.999)I13:0,GGAAGTGTCTTCACAT-1:1)I12:0)I11:3.004,((CTAGGTAGTTGATCGT-1:5.143,(AATCGTGAGAAACCAT-1:2.59,ATCGTAGCATGACAGG-1:3.016)I10:1.399)I9:1.011,(GCTGGGTTCATTACTC-1:1,ATCACGAGTAGACGGT-1:6)I8:0)I7:1.004)I6:6.996)I5:0,(AAAGGTAGTGACTCTA-1:6.017,(CATCCCAGTTTGTTCT-1:1.031,TCCCACATCTTGGAAC-1:4.031)I4:1.985)I3:7.983)I2:0)I1:3)I0;
I0,0,0,0,0,0,0,0,0,0,0,0,0,0,0,0,0,0,0,0,0,0,0,0,0,0,0,0,0,0,0
I1,0,0,0,0,0,0,0,0,0,0,0,0,0,0,0,0,0,0,0,0,0,0,0,0,0,0,0,-1,-1,-1
I2,0,0,0,0,0,0,0,0,0,0,0,0,0,0,0,0,0,0,0,0,0,0,0,0,0,0,0,-1,-1,-1
I3,0,3,0,0,0:0.01/2:0.99,0,0,3,0,0,0,0,0,3,0,0,2,0,2,3,0,0,3,0,0,0,0,-1,-1,-1
I4,0,3,0,0:0.02/10:0.98,2,0,0,3,0,0,0,0,0,3,0,0:0.01/5:0.99,2,0,2,3,0,0,3,0,0,0,0,-1,-1,-1
TCCCACATCTTGGAAC-1,0,3,0,10,2,0,0,3,0,21,23,0,0,3,0,5,2,0,2,3,0,0,3,0,18,21,0,-1,-1,-1
CATCCCAGTTTGTTCT-1,0,3,0,10,2,0,0,3,0,0,13,0,0,3,0,5,2,0,2,3,0,0,3,0,0,0,0,-1,-1,-1
AAAGGTAGTGACTCTA-1,0,3,0,0,2,0,2,3,0,-1,-1,-1,0,3,0,2,2,0,2,3,0,0,3,0,0,1,0,-1,-1,-1
I5,0,0,0,0,0,0,0,0,0,0,0,0,0,0,0,0,0,0,0,0,0,0,0,0,0,0,0,-1,-1,-1
I6,0,4,0,1,3,0,0,4,0,0,3,0,0,0,0,0,0,0,0,0,0,0,4,1,0,0,0,-1,-1,-1
I7,0,4,0,1,3,0,0,4,0,0,3,0,0,0,0,0,0,0,0,0,0,2,4,1,0,0,0,-1,-1,-1
I8,0,4,0,1,3,0,0,4,0,0,3,0,0,0,0,0,0,0,0,0,0,2,4,1,0,0,0,-1,-1,-1
ATCACGAGTAGACGGT-1,0,4,0,1,3,0,0,4,0,0,3,0,0,0,0,-1,-1,-1,4,0,0,2,4,1,8,2,0,-1,-1,-1
GCTGGGTTCATTACTC-1,0,4,0,1,3,0,0,4,0,0,3,0,0,0,0,0,0,0,0,0,0,2,4,1,0,16,0,-1,-1,-1
I9,0,4,0,1,3,0,0,4,0,0,3,0:0.14/2:0.86,0,0,0,0,0,0,0,0,0,2,4,1,0,0:0.85/6:0.15,0,-1,-1,-1
I10,0,4,0,1,3,0,0,4,0,6,3,0:0.02/2:0.98,0,0,0,0,0,0,0,0,0,2,4,1,0,0:0.57/6:0.43,0,-1,-1,-1
ATCGTAGCATGACAGG-1,0,4,0,1,3,0,0,4,0,6,3,2,0,0,0,0,0,0,0,0,0,2,4,1,-1,-1,-1,-1,-1,-1
AATCGTGAGAAACCAT-1,0,4,0,1,3,0,0,4,0,6,3,2,0,0,0,5,4,0,0,0,0,2,4,1,0,6,0,-1,-1,-1
CTAGGTAGTTGATCGT-1,0,4,0,1,3,0,0,4,0,0,3,2,0,0,0,12,4,0,0,0,0,2,4,1,-1,-1,-1,-1,-1,-1
I11,0,4,0,1,3,0,0,4,0,0,3,0,0,0,0,0,0,0,0,0,0,0,4,1,-1,-1,-1,-1,-1,-1
I12,0,4,0,1,3,0,0,4,0,0,3,0,0,0,0,0,0,0,0,0,0,0,4,1,-1,-1,-1,-1,-1,-1
GGAAGTGTCTTCACAT-1,0,4,0,1,3,0,0,4,0,0,3,0,0,0,0,0,12,0,0,0,0,0,4,1,-1,-1,-1,-1,-1,-1
I13,0,4,0,1,3,0,0,4,0,0,3,0,0,0,0,0,0,0,0,0,0,0,4,1,-1,-1,-1,-1,-1,-1
I14,0,4,0,1,3,0,0,4,0,18,3,0,0,0,0,0,0,0,0,0,0,0,4,1,-1,-1,-1,-1,-1,-1
GGGATCCAGCCATATC-1,0,4,0,1,3,0,0,4,0,18,3,0,0,0,0,0,23,0,0,0,0,0,4,1,-1,-1,-1,-1,-1,-1
TCCTCTTTCCAGCAAT-1,0,4,0,1,3,0,0,4,0,18,3,0,0,0,0,0,26,4,0,0,0,0,4,1,-1,-1,-1,-1,-1,-1
I15,0,4,0,1,3,0,0,4,0,0,3,0,0,0,0,0,0,0,0,0,0,0,4,1,-1,-1,-1,-1,-1,-1
I16,0,4,0,1,3,0,0,4,0,0,3,0,0,0,0,0,0,0,0,0,0,2,4,1,-1,-1,-1,-1,-1,-1
I17,0,4,0,1,3,0,0,4,0,0,3,0,0,0,0,0,0,0,0,0,0,2,4,1,-1,-1,-1,-1,-1,-1
I18,0,4,0,1,3,0,0,4,0,0,3,0,0,0,0,0,0,0,4,0,0,2,4,1,-1,-1,-1,-1,-1,-1
I19,0,4,0,1,3,0,0,4,0,0,3,0,0,0,0,0,0,0,4,0,0,2,4,1,-1,-1,-1,-1,-1,-1
ATTCGTTGTCCTTAAG-1,0,4,0,1,3,0,0,4,0,0,3,0,0,0,0,-1,-1,-1,4,0,0,2,4,1,-1,-1,-1,-1,-1,-1
I20,0,4,0,1,3,0,0,4,0,0,3,0,0,0,0,0,0,0,4,0,0,2,4,1,-1,-1,-1,-1,-1,-1
CGAAGGAGTAAGTCAA-1,0,4,0,1,3,0,0,4,0,0,3,0,0,0,0,18,6,0,4,0,0,2,4,1,-1,-1,-1,-1,-1,-1
CACTTCGTCTGGTTGA-1,0,4,0,1,3,0,0,4,0,0,3,0,0,0,0,17,19,0,4,0,0,2,4,1,-1,-1,-1,-1,-1,-1
I21,0,4,0,1,3,0,0,4,0,0,3,0,0,0,0,0,4,0,4,0,0,2,4,1,-1,-1,-1,-1,-1,-1
GTAACACCATCCTCAC-1,0,4,0,1,3,0,0,4,0,0,3,0,0,0,0,0,4,0,4,0,0,2,4,1,-1,-1,-1,-1,-1,-1
GTGACGCGTAGTTACC-1,0,4,0,1,3,0,0,4,0,0,3,0,0,0,0,0,4,0,4,0,0,2,4,1,-1,-1,-1,-1,-1,-1
I22,0,4,0,1,3,0,0,4,0,0,3,0,0,0,0,0,0,0,0,0,0,2,4,1,-1,-1,-1,-1,-1,-1
AAAGTGACACGCAAAG-1,0,4,0,1,3,0,0,4,0,0,3,0,0,0,0,3,3,0,3,4,0,2,4,1,-1,-1,-1,-1,-1,-1
TTGAACGGTGCAGTGA-1,2,4,0,1,3,0,0,4,0,0,3,0,0,0,0,9,11,1,0,0,0,2,4,1,-1,-1,-1,-1,-1,-1
I23,0,4,0,1,3,0,0,4,0,0,3,0,0,0,0,0,0,0,0,0,0,2,4,1,-1,-1,-1,-1,-1,-1
AGGAGGTGTCCACATA-1,0,4,0,1,3,0,0,4,0,0,3,0,0,0,0,13,15,0,0,0,0,2,4,1,-1,-1,-1,-1,-1,-1
GTAATCGCAAGTGACG-1,0,4,0,1,3,0,0,4,0,0,3,0,0,0,0,0,0,0,0,0,0,2,4,1,-1,-1,-1,-1,-1,-1
CTTCCGATCTTAGTTC-1,0,4,0,1,3,0,0,4,0,0,3,0,6,0,0,0,4,0,0,0,0,5,4,1,-1,-1,-1,-1,-1,-1
GCAACATCAGCGTACC-1,0,4,0,1,3,0,0,4,0,0,3,0,0,0,0,-1,-1,-1,0,0,0,0,4,1,-1,-1,-1,-1,-1,-1
I24,0,0,0,0,0,0,0,0,0,0,0,0,0,0,0,0,0,0,0,0,0,0,0,0,0,0,0,-1,-1,-1
I25,0,0,0,0,0,0,0,0,0,0,0,0,0,0,0,0,0,0,0,0,0,0,0:0.23/11:0.77,0,0:0.83/10:0.17,0:0.83/12:0.17,0,-1,-1,-1
I26,0,0,0,0:0.01/10:0.99,0:0.01/7:0.99,0,0,0,0,0,0,0,0,0,0,0:0.01/5:0.99,18,0,0:0.63/11:0.37,0:0.63/22:0.37,0,0,11,0,10,12,0,-1,-1,-1
I27,0,0,0,10,7,0,0,16,0,0,0,0,0,0,0,5,18,0,0:0.57/11:0.43,0:0.57/22:0.43,0,0,11,0,10,12,0,-1,-1,-1
ATTCTACTCCTTTGAT-1,0,0,0,10,7,0,0,16,0,0,0,0,0,0,0,5,18,2,-1,-1,-1,0,11,0,-1,-1,-1,-1,-1,-1
TCCTTTCGTATGCTTG-1,8,9,0,10,7,0,0,16,0,21,7,4,0,14,0,5,18,5,11,22,0,24,11,0,10,12,0,-1,-1,-1
ATCTCTAAGGCATCGA-1,0,11,0,10,7,0,4,15,0,0,10,0,0,6,0,5,18,0,-1,-1,-1,0,11,0,10,12,0,-1,-1,-1
AGCATCACACAAGGTG-1,0,12,0,0,14,0,0,14,0,0,0,0,0,0,0,0,3,0,0,10,0,1,11,0,-1,-1,-1,-1,-1,-1
I28,0,0,0,0,31,0,0:0.01/6:0.99,23,0,0:0.01/3:0.99,0:0.01/5:0.99,0,0,25,0,0,0:0.01/10:0.99,0,0,19,0,22,0:0.01/20:0.99,0,0,0:0.27/19:0.73,0,-1,-1,-1
TACCCGTTCAGAGCGA-1,0,7,0,0,31,0,6,23,0,3,5,0,0,25,0,0,10,0,0,19,0,22,20,0,0,19,0,-1,-1,-1
TTTAGTCCAGATAAAC-1,0,5,0,5,31,8,6,23,0,3,5,0,0,25,0,0,10,0,0,19,0,22,20,0,-1,-1,-1,-1,-1,-1
I29,0,0,0,0,0,0,0,0,0,0,0,0,0,0,0,0,0,0,0:0.08/-1:0.91/2:0.001/3:0.002/5:0.009/6:0.006/7:0.002/8:0.003/9:0.002/11:0.008/12:0.001/14:0.007,0:0.08/-1:0.91/1:0.005/2:0.001/3:0.001/4:0.002/5:0.009/6:0.008/7:0.009/8:0.008/10:0.003/11:0.002/12:0.002/13:0.009/16:0.002/17:0.004/18:0.004/20:0.002/22:0.003/23:0.001,0:0.08/-1:0.91/1:0.001,0,0,0,0:0.62/2:0.38,0:0.62/3:0.38,0,-1,-1,-1
AACAAGATCGTTAGTG-1,4,6,1,3,5,0,0,0,0,0,4,0,3,5,0,0,5,0,-1,-1,-1,0,6,0,-1,-1,-1,-1,-1,-1
I30,0,0,0,0,0,0,0,0,0,0,0,0,0,0,0,0,0,0,-1,-1,-1,0,0,0,0:0.29/2:0.71,0:0.29/3:0.71,0,-1,-1,-1
AAGATAGCAGAGACTG-1,0,0,0,0,0,0,0,0,0,0,0,0,0,0,0,0,0,0,-1,-1,-1,0,0,0,2,3,0,-1,-1,-1
CTTCAATAGGCCGCTT-1,0,0,0,0,0,0,0,0,0,0,0,0,0,0,0,0,20,0,-1,-1,-1,0,14,0,-1,-1,-1,-1,-1,-1
((((CTTGATTGTCAAACGG-1:2.066,TTGTGGACACAAACGG-1:6.066)I23:3.002,(CCTCCTCCATGACTAC-1:6.011,((((GACCGTGGTGTAACGG-1:1.041,ATTTCACCACAGAGCA-1:2.041)I22:2.965,(TAGACTGTCATCAGTG-1:2,TCCCATGTCTACTATC-1:5)I21:0)I20:1,((((TAGTGCATCGAAGAAT-1:8,CATCGGGCATCTAACG-1:4)I19:0,(ATCTTCATCGGTCAGC-1:0.703,(GCGTTTCCACAAGCCC-1:0,((TAACTTCCAGGCATGA-1:0,ATGGAGGGTTGCATTG-1:0)I18:0,CTGCAGGTCAGGAACG-1:0)I17:0)I16:3.043)I15:4.302)I14:0,(GACACGCCACGGCTAC-1:1,(ATGAGTCGTCGATGCC-1:1,(CCGTGAGTCATCGCAA-1:0,AACAACCTCCGTAATG-1:0)I13:1)I12:0)I11:7)I10:0,((TGGAGGAGTTAGCGGA-1:3.036,AGAGAGCCATGCGGTC-1:1.036)I9:2.049,ATTGTTCCAAACGGCA-1:2.085)I8:2.924)I7:0)I6:1.022,TGATCAGGTCGTGTTA-1:4.022)I5:0.989)I4:2.057)I3:3.982,(CATGCAATCAACTGAC-1:4.963,GGGCGTTTCGCCGAGT-1:9.168)I2:5.452)I1:7.584)I0;
I0,0,0,0,0,0,0,0,0,0,0,0,0,0,0,0,0,0,0,0,0,0,0,0,0,0,0,0,0,0,0
I1,0,0,0,0,0,0,0,0,0,1,1,0:0.01/1:0.99,0,0:0.01/4:0.99,0,0:0.01/4:0.99,0:0.01/4:0.99,0,0,0,0,0,0,0,0,2,0,0:0.69/1:0.31,0:0.69/1:0.31,0
I2,0,0,0,0,4,0:0.02/1:0.98,0,0:0.03/5:0.97,0,1,1,1,0,4,0,4,4,0,0,0,0,0,0:0.05/5:0.95,0,0:0.06/8:0.94,2,0,0:0.4/1:0.6,0:0.4/1:0.6,0
GGGCGTTTCGCCGAGT-1,0,0,0,2,4,1,2,5,0,1,1,1,15,4,0,4,4,0,8,18,0,3,5,0,8,2,0,-1,-1,-1
CATGCAATCAACTGAC-1,0,5,0,0,4,1,0,5,0,1,1,1,12,4,0,4,4,0,0,5,0,1,5,0,8,2,0,1,1,0
I3,0,5,0,0,0,0,0,0,0,1,1,1,0,4,0,4,4,0,0,0,0,0,0,0,0,2,0,0:0.01/-1:0.98/1:0.01,0:0.01/-1:0.98/1:0.01,0:0.02/-1:0.98
I4,0,5,0,0,4,0:0.01/1:0.99,0,0,0,1,1,1,0,4,0,4,4,0,0,0,0,0,0,0,0,2,0,-1,-1,-1
I5,0,5,0,0,4,1,0,0:0.02/5:0.98,0,1,1,1,0,4,0,4,4,0,0,0,0,0,0,0,0,2,0,-1,-1,-1
TGATCAGGTCGTGTTA-1,15,5,0,0,4,1,10,5,0,1,1,1,0,4,0,4,4,0,0,0,0,20,2,0,0,2,0,-1,-1,-1
I6,0,5,0,0,4,1,0,5,0,1,1,1,0,4,0,4,4,0,0,0,0,0,5,0,0,2,0,-1,-1,-1
I7,0,5,0,0,4,1,0,5,0,1,1,1,0,4,0,4,4,0,0,0,0,0,5,0,0,2,0,-1,-1,-1
I8,0,5,0,0,4,1,0,5,0,1,1,1,0,4,0,4,4,0,0:0.03/-1:0.97,0:0.03/-1:0.97,0:0.03/-1:0.97,0,5,0,0,2,0,-1,-1,-1
ATTGTTCCAAACGGCA-1,0,5,0,6,4,1,0,5,0,1,1,1,0,4,0,4,4,0,-1,-1,-1,0,5,0,12,2,0,-1,-1,-1
I9,0:0.02/2:0.98,5,0,0,4,1,0,5,0,1,1,1,0:0.02/7:0.98,4,0,4,4,0,-1,-1,-1,0,5,0,0,2,0,-1,-1,-1
AGAGAGCCATGCGGTC-1,2,5,0,0,4,1,0,5,0,1,1,1,7,4,0,4,4,0,-1,-1,-1,2,5,0,0,2,0,-1,-1,-1
TGGAGGAGTTAGCGGA-1,2,5,0,0,4,1,17,5,0,1,1,1,7,4,0,4,4,0,-1,-1,-1,1,5,0,8,2,0,-1,-1,-1
I10,0,5,0,0,4,1,0,5,0,1,1,1,0,4,0,4,4,0,0,0,0,0,5,0,0,2,0,-1,-1,-1
I11,3,5,0,2,4,1,2,5,0,1,1,1,0,4,0,4,4,0,-1,-1,-1,3,5,0,0,2,0,-1,-1,-1
I12,3,5,0,2,4,1,2,5,0,1,1,1,0,4,0,4,4,0,-1,-1,-1,3,5,0,0,2,0,-1,-1,-1
I13,3,5,0,2,4,1,2,5,0,1,1,1,0,4,0,4,4,0,-1,-1,-1,3,5,0,1,2,0,-1,-1,-1
AACAACCTCCGTAATG-1,3,5,0,2,4,1,2,5,0,1,1,1,0,4,0,4,4,0,-1,-1,-1,3,5,0,1,2,0,-1,-1,-1
CCGTGAGTCATCGCAA-1,3,5,0,2,4,1,2,5,0,1,1,1,0,4,0,4,4,0,-1,-1,-1,3,5,0,1,2,0,-1,-1,-1
ATGAGTCGTCGATGCC-1,3,5,0,2,4,1,2,5,0,1,1,1,0,4,0,4,4,0,-1,-1,-1,3,5,0,8,2,0,-1,-1,-1
GACACGCCACGGCTAC-1,3,5,0,2,4,1,2,5,0,1,1,1,5,4,0,4,4,0,-1,-1,-1,3,5,0,0,2,0,-1,-1,-1
I14,0,5,0,0,4,1,0,5,0,1,1,1,0,4,0,4,4,0,0,0,0,0,5,0,0,2,0,-1,-1,-1
I15,0,5,0,0,4,1,0,5,0,1,1,1,0,4,0,4,4,0,0:0.33/5:0.67,0:0.33/12:0.67,0,0:0.01/-1:0.99,-1:0.99/5:0.01,0:0.01/-1:0.99,0,2,0,-1,-1,-1
I16,0,5,0,0,4,1,0,5,0,1,1,1,0,4,0,4,4,0,-1,-1,-1,-1,-1,-1,0,2,0,-1,-1,-1
I17,0,5,0,0,4,1,0,5,0,1,1,1,0,4,0,4,4,0,-1,-1,-1,-1,-1,-1,0,2,0,-1,-1,-1
CTGCAGGTCAGGAACG-1,0,5,0,0,4,1,0,5,0,1,1,1,0,4,0,4,4,0,-1,-1,-1,-1,-1,-1,0,2,0,-1,-1,-1
I18,0,5,0,0,4,1,0,5,0,1,1,1,0,4,0,4,4,0,-1,-1,-1,-1,-1,-1,0,2,0,-1,-1,-1
ATGGAGGGTTGCATTG-1,0,5,0,0,4,1,0,5,0,1,1,1,0,4,0,4,4,0,-1,-1,-1,-1,-1,-1,0,2,0,-1,-1,-1
TAACTTCCAGGCATGA-1,0,5,0,0,4,1,0,5,0,1,1,1,0,4,0,4,4,0,-1,-1,-1,-1,-1,-1,0,2,0,-1,-1,-1
GCGTTTCCACAAGCCC-1,0,5,0,0,4,1,0,5,0,1,1,1,0,4,0,4,4,0,-1,-1,-1,-1,-1,-1,0,2,0,-1,-1,-1
ATCTTCATCGGTCAGC-1,0,5,0,0,4,1,0,5,0,1,1,1,0,4,0,4,4,0,5,12,0,-1,-1,-1,0,2,0,-1,-1,-1
I19,0,5,0,0,4,1,0,5,0,1,1,1,0,4,0,4,4,0,0,0,0,0,5,0,0,2,0,-1,-1,-1
CATCGGGCATCTAACG-1,0,5,0,0,4,1,0,5,0,1,1,1,0,4,0,4,4,0,0,14,0,-1,-1,-1,0,2,0,-1,-1,-1
TAGTGCATCGAAGAAT-1,2,5,0,0,4,1,3,5,0,1,1,1,7,4,0,4,4,0,0,18,0,1,5,0,-1,-1,-1,-1,-1,-1
I20,0,5,0,0,4,1,11,5,0,1,1,1,0,4,0,4,4,0,0,0,0,0,5,0,0,2,0,-1,-1,-1
I21,0,5,0,0,4,1,11,5,0,1,1,1,0,4,0,4,4,0,0,0,0,0,5,0,0,2,0,-1,-1,-1
TCCCATGTCTACTATC-1,0,5,0,22,4,1,11,5,0,1,1,1,0,4,0,4,4,3,10,21,2,0,5,0,0,2,0,-1,-1,-1
TAGACTGTCATCAGTG-1,0,5,0,0,4,1,11,5,0,1,1,1,0,4,0,4,4,0,9,20,0,0,5,0,0,2,0,-1,-1,-1
I22,0,5,0,0,4,1,11,5,0,1,1,1,0,4,0,4,4,0,0:0.01/-1:0.99,0:0.01/-1:0.99,0:0.01/-1:0.99,0,5,0,0,2,0,-1,-1,-1
ATTTCACCACAGAGCA-1,0,5,0,0,4,1,11,5,0,1,1,1,0,4,0,4,4,0,-1,-1,-1,13,5,0,7,2,0,-1,-1,-1
GACCGTGGTGTAACGG-1,0,5,0,0,4,1,11,5,0,1,1,1,0,4,2,4,4,0,-1,-1,-1,0,5,0,0,2,0,-1,-1,-1
CCTCCTCCATGACTAC-1,0,5,0,0,4,1,13,19,1,1,1,1,13,4,0,4,4,0,0,9,0,0,14,0,0,2,0,-1,-1,-1
I23,0,5,0,0,0,0,11,0:0.02/5:0.98,0,1,1,1,0,4,0,4,4,0,0,0,0,0,0:0.04/5:0.96,0,0,2,0,-1,-1,-1
TTGTGGACACAAACGG-1,0,5,0,24,37,7,11,5,0,1,1,1,0,4,0,4,4,0,-1,-1,-1,0,5,0,0,2,0,-1,-1,-1
CTTGATTGTCAAACGG-1,0,5,0,0,0,0,11,5,0,1,1,1,15,4,0,4,4,0,0,0,0,0,5,0,15,2,0,-1,-1,-1
((CACTTCGCAAAGGAGA-1:3.031,(((CAAGACTTCGCGTGAC-1:10.035,((CTCCTTTCATGATGCT-1:3.047,(TACAGGTAGACTAGAT-1:2.013,(AGGTGTTTCCAATGCA-1:1,(AGAGCCCCACACCGAC-1:2,TCTGCCACAAGCGATG-1:5)I23:0)I22:1.013)I21:1.034)I20:2.958,AGTCAACGTCTGTGGC-1:2.908)I19:1.656)I18:5.616,(GAAATGACAACCGTGC-1:12.28,(ATTCGTTTCGAGCACC-1:1.799,(CCTCACATCACGATCA-1:0,AAGGAATTCTTCCGTG-1:0)I17:7.089)I16:6.178)I15:2.205)I14:2.838,(TGATGGTGTACAGCGA-1:14.828,((((AGATGCTTCGCTGATA-1:2.021,TTTGATCTCGGTCTAA-1:4.021)I13:1.018,AGAGCAGGTTGTCTAG-1:5.039)I12:1.037,AGTACCACAGGCCTGT-1:6.075)I11:3.985,(TTACCGCGTGGAGAAA-1:3.002,(CTGCGAGTCGATCCAA-1:6.002,(AGGCCACAGTGAGCCA-1:5.012,(TCGCTTGAGCAATTAG-1:4.011,(CCTCCTCCAATAGGGC-1:5.014,(TGGATCAGTTGCTCAA-1:0.003,CCTTTGGTCGAGAACG-1:2.003)I10:0.011)I9:2.999)I8:0)I7:2.992)I6:0)I5:1.051)I4:3.031)I3:4.131)I2:1.072)I1:0.969)I0;
I0,0,0,0,0,0,0,0,0,0,0,0,0,0,0,0,0,0,0,0,0,0,0,0,0,0,0,0,0,0,0
I1,0,0,0,0,0,0,0,0,0,0,0,0,0,0,0,0,0,0,0,0,0,0,0:0.03/5:0.97,0,0,0,0,0,0,0
I2,0,5,0,0,0,0,0,0,0,0,0,0,0,0,0,0,0,0,0,0,0,0,5,0,0,0,0,0,0:0.95/2:0.05,0
I3,0,5,0,0,0,0,0,0:0.04/5:0.96,0,0,0:0.02/10:0.98,0,0:0.01/8:0.99,0:0.01/12:0.99,0,0,0,0,0,0,0,0,5,0,0,0,0,0,0:0.75/2:0.25,0
I4,0,5,0,0,0,0,0,5,0,0,10,0,8,12,0,0,0,0,0,0,0,0,5,0,0,0,0,0:0.02/-1:0.98,0:0.01/-1:0.98/2:0.01,0:0.02/-1:0.98
I5,0,5,0,0,0,0,6,5,0,0,10,0,8,12,0,0,0,0,0,0,0,0,5,0,0,0,0,-1,-1,-1
I6,0,5,0,0,0,0,6,5,0,0,10,0,8,12,0,0,0,0,0,0,0,0,5,0,0,0,0,-1,-1,-1
I7,0,5,0,0,0,0,6,5,0,0,10,0,8,12,0,0,0,0,-1,-1,-1,0,5,0,0,0,0,-1,-1,-1
I8,0,5,0,0,0,0,6,5,0,0,10,0,8,12,0,0,0,0,-1,-1,-1,0,5,0,0,0,0,-1,-1,-1
I9,0,5,0,0,0,0,6,5,0,0,10,0,8,12,0,0,0,0,-1,-1,-1,0,5,0,-1,-1,-1,-1,-1,-1
I10,0,5,0,0,0,0,6,5,0,0,10,0,8,12,0,0,0,0,-1,-1,-1,0,5,0,-1,-1,-1,-1,-1,-1
CCTTTGGTCGAGAACG-1,11,5,0,0,0,0,6,5,0,4,10,0,8,12,0,0,0,0,-1,-1,-1,0,5,0,-1,-1,-1,-1,-1,-1
TGGATCAGTTGCTCAA-1,0,5,0,0,0,0,6,5,0,0,10,0,8,12,0,0,0,0,-1,-1,-1,0,5,0,-1,-1,-1,-1,-1,-1
CCTCCTCCAATAGGGC-1,2,5,0,0,0,0,6,5,0,13,10,0,8,12,0,5,4,0,-1,-1,-1,18,5,0,-1,-1,-1,-1,-1,-1
TCGCTTGAGCAATTAG-1,0,5,0,0,34,0,6,5,0,0,10,0,8,12,0,22,27,0,-1,-1,-1,0,5,0,0,10,0,-1,-1,-1
AGGCCACAGTGAGCCA-1,0,5,0,6,16,0,6,5,0,0,10,0,8,12,0,5,6,0,-1,-1,-1,0,5,0,0,8,0,-1,-1,-1
CTGCGAGTCGATCCAA-1,0,5,0,0,0,0,6,5,0,0,10,0,8,12,0,5,7,0,0,15,0,0,5,0,-1,-1,-1,-1,-1,-1
TTACCGCGTGGAGAAA-1,0,5,0,0,0,0,6,5,0,0,10,0,8,12,0,0,0,0,0,8,0,0,5,0,20,22,0,-1,-1,-1
I11,0,5,0,0,0,0,0,5,0,0,10,0,8,12,0,0,0,0,0,0:0.01/8:0.99,0,0,5,0,0:0.02/-1:0.98,0:0.02/-1:0.98,0:0.02/-1:0.98,-1,-1,-1
AGTACCACAGGCCTGT-1,0,5,0,3,19,0,6,5,0,11,10,0,8,12,0,16,6,0,0,8,0,0,5,0,-1,-1,-1,-1,-1,-1
I12,0,5,0,0:0.03/5:0.97,0,0,0,5,0,0,10,0,8,12,0,0,0,0,0,8,0,0,5,0,-1,-1,-1,-1,-1,-1
AGAGCAGGTTGTCTAG-1,0,5,0,5,11,0,6,5,0,0,10,0,8,12,0,-1,-1,-1,0,8,0,0,5,0,-1,-1,-1,-1,-1,-1
I13,0,5,0,5,0:0.02/13:0.98,0,0,5,0,0,10,0,8,12,0,0,0,0,0,8,0,0,5,0,-1,-1,-1,-1,-1,-1
TTTGATCTCGGTCTAA-1,8,5,0,5,13,0,2,5,0,17,10,0,8,12,0,0,20,0,0,8,0,0,5,0,-1,-1,-1,-1,-1,-1
AGATGCTTCGCTGATA-1,0,5,0,5,13,0,4,5,0,9,10,0,8,12,0,0,0,0,0,8,0,0,5,0,-1,-1,-1,-1,-1,-1
TGATGGTGTACAGCGA-1,2,5,0,12,36,0,6,5,0,13,10,5,8,12,0,-1,-1,-1,12,23,0,0,5,0,-1,-1,-1,0,2,0
I14,0,5,0,0,0,0,0,0,0,0,0,0,0,0,0,0,0,0,0,0,0,0,5,0,0,0,0,0:0.06/-1:0.94,0:0.05/-1:0.94/2:0.01,0:0.06/-1:0.94
I15,0,5,0,0,0:0.12/7:0.88,0,0,0:0.11/5:0.89,0,0,0,0,0,0,0,0,0,0,0,0,0,0,5,0,0:0.85/11:0.15,0:0.85/13:0.15,0,0:0.02/-1:0.98,0:0.02/-1:0.98,0:0.02/-1:0.98
I16,0,5,0,0,7,0,0,5,0,0,0:0.02/7:0.98,0,0,0:0.02/8:0.98,0,0:0.01/4:0.99,0:0.02/6:0.98,0,0,0:0.02/7:0.98,0,0,5,0,0:0.35/11:0.65,0:0.35/13:0.65,0,-1,-1,-1
I17,6,5,0,5,7,0,3,5,0,4,7,0,0,8,0,4,6,0,0,7,0,0,5,0,-1,-1,-1,-1,-1,-1
AAGGAATTCTTCCGTG-1,6,5,0,5,7,0,3,5,0,4,7,0,0,8,0,4,6,0,0,7,0,0,5,0,-1,-1,-1,-1,-1,-1
CCTCACATCACGATCA-1,6,5,0,5,7,0,3,5,0,4,7,0,0,8,0,4,6,0,0,7,0,0,5,0,-1,-1,-1,-1,-1,-1
ATTCGTTTCGAGCACC-1,0,5,0,0,7,0,0,5,0,13,7,0,0,8,0,4,6,0,0,7,0,0,5,0,11,13,0,-1,-1,-1
GAAATGACAACCGTGC-1,13,5,0,0,7,0,5,5,0,4,18,0,14,16,0,1,0,0,6,13,0,0,5,0,-1,-1,-1,-1,-1,-1
I18,0,5,0,7,12,0,0,0,0,0,0,0,0,0:0.02/8:0.98,0,0,0:0.01/13:0.99,0,0,0:0.3/9:0.7,0,0,5,0,0:0.62/7:0.38,0:0.62/8:0.38,0,-1,-1,-1
I19,0,5,0,7,12,0,0,13,0,0,0,0,0,8,0,0,13,0,0,9,0,0,5,0,0:0.45/7:0.55,0:0.45/8:0.55,0,-1,-1,-1
AGTCAACGTCTGTGGC-1,0,5,0,7,12,0,4,13,0,0,0,0,0,8,0,5,13,0,0,9,0,0,5,0,7,8,0,-1,-1,-1
I20,0,5,0,7,12,0,0,13,0,0,0,0,0,8,0,0,13,0,0,9,0,0,5,0,0:0.01/-1:0.98/7:0.01,0:0.01/-1:0.98/8:0.01,0:0.01/-1:0.98/1:0.001,-1,-1,-1
I21,0,5,0,7,12,0,0,13,0,0,0,0,0,8,0,0:0.01/5:0.99,13,0,0,9,0,0,5,0,-1,-1,-1,-1,-1,-1
I22,0,5,0,7,12,0,7,13,0,0,0,0,0,8,0,5,13,0,0,9,0,0,5,0,-1,-1,-1,-1,-1,-1
I23,0,5,0,7,12,0,7,13,0,0,0,0,0,8,0,5,13,0,0,9,0,0,5,0,-1,-1,-1,-1,-1,-1
TCTGCCACAAGCGATG-1,0,5,0,7,12,0,7,13,0,0,11,0,23,8,0,5,13,0,-1,-1,-1,0,5,0,-1,-1,-1,-1,-1,-1
AGAGCCCCACACCGAC-1,0,5,0,7,12,0,7,13,0,8,7,0,0,8,0,5,13,0,0,9,0,0,5,0,-1,-1,-1,-1,-1,-1
AGGTGTTTCCAATGCA-1,0,5,0,7,12,0,7,13,0,0,0,0,9,8,0,5,13,0,0,9,0,0,5,0,-1,-1,-1,-1,-1,-1
TACAGGTAGACTAGAT-1,0,5,0,7,12,0,15,13,0,0,0,0,0,8,0,5,13,0,0,9,0,1,5,0,-1,-1,-1,-1,-1,-1
CTCCTTTCATGATGCT-1,0,5,0,7,12,0,14,13,0,0,17,0,0,8,0,8,13,0,0,9,0,0,5,0,-1,-1,-1,-1,-1,-1
CAAGACTTCGCGTGAC-1,6,5,0,7,12,0,0,17,0,0,0,0,7,8,0,5,13,0,-1,-1,-1,0,5,0,-1,-1,-1,-1,-1,-1
CACTTCGCAAAGGAGA-1,0,0,0,0,0,0,0,0,0,0,0,0,0,0,0,0,0,0,0,13,0,16,5,0,0,15,0,0,0,0
((TCTACCGGTGCGGTAA-1:17.53,(ATTGGGTCAGAATGTA-1:5.483,((TCATTACTCTGGAGAG-1:3,GCTACAACAAGTCATC-1:1)I8:0.001,(CACCGTTGTACGAAAT-1:5.001,(AGCCACGAGCTCAGAG-1:2.001,((CCCGGAAGTTATGTCG-1:4.999,TCATACTCACAGCATT-1:5)I7:0.001,CACAGGCAGCCTCATA-1:2)I6:0)I5:3.001)I4:0.001)I3:3.07)I2:7.97)I1:1.622)I0;
I0,0,0,0,0,0,0,0,0,0,0,0,0,0,0,0,0,0,0,0,0,0,0,0,0,0,0,0,0,0,0
I1,0,0,0,0,0,0,0,0,0,0,0,0,0,0,0,0,0,0,0,0,0,0,0,0,0,0:0.91/4:0.09,0,0:0.49/-1:0.49/1:0.004,0:0.49/-1:0.49/1:0.004/2:0.018,0:0.49/-1:0.49/1:0.02
I2,0,8,0,0,0,0,0,0,0,0:0.01/3:0.99,0:0.01/5:0.99,0,0,13,0,11,14,0,0,0,0,0,0,0,0,0:0.41/4:0.59,0,0:0.01/-1:0.98/1:0.002,0:0.01/-1:0.98/1:0.002/2:0.009,0:0.01/-1:0.98/1:0.01
I3,0,8,0,0,0,0,0,0,0,3,5,0,0,13,0,11,14,0,0,0,0,0,0,0,-1,-1,-1,-1,-1,-1
I4,0,8,0,0,0,0,0,0,0,3,5,0,0,13,0,11,14,0,0,0,0,0,0,0,-1,-1,-1,-1,-1,-1
I5,0,8,0,0,0,0,0,0,0,3,5,0,0,13,0,11,14,0,0,0,0,-1,-1,-1,-1,-1,-1,-1,-1,-1
I6,0,8,0,0,0,0,0,0,0,3,5,0,0,13,0,11,14,0,0,0,0,-1,-1,-1,-1,-1,-1,-1,-1,-1
CACAGGCAGCCTCATA-1,0,8,0,13,21,0,0,0,0,3,5,0,0,13,0,11,14,0,0,0,0,-1,-1,-1,-1,-1,-1,-1,-1,-1
I7,0,8,0,0,0,0,0,0,0,3,5,0,0,13,0,11,14,0,0,0,0,-1,-1,-1,-1,-1,-1,-1,-1,-1
TCATACTCACAGCATT-1,0,8,0,-1,-1,-1,16,14,0,3,5,0,0,13,0,11,14,0,0,0,0,-1,-1,-1,-1,-1,-1,-1,-1,-1
CCCGGAAGTTATGTCG-1,0,8,0,15,23,3,12,18,0,3,5,0,0,13,0,11,14,0,0,0,0,-1,-1,-1,-1,-1,-1,-1,-1,-1
AGCCACGAGCTCAGAG-1,0,8,0,8,15,0,0,0,0,3,5,0,0,13,0,11,14,0,0,0,0,-1,-1,-1,-1,-1,-1,-1,-1,-1
CACCGTTGTACGAAAT-1,0,8,0,14,22,2,0,0,0,3,5,0,0,13,0,11,14,0,0,0,0,15,15,0,-1,-1,-1,-1,-1,-1
I8,0,8,0,0,0,0,0,0,0,3,5,0,0,13,0,11,14,0,0,0,0,0,0,0,-1,-1,-1,-1,-1,-1
GCTACAACAAGTCATC-1,0,8,0,0,0,0,0,0,0,3,5,0,0,13,0,11,14,0,0,0,0,0,14,0,-1,-1,-1,-1,-1,-1
TCATTACTCTGGAGAG-1,0,8,0,0,0,0,10,3,0,3,5,0,0,13,0,11,14,0,0,0,0,0,7,0,-1,-1,-1,-1,-1,-1
ATTGGGTCAGAATGTA-1,0,8,0,3,7,0,0,0,0,3,5,0,0,13,0,11,14,0,0,0,0,-1,-1,-1,0,4,0,-1,-1,-1
TCTACCGGTGCGGTAA-1,13,5,0,0,7,0,5,5,0,4,18,0,14,16,0,1,0,0,6,13,0,0,5,0,-1,-1,-1,-1,-1,-1
((AGCGCCATCATGTCAG-1:2.068,((TGTCCCACATGACTCA-1:1.024,(AAGGTAAGTGTACAGG-1:1.001,GGAGATGCACACGTGC-1:2.001)I6:1.022)I5:3.025,(GGCGTCACAGCGTGAA-1:4,(AGAGAATTCGCCATAA-1:4,(TCATTTGTCGATTGAC-1:5.08,TGACAGTTCTGGCCGA-1:3.08)I4:0.92)I3:0)I2:1.046)I1:3.025)7:11.946)I0;
I0,0,0,0,0,0,0,0,0,0,0,0,0,0,0,0,0,0,0,0,0,0,0,0,0,0,0,0,0,0,0
7,0,8,0,0,0,0,0:0.01/4:0.99,7,0,5,8,0,0,0,0,5,7,0,0,0,0,0,8,0,0,5,0,0:0.01/-1:0.98/1:0.002,0:0.01/-1:0.98/1:0.002/2:0.009,0:0.01/-1:0.98/1:0.01
I1,0,8,0,0,0,0,4,7,0,5,8,0,0,0,0,5,7,0,0:0.01/-1:0.98/2:0.001/3:0.002/5:0.009/6:0.006/7:0.002/8:0.003/9:0.002/11:0.008/12:0.001/14:0.007,0:0.01/-1:0.98/1:0.005/2:0.001/3:0.001/4:0.002/5:0.009/6:0.008/7:0.009/8:0.008/10:0.003/11:0.002/12:0.002/13:0.009/16:0.002/17:0.004/18:0.004/20:0.002/22:0.003/23:0.001,0:0.01/-1:0.98/1:0.001,0,8,0,0,5,0,-1,-1,-1
I2,0,8,0,0,0,0,4,7,0,5,8,0,0,0,0,5,7,0,-1,-1,-1,0,8,0,3,5,0,-1,-1,-1
I3,0,8,0,0,0,0,4,7,0,5,8,0,0,0,0,5,7,0,-1,-1,-1,0,8,0,3,5,0,-1,-1,-1
I4,0,8,0,0,0,0,4,7,0,5,8,0,0,0,0,5,7,0,-1,-1,-1,0:0.08/5:0.92,8,0,3,5,0,-1,-1,-1
TGACAGTTCTGGCCGA-1,0,8,0,0,4,1,4,7,0,5,8,0,0,4,0,5,7,0,-1,-1,-1,5,8,0,3,5,0,-1,-1,-1
TCATTTGTCGATTGAC-1,0,8,0,0,32,5,4,7,3,5,8,0,22,27,0,5,7,0,-1,-1,-1,5,8,0,3,5,0,-1,-1,-1
AGAGAATTCGCCATAA-1,0,8,0,6,7,0,4,7,0,5,8,0,0,11,0,5,7,0,-1,-1,-1,8,8,0,3,5,0,-1,-1,-1
GGCGTCACAGCGTGAA-1,14,8,0,0,10,0,4,7,0,5,8,0,0,19,0,5,7,0,-1,-1,-1,0,8,0,3,5,2,-1,-1,-1
I5,0,8,0,0:0.01/-1:0.99,0:0.01/-1:0.99,0:0.01/-1:0.99,4,7,0,5,8,0,0,0,0,5,7,0,-1,-1,-1,0,8,0,0,5,0,-1,-1,-1
I6,0,8,0,-1,-1,-1,4,7,0,5,8,0,0,0,0,5,7,0,-1,-1,-1,0,8,0,3,5,0,-1,-1,-1
GGAGATGCACACGTGC-1,0,8,0,-1,-1,-1,4,7,0,5,8,0,0,0,0,5,7,0,-1,-1,-1,20,8,3,3,5,0,-1,-1,-1
AAGGTAAGTGTACAGG-1,0,8,0,-1,-1,-1,4,7,0,5,8,0,0,0,0,5,7,0,-1,-1,-1,5,8,0,3,5,0,-1,-1,-1
TGTCCCACATGACTCA-1,0,8,0,-1,-1,-1,4,7,0,5,8,0,0,0,0,5,7,0,-1,-1,-1,13,8,0,0,5,0,-1,-1,-1
AGCGCCATCATGTCAG-1,0,8,0,0,0,0,4,7,0,5,8,0,0,0,0,5,7,0,0,0,0,9,8,0,3,5,0,-1,-1,-1
((AGCCAATCATATACCG-1:11.645,(((AGCGTATAGCCGAACA-1:2.088,GCTCAAACACTCCGGA-1:3.088)I9:4.968,(CTGCAGGAGGATGAGA-1:5.098,CAACCTCAGCAGGCAT-1:4.02)I8:3.612)I7:2.392,((AACCTGAAGTGACACG-1:6.196,TGATGCACAGTCTCTC-1:1.196)I6:2.883,((AGAAATGTCTACGGTA-1:0,(CATCCGTGTAAGTTGA-1:1,AACGGGAAGCCGTCGT-1:1)I5:0)I4:3.013,CTAACCCTCGTTAGAC-1:0.478)I3:5.06)I2:2.485)I1:5.622)5:3.405)I0;
I0,0,0,0,0,0,0,0,0,0,0,0,0,0,0,0,0,0,0,0,0,0,0,0,0,0,0,0,0,0,0
5,0,0,0,0,0,0,0,0,0,0,0,0,0,0,0,0,0,0,0,0,0,0,0:0.08/7:0.92,0,0,0,0,0:0.17/-1:0.81/1:0.004,0:0.17/-1:0.81/1:0.004/2:0.018,0:0.17/-1:0.81/1:0.02
I1,0,7,0,0,6,0,0,0,0,3,5,0,0,0,0,0,4,0,0,0,0,0,7,0,0,0,0,-1,-1,-1
I2,0,7,0,0,6,0,0,0,0,3,5,0,0,0:0.03/6:0.97,0,0:0.03/4:0.97,4,0,0,0,0,0,7,0,0:0.74/9:0.26,0:0.74/11:0.26,0,-1,-1,-1
I3,0,7,0,4,6,0,3,7,0,3,5,0,0,6,0,4,4,0,0,6,0,0,7,0,0:0.23/9:0.77,0:0.23/11:0.77,0,-1,-1,-1
CTAACCCTCGTTAGAC-1,0,7,0,4,6,0,3,7,0,3,5,0,0,6,0,4,4,0,0,6,0,0,7,0,9,11,0,-1,-1,-1
I4,0,7,0,4,6,0,3,7,0,3,5,0,0,6,0,4,4,0,0,6,0,0,7,0,-1,-1,-1,-1,-1,-1
I5,0,7,0,4,6,0,3,7,0,3,5,0,0,6,0,4,4,0,0,6,0,0,7,0,-1,-1,-1,-1,-1,-1
AACGGGAAGCCGTCGT-1,5,7,0,4,6,0,3,7,0,3,5,0,0,6,0,4,4,0,0,6,0,0,7,0,-1,-1,-1,-1,-1,-1
CATCCGTGTAAGTTGA-1,0,7,0,4,6,0,3,7,0,3,5,0,11,6,0,4,4,0,0,6,0,0,7,0,-1,-1,-1,-1,-1,-1
AGAAATGTCTACGGTA-1,0,7,0,4,6,0,3,7,0,3,5,0,0,6,0,4,4,0,0,6,0,0,7,0,-1,-1,-1,-1,-1,-1
I6,0,7,0,0,6,0,0,0,0,3,5,0,0,6,0,4,4,0,0,0,0,0,7,0,0:0.04/-1:0.94/9:0.02,0:0.04/-1:0.94/11:0.02,0:0.06/-1:0.94,-1,-1,-1
TGATGCACAGTCTCTC-1,0,7,0,0,6,0,0,0,0,3,5,0,0,6,0,4,4,0,0,6,0,0,7,0,-1,-1,-1,-1,-1,-1
AACCTGAAGTGACACG-1,0,7,0,-1,-1,-1,0,6,0,3,5,0,0,6,0,4,4,0,0,5,0,4,7,0,-1,-1,-1,-1,-1,-1
I7,0,7,0,0,6,0,0,0,0,3,5,0,0,0,0,0:0.01/12:0.99,4,0,0,0:0.03/6:0.97,0,0,7,0,0:0.79/13:0.21,0:0.79/14:0.21,0,-1,-1,-1
I8,0,7,0,0:0.03/12:0.97,6,0,0,0,0,3,5,0,0:0.03/6:0.97,0:0.04/6:0.96,0,12,4,0,0,6,0,0,7,0,0:0.46/13:0.54,0:0.46/14:0.54,0,-1,-1,-1
CAACCTCAGCAGGCAT-1,0,7,0,12,6,0,0,7,0,3,5,0,6,6,0,12,4,0,5,6,0,14,7,0,13,14,0,-1,-1,-1
CTGCAGGAGGATGAGA-1,0,7,0,12,6,0,0,20,0,3,5,0,6,6,0,12,4,0,0,6,0,1,7,0,-1,-1,-1,-1,-1,-1
I9,0,7,0,0:0.01/5:0.99,6,0,0,0,0,3,5,0:0.02/3:0.98,0,0,0,12,4,0,0,6,0,0,7,0,0:0.01/-1:0.98/13:0.01,0:0.01/-1:0.98/14:0.01,0:0.02/-1:0.98,-1,-1,-1
GCTCAAACACTCCGGA-1,0,7,0,5,6,0,2,3,0,3,5,3,0,6,0,12,4,0,0,6,0,0,7,0,-1,-1,-1,-1,-1,-1
AGCGTATAGCCGAACA-1,7,7,0,5,6,0,0,0,0,3,5,3,0,0,0,12,4,0,0,6,0,10,7,0,-1,-1,-1,-1,-1,-1
AGCCAATCATATACCG-1,0,0,0,0,7,0,8,7,0,0,11,0,0,0,0,10,10,0,0,11,0,1,7,0,-1,-1,-1,-1,-1,-1
(((TGCTTGCTCATTTGTC-1:7.165,(GTCAGCGCAGTGCGCT-1:1.002,((AGGTCTAGTATGAGAT-1:0.005,CATCGTCAGCCGAATG-1:1.005)I14:2.997,GTGCACGAGCACTTTG-1:5.001)I13:0)I12:2.163)I11:13.095,((CAATCGAGTCACCGCA-1:0.02,(TCCGGGATCGTACCTC-1:0,(TCATGGAGTCCCTGAG-1:0,TGAATCGCACGTTGGC-1:0)I10:0)I9:4)I8:0.074,(((CGAAGTTAGATGCTGG-1:0,CCTAAGAAGCGCTGCT-1:0)I7:5.053,(AGGTTACTCTAGAACC-1:3.014,GACGCTGCATATCGGT-1:0.268)I6:3.494)I5:12.332,((ACGGGTCCATAGGTTC-1:2.061,TTACGCCCATACTGTG-1:2.061)I4:2.988,ACCGTTCAGCAGGTCA-1:0.044)I3:8.974)I2:0)I1:1.134)17:2.79)I0;
I0,0,0,0,0,0,0,0,0,0,0,0,0,0,0,0,0,0,0,0,0,0,0,0,0,0,0,0,0,0,0
17,0,0,0,0,0,0,0,0,0,0,0,0,0,0,0,0,0,0,0,0,0,0,0,0,0,0,0,0:0.07/-1:0.92/1:0.002,0:0.07/-1:0.92/1:0.002/2:0.009,0:0.07/-1:0.92/1:0.01
I1,0,0,0,0,0,0,0,0,0,0,0,0,0,0,0,0,0,0,0,0,0,0,0,0,0,0:0.09/10:0.91,0,-1,-1,-1
I2,0,0,0,0,0,0,0,0,0,0,0,0,0,0,0,0,0,0,0,0,0,0,0,0,0,0:0.09/10:0.91,0,-1,-1,-1
I3,0,10,0,0,9,0,0:0.01/-1:0.99,0:0.01/-1:0.99,0:0.01/-1:0.99,0,0,0,0,0,0,0,9,0,0,0,0,0,0,0,0:0.01/-1:0.99,-1:0.99/10:0.01,0:0.01/-1:0.99,-1,-1,-1
ACCGTTCAGCAGGTCA-1,0,10,0,0,9,0,-1,-1,-1,0,0,0,0,0,0,0,9,0,0,0,0,0,0,0,-1,-1,-1,-1,-1,-1
I4,0,10,0,0,9,0,-1,-1,-1,0,0,0,0,0,0,0,9,0,0:0.02/-1:0.98,0:0.02/-1:0.98,0:0.02/-1:0.98,0,0,0,-1,-1,-1,-1,-1,-1
TTACGCCCATACTGTG-1,0,10,0,0,9,0,-1,-1,-1,0,0,0,0,0,0,0,9,0,-1,-1,-1,12,12,0,-1,-1,-1,-1,-1,-1
ACGGGTCCATAGGTTC-1,0,10,0,0,9,0,-1,-1,-1,0,0,0,0,0,0,0,9,0,-1,-1,-1,7,10,0,-1,-1,-1,-1,-1,-1
I5,0,0:0.01/12:0.99,0,0,18,0,0:0.01/10:0.99,6,0,10,0:0.01/11:0.99,0,10,0:0.01/10:0.99,0,0:0.01/15:0.99,17,0,0:0.35/7:0.65,0:0.35/16:0.65,0,0,13,0,0,10,0,-1,-1,-1
I6,0:0.01/9:0.99,12,0,0:0.01/5:0.99,18,0,10,6,0,10,11,0,10,10,0,15,17,0,0:0.13/7:0.87,0:0.13/16:0.87,0,0,13,0,6,10,0,-1,-1,-1
GACGCTGCATATCGGT-1,9,12,0,5,18,0,10,6,0,10,11,0,10,10,0,15,17,0,7,16,0,0,13,0,6,10,0,-1,-1,-1
AGGTTACTCTAGAACC-1,9,12,0,5,18,0,10,6,0,10,11,0,10,10,0,15,17,0,-1,-1,-1,0,13,0,6,10,0,-1,-1,-1
I7,10,12,0,0,18,0,10,6,0,10,11,0,10,10,0,15,17,0,-1,-1,-1,17,13,0,0,10,0,-1,-1,-1
CCTAAGAAGCGCTGCT-1,10,12,0,0,18,0,10,6,0,10,11,0,10,10,0,15,17,0,-1,-1,-1,17,13,0,0,10,0,-1,-1,-1
CGAAGTTAGATGCTGG-1,10,12,0,0,18,0,10,6,0,10,11,0,10,10,0,15,17,0,-1,-1,-1,17,13,0,0,10,0,-1,-1,-1
I8,0,0,0,0,0,0,0,0,0,0,0,0,0,0,0,0,0,0,0,0,0,0,0,0,0,0:0.02/10:0.98,0,-1,-1,-1
I9,0,0,0,0,0,0,0,0,0,0,11,0,0,0,0,0,0,0,0,0,0,0,0,0,-1,-1,-1,-1,-1,-1
I10,0,0,0,0,0,0,0,0,0,0,11,0,0,0,0,0,0,0,0,0,0,0,0,0,-1,-1,-1,-1,-1,-1
TGAATCGCACGTTGGC-1,0,0,0,0,0,0,0,0,0,0,11,0,0,0,0,0,0,0,0,0,0,0,0,0,-1,-1,-1,-1,-1,-1
TCATGGAGTCCCTGAG-1,0,0,0,0,0,0,0,0,0,0,11,0,0,0,0,0,0,0,0,0,0,0,0,0,-1,-1,-1,-1,-1,-1
TCCGGGATCGTACCTC-1,0,0,0,0,0,0,0,0,0,0,11,0,0,0,0,0,0,0,0,0,0,0,0,0,-1,-1,-1,-1,-1,-1
CAATCGAGTCACCGCA-1,0,0,0,0,0,0,0,0,0,0,0,0,0,0,0,0,0,0,0,0,0,0,0,0,0,10,0,-1,-1,-1
I11,0,0:0.01/9:0.99,0,0:0.02/-1:0.98,0:0.02/-1:0.98,0:0.02/-1:0.98,9,0:0.01/1:0.99,0,0,0:0.01/7:0.99,0,0,14,0,0,0,0,0:0.02/-1:0.98,0:0.02/-1:0.98,0:0.02/-1:0.98,0,0:0.01/1:0.99,0,0,0:0.01/8:0.99,0,-1,-1,-1
I12,8,9,0,-1,-1,-1,9,1,0,0,7,0,0,14,0,0,0,0,-1,-1,-1,11,1,0,0,8,0,-1,-1,-1
I13,8,9,0,-1,-1,-1,9,1,0,0,7,0,0,14,0,0,0,0,-1,-1,-1,11,1,0,0,8,0,-1,-1,-1
GTGCACGAGCACTTTG-1,8,9,0,-1,-1,-1,9,1,0,0,7,0,0,14,1,0,1,0,-1,-1,-1,11,1,0,-1,-1,-1,-1,-1,-1
I14,8,9,0,-1,-1,-1,9,1,0,0,7,0,0,14,0,-1,-1,-1,-1,-1,-1,11,1,0,0,8,0,-1,-1,-1
CATCGTCAGCCGAATG-1,8,9,0,-1,-1,-1,9,1,0,0,7,0,0,14,0,-1,-1,-1,-1,-1,-1,11,1,0,14,8,0,-1,-1,-1
AGGTCTAGTATGAGAT-1,8,9,0,-1,-1,-1,9,1,0,0,7,0,0,14,0,-1,-1,-1,-1,-1,-1,11,1,0,0,8,0,-1,-1,-1
GTCAGCGCAGTGCGCT-1,8,9,0,-1,-1,-1,9,1,0,0,7,0,0,14,0,0,24,0,-1,-1,-1,11,1,0,0,8,0,-1,-1,-1
TGCTTGCTCATTTGTC-1,9,9,0,-1,-1,-1,9,1,0,17,7,6,11,14,0,0,20,0,-1,-1,-1,14,1,0,15,8,0,-1,-1,-1
(((GGGATGACAACTGTGT-1:7.406,((CCTAACCGTGCGACAA-1:0.572,ACCCAAAGTCGTGATT-1:4.062)I22:3.439,(GAGTGTTGTATGGAGC-1:0,ACGTCCTAGACATACA-1:2)I21:0.009)I20:6.397)I19:3.629,(ATCCACCTCTGATTCT-1:9,(GAGAGGTCACCGTCGA-1:3,(((TGTAGACGTTTAGTCG-1:2,GAACACTTCCTCACTG-1:0)I18:0,((CCTGTTGTCAATCTTC-1:4,TTGCATTCACCTGTCT-1:3.999)I17:0.001,GAACACTGTGGCTACC-1:3)I16:0)I15:7,((ACGATGTGTGTATTGC-1:2.065,GTTCATTGTTCGGTAT-1:4.065)I14:4.948,(TCGATTTAGTATTCCG-1:8,(((GATAGCTAGACCATTC-1:1,(AGTTCGAAGCTGCGAA-1:1,CTACCCAAGAACTGAT-1:1)I13:0)I12:0.001,GAACACTGTGTCACAT-1:2.001)I11:3.999,(GCTGGGTTCTACCCAC-1:7,(((AAAGAACTCTTACACT-1:3.858,TCATGCCAGTAAATGC-1:4.623)I10:9.08,TGCACGGGTTGCGAAG-1:9.096)I9:5.196,TAAGCACAGCGGATCA-1:8)I8:0.095)I7:0.096)I6:0.031)I5:0)I4:0.032)I3:0.032)I2:0)I1:0.002)10:2.999)I0;
I0,0,0,0,0,0,0,0,0,0,0,0,0,0,0,0,0,0,0,0,0,0,0,0,0,0,0,0,0,0,0
10,0,0,0,0,0,0,0,0,0,0,0,0,0,0,0,0,0,0,0,0,0,0,0,0,0,0,0,-1,-1,-1
I1,0,0,0,0,0,0,0,0,0,0,0,0,0,0,0,0,0,0,0,0,0,0,0,0,0,0,0,-1,-1,-1
I2,0,0,0,0,0,0,0,0,0,0,0,0,0,0,0,0,0,0,0,0,0,0,0,0,0,0,0,-1,-1,-1
I3,0,0,0,0,0,0,0,0,0,0,0,0,0,0,0,0,0,0,0,0,0,0,0,0,0:0.98/12:0.02,0:0.98/20:0.02,0,-1,-1,-1
I4,0,0,0,0,0,0,0,0,0,0,0,0,0,0,0,0,0,0,0,0,0,0,0,0,0:0.97/12:0.03,0:0.97/20:0.03,0,-1,-1,-1
I5,0,0,0,0,0,0,0,0,0,0,0,0,0,0,0,0,0,0,0,0,0,0,0,0,0:0.97/12:0.03,0:0.97/20:0.03,0,-1,-1,-1
I6,0,0,0,0,0,0,0,0,0,0,0,0,0,0,0,0,0,0,0,0,0,0,0,0,0:0.95/12:0.05,0:0.95/20:0.05,0,-1,-1,-1
I7,0,0,0,0,0,0,0,0,0,0,0,0,0,0,0,0,0,0,0,0,0,0,0:0.94/2:0.06,0,0:0.94/12:0.06,0:0.94/20:0.06,0,-1,-1,-1
I8,0,0,0,0,0,0,0,0,0,0,0,0,0,0,0,0,0,0,0,0,0,0,0:0.87/2:0.13,0,0:0.92/12:0.08,0:0.92/20:0.08,0,-1,-1,-1
TAAGCACAGCGGATCA-1,0,0,0,0,0,0,0,0,0,0,0,0,7,0,0,0,12,0,0,0,0,-1,-1,-1,-1,-1,-1,-1,-1,-1
I9,0,2,0,0,0:0.05/1:0.95,0,0,2,0,0,0,0,0,0,0,0,0:0.04/1:0.96,0,0,0,0,0,2,0,0:0.71/12:0.29,0:0.71/20:0.29,0,-1,-1,-1
TGCACGGGTTGCGAAG-1,0,2,0,0,1,0,3,2,0,0,0,0,24,28,0,23,1,0,13,24,0,0,2,0,-1,-1,-1,-1,-1,-1
I10,0:0.01/2:0.99,2,0,0,1,0,1,2,0,2,0:0.01/2:0.99,0,2,2,0,0:0.01/1:0.99,1,0,0,0:0.41/2:0.59,0:0.41/1:0.59,0,2,0,0:0.29/12:0.71,0:0.29/20:0.71,0,-1,-1,-1
TCATGCCAGTAAATGC-1,2,2,0,0,1,0,1,2,0,2,2,0,2,2,0,1,1,0,-1,-1,-1,23,2,0,12,20,0,-1,-1,-1
AAAGAACTCTTACACT-1,2,2,0,0,1,0,1,2,0,2,2,0,2,2,0,1,1,0,0,2,1,0,2,0,-1,-1,-1,-1,-1,-1
GCTGGGTTCTACCCAC-1,0,0,0,0,0,0,0,0,0,0,0,0,0,0,0,0,12,0,0,0,0,-1,-1,-1,-1,-1,-1,-1,-1,-1
I11,0,0,0,0,0,0,0,0,0,0,0,0,0,0,0,0,12,0,0,0,0,0,0,0,-1,-1,-1,-1,-1,-1
GAACACTGTGTCACAT-1,0,0,0,0,0,0,0,0,0,0,0,0,0,0,0,0,12,0,0,0,0,2,17,0,-1,-1,-1,-1,-1,-1
I12,0,0,0,0,0,0,0,0,0,0,0,0,0,0,0,0,12,0,0,0,0,0,0,0,-1,-1,-1,-1,-1,-1
I13,0,0,0,0,0,0,0,0,0,0,0,0,0,0,0,0,12,0,0,0,0,0,0,0,-1,-1,-1,-1,-1,-1
CTACCCAAGAACTGAT-1,0,0,0,0,0,0,0,0,0,0,0,0,0,0,0,0,12,0,0,13,0,0,0,0,-1,-1,-1,-1,-1,-1
AGTTCGAAGCTGCGAA-1,0,0,0,0,0,0,0,0,0,0,0,0,0,0,0,0,12,0,0,0,0,0,14,0,-1,-1,-1,-1,-1,-1
GATAGCTAGACCATTC-1,0,0,0,0,0,0,6,0,0,0,0,0,0,0,0,0,12,0,0,0,0,0,0,0,-1,-1,-1,-1,-1,-1
TCGATTTAGTATTCCG-1,0,18,0,0,0,0,0,24,0,0,0,0,0,0,0,0,12,0,0,0,0,3,5,0,-1,-1,-1,-1,-1,-1
I14,0,0,0,0,0,0,0,12,0,0,0,0,0,0,0,0,12,0,0,0,0,0,0,0,0:0.02/-1:0.98,0:0.02/-1:0.98,0:0.02/-1:0.98,-1,-1,-1
GTTCATTGTTCGGTAT-1,0,0,0,0,0,0,0,12,0,0,0,0,0,0,0,0,12,0,-1,-1,-1,0,5,0,-1,-1,-1,-1,-1,-1
ACGATGTGTGTATTGC-1,0,0,0,0,0,0,0,12,0,0,0,0,0,0,0,0,12,0,0,0,0,6,7,0,-1,-1,-1,-1,-1,-1
I15,0,0,0,0,0,0,0,0,0,0,0,0,0,0,0,0,12,0,-1,-1,-1,0,0,0,-1,-1,-1,-1,-1,-1
I16,0,0,0,0,0,0,0,0,0,0,0,0,0,0,0,0,12,0,-1,-1,-1,0,0,0,-1,-1,-1,-1,-1,-1
GAACACTGTGGCTACC-1,0,0,0,0,0,0,6,0,0,0,0,0,0,0,0,0,12,0,-1,-1,-1,0,16,2,-1,-1,-1,-1,-1,-1
I17,0,0,0,0,0,0,0,0,0,0,0,0,0,0,0,0,12,0,-1,-1,-1,0,0,0,-1,-1,-1,-1,-1,-1
TTGCATTCACCTGTCT-1,0,0,0,0,0,0,0,0,0,0,0,7,0,0,0,0,12,0,-1,-1,-1,25,21,4,-1,-1,-1,-1,-1,-1
CCTGTTGTCAATCTTC-1,0,0,0,0,0,0,6,0,0,0,0,0,0,0,0,0,12,0,-1,-1,-1,-1,-1,-1,-1,-1,-1,-1,-1,-1
I18,0,0,0,0,0,0,0,0,0,0,0,0,0,0,0,0,12,0,-1,-1,-1,0,0,0,-1,-1,-1,-1,-1,-1
GAACACTTCCTCACTG-1,0,0,0,0,0,0,0,0,0,0,0,0,0,0,0,0,12,0,-1,-1,-1,0,0,0,-1,-1,-1,-1,-1,-1
TGTAGACGTTTAGTCG-1,0,0,0,0,0,0,0,0,0,0,0,0,0,0,0,0,12,0,-1,-1,-1,14,1,0,-1,-1,-1,-1,-1,-1
GAGAGGTCACCGTCGA-1,0,0,0,0,0,0,0,0,0,0,19,0,0,0,0,0,12,0,0,0,0,0,0,0,0,2,0,-1,-1,-1
ATCCACCTCTGATTCT-1,0,0,0,0,0,0,0,0,0,0,0,0,0,0,0,0,12,0,-1,-1,-1,-1,-1,-1,9,11,0,-1,-1,-1
I19,0,0,0,0,0,0,0,0,0,0,0,0,0,0,0,0,0,0,0:0.12/-1:0.87/2:0.001/3:0.002/5:0.009/6:0.006/7:0.002/8:0.003/9:0.002/11:0.008/12:0.001/14:0.007,0:0.12/-1:0.87/1:0.005/2:0.001/3:0.001/4:0.002/5:0.009/6:0.008/7:0.009/8:0.008/10:0.003/11:0.002/12:0.002/13:0.009/16:0.002/17:0.004/18:0.004/20:0.002/22:0.003/23:0.001,0:0.12/-1:0.87/1:0.001,0,0,0,0,0:0.01/2:0.99,0,-1,-1,-1
I20,0,9,0,0,8,0,0,9,0,0,9,0,0,10,0,0,4,0,-1,-1,-1,0,0,0,0,2,0,-1,-1,-1
I21,0,9,0,0,8,0,0,9,0,0,9,0,0,10,0,0,4,0,-1,-1,-1,0,0,0,0,2,0,-1,-1,-1
ACGTCCTAGACATACA-1,0,9,0,0,8,0,0,9,0,0,9,0,0,10,0,0,4,0,-1,-1,-1,3,5,0,0,2,0,-1,-1,-1
GAGTGTTGTATGGAGC-1,0,9,0,0,8,0,0,9,0,0,9,0,0,10,0,0,4,0,-1,-1,-1,0,0,0,0,2,0,-1,-1,-1
I22,0,9,0,0,8,0,0,9,0,0,9,0,0,10,0,0,4,0,-1,-1,-1,0,0:0.51/7:0.49,0,0:0.02/-1:0.98,-1:0.98/2:0.02,0:0.02/-1:0.98,-1,-1,-1
ACCCAAAGTCGTGATT-1,0,9,0,0,8,0,0,9,0,0,9,0,0,10,0,7,4,0,-1,-1,-1,-1,-1,-1,-1,-1,-1,-1,-1,-1
CCTAACCGTGCGACAA-1,0,9,0,0,8,0,0,9,0,0,9,0,0,10,0,0,4,0,-1,-1,-1,0,7,0,-1,-1,-1,-1,-1,-1
GGGATGACAACTGTGT-1,0,16,0,0,0,0,4,22,0,0,0,0,18,22,0,0,0,0,-1,-1,-1,0,19,0,7,2,0,-1,-1,-1
