true_nu,true_phi,prioridx,rep,startle_phi,startle_nu,cassg_phi,cassg_nu,nj_phi,nj_nu,problin_nu,problin_phi
s0,100,01,r01, 0.25866447489875877, 7.305753511500927e-06, 0.2586598452644978, 2.0399710078655057e-05, 0.2586653380121209, 4.298162056967299e-06, 9.67260408669411e-06, 0.2586636597680107
s0,100,01,r02, 0.2578652445503409, 4.736139269209784e-06, 0.2578616507659485, 1.413734471594842e-05, 0.257865020846539, 4.945776954569835e-06, 5.905823531872377e-06, 0.2578647921023433
s0,100,01,r03, 0.25305713736768926, 2.7380852499049305e-05, 0.2512734649748352, 0.0044071319161376995, 0.2530658532527667, 2.6719404705664108e-06, 0.000178128056299885, 0.25299955634853555
s0,100,01,r04, 0.2535989466796387, 3.701699702605466e-06, 0.2535960356802727, 1.1328336644698557e-05, 0.25359872571367575, 3.8131696535454313e-06, 2.7938619229228528e-06, 0.2535992361195215
s0,100,01,r05, 0.253407364696746, 0.0031331907597339525, 0.25427956863736584, 0.0006668564823879741, 0.25451982023681435, 3.728319645616707e-05, 0.006817506009386573, 0.2519102396230344
s0,100,02,r01, 0.24785663873581457, 2.5732120084030387e-05, 0.24786169392133447, 1.3545061673976371e-05, 0.24786454895470447, 6.130480897508403e-06, 3.767679659106094e-05, 0.2478516647790874
s0,100,02,r02, 0.24893130357959065, 6.084844703444647e-06, 0.24893144923196944, 5.5486359852297536e-06, 0.24893275740001414, 1.816917792869704e-06, 1.1986091935125225e-05, 0.24892910086026446
s0,100,02,r03, 0.24580358962114893, 0.0001675154971670587, 0.245533812912309, 0.0008310158494751956, 0.24560740749093127, 0.0006421038494922899, 0.004603725004999822, 0.24402547890897203
s0,100,02,r04, 0.2519991082445141, 2.8905829323737565e-06, 0.25199494726608895, 1.3515370191039791e-05, 0.25199938290015855, 1.939005111271688e-06, 2.0996335550713765e-06, 0.2519993896198966
s0,100,02,r05, 0.24546529304915377, 4.483110338343122e-06, 0.24546478882729278, 5.733730040093788e-06, 0.24545502052528662, 3.188749826677523e-05, 3.6368681752249945e-06, 0.24546559347718372
s0,100,03,r01, 0.2565326634049778, 2.365186412134532e-06, 0.2565312699856775, 6.091051496626244e-06, 0.2565324466561242, 2.8249588051118846e-06, 3.1392155344187635e-06, 0.25653239898779967
s0,100,03,r02, 0.24986485062358624, 6.0410801735997345e-06, 0.2487381060451463, 0.003024916331995186, 0.24986428947949058, 7.0775119743572565e-06, 1.2980739842987532e-05, 0.24986244901389865
s0,100,03,r03, 0.24893180621653357, 4.68135646812048e-06, 0.24892966920464768, 1.023713486843062e-05, 0.24893250177188547, 2.6108872345692264e-06, 4.0696688339176095e-06, 0.24893203364013808
s0,100,03,r04, 0.2497312841833628, 6.396713484980633e-06, 0.2497303652899521, 8.521530154959894e-06, 0.2497330052407948, 1.2368304408149055e-06, 2.0656765259773295e-05, 0.24972645513041739
s0,100,03,r05, 0.25786587747570594, 2.956521904919468e-06, 0.2578656225289287, 3.473065900888236e-06, 0.25786590289697536, 2.649549741575708e-06, 2.1157052205151695e-06, 0.25786613604537173
s0,100,04,r01, 0.25959951813683724, 2.0245733923574345e-06, 0.2581880206335118, 0.0032252881990915317, 0.25959891395938844, 3.837991679970062e-06, 1.83237109449253e-06, 0.259599560105634
s0,100,04,r02, 0.2541010082715331, 9.079619479331467e-05, 0.25413110840185976, 6.92305156552648e-06, 0.2541212551749149, 3.4139501781322154e-05, 2.37928880721146e-05, 0.25412508195334815
s0,100,04,r03, 0.24946490876575697, 5.576775691814735e-06, 0.24946340063903255, 9.689310512436676e-06, 0.24946285204423677, 1.1091481711229547e-05, 5.81072038976099e-06, 0.24946481706460216
s0,100,04,r04, 0.26104103069101786, 0.0026094222747441672, 0.26199533819746756, 1.4028440710758179e-05, 0.26199685506029863, 9.506965374337898e-06, 0.0005962943581870976, 0.26177246141307997
s0,100,04,r05, 0.25333237017987453, 0.001781007522476196, 0.2537825281902076, 0.0005785778467957762, 0.2525388551517529, 0.0035940897160754415, 0.002602263208994574, 0.25301308763563374
s0,100,05,r01, 0.2511994727711412, 2.076115149302809e-06, 0.25115170368853273, 0.00012366273931204897, 0.25119934402049166, 2.1148193462075025e-06, 3.036420388144497e-06, 0.2511991830438619
s0,100,05,r02, 0.24373199211292332, 4.900235094139015e-06, 0.24372231004458006, 3.14746549282334e-05, 0.24365577160411314, 0.0002082791365187483, 4.862631277580256e-06, 0.24373197798963425
s0,100,05,r03, 0.25093170748536153, 5.486208530997771e-06, 0.24724855240576687, 0.009447415623681758, 0.25092999799059873, 8.80713087074172e-06, 5.437605200660524e-06, 0.25093170886634336
s0,100,05,r04, 0.25013097091236247, 7.889760237154633e-06, 0.24885223181849983, 0.0031993650300997122, 0.2501321968847429, 3.558966859259628e-06, 3.97287632529377e-06, 0.25013220545413245
s0,100,05,r05, 0.2538655411543024, 4.01601883846601e-06, 0.25385952496294606, 1.897291969610596e-05, 0.2538659853062686, 2.133082321164617e-06, 3.0777049621407966e-06, 0.2538658378375188
s0,100,06,r01, 0.2513093910879044, 6.39715533602931e-05, 0.24748609274096847, 0.008899955344404598, 0.2513291356334834, 1.2212477875522129e-05, 0.0032616054188451646, 0.2500451749283352
s0,100,06,r02, 0.2539995936976673, 1.708204327685836e-06, 0.2539959327039926, 1.2126097732203346e-05, 0.2539994267258692, 1.7736544549448375e-06, 1.9552123000025137e-06, 0.2539995101813799
s0,100,06,r03, 0.2527990091982828, 3.428527886458467e-06, 0.25043374641469435, 0.005475353407756964, 0.2527985781995794, 4.427784104637926e-06, 3.178195556116233e-06, 0.2527990854587903
s0,100,06,r04, 0.256932337741699, 3.2818144858040227e-06, 0.2567898539966202, 0.0003529019516873727, 0.2569321174528878, 3.7658400949179097e-06, 4.039645756294249e-06, 0.2569320269587397
s0,100,06,r05, 0.25319924750274814, 2.7773078799558216e-06, 0.24883664012244136, 0.009699346531201138, 0.2531979848458988, 6.0084458768695055e-06, 3.4394185729630935e-06, 0.2531990228689445
s0,100,07,r01, 0.2477321959936523, 3.951826150734057e-06, 0.24497893697486478, 0.006679512101211571, 0.24773248178827992, 2.847792448906539e-06, 4.426509707880282e-06, 0.24773202960637342
s0,100,07,r02, 0.24693306130846734, 1.1629021905923863e-06, 0.24693280374005958, 1.6959804022385243e-06, 0.24693297713239337, 1.3280380840325433e-06, 1.4327458896919274e-06, 0.24693299503730073
s0,100,07,r03, 0.2478651590241638, 5.0544079439038764e-06, 0.24785725891190183, 2.5968606767141427e-05, 0.24785997160848, 1.830524069329175e-05, 5.871014536792353e-06, 0.2478648826050324
s0,100,07,r04, 0.2497431015814208, 0.00034124094354296504, 0.24789230028374395, 0.004943342247708871, 0.24983895971137524, 7.138128996592489e-05, 0.00144355397984073, 0.2493388012782776
s0,100,07,r05, 0.2529322862173082, 3.8058941359741322e-06, 0.2529242856152861, 2.571860632281921e-05, 0.2529323440474255, 3.47504424374591e-06, 3.4417185414807757e-06, 0.25293237177778916
s0,100,08,r01, 0.2521599126363939, 0.0067127757277555215, 0.2536895251104575, 0.003360108370120669, 0.2540541742348308, 0.002066530508312443, 0.005209780766859952, 0.25273951318660487
s0,100,08,r02, 0.25066505014591, 5.29779295234479e-06, 0.24920820113775807, 0.003636640651063581, 0.25066194524103197, 1.3679667323620117e-05, 5.394270395777235e-06, 0.250665012098501
s0,100,08,r03, 0.24653168767411346, 4.71407076931398e-06, 0.2465317175973385, 4.747417822791756e-06, 0.2465324176785804, 2.9281396516574347e-06, 2.625932225533312e-06, 0.24653247496093691
s0,100,08,r04, 0.2518546336907121, 3.6044258287132705e-05, 0.25185445503216836, 3.449000984886147e-05, 0.2508259892249609, 0.0027292143109301616, 0.008135847009766434, 0.24877893058215955
s0,100,08,r05, 0.24986579041221615, 2.9589223467604523e-06, 0.24970356609716574, 0.0004093916616651964, 0.2498653081161695, 4.049416635988413e-06, 2.9022476453487415e-06, 0.24986581798320123
s0,100,09,r01, 0.2610651533855133, 5.475569843714438e-06, 0.26105945028047234, 2.0389481806123356e-05, 0.26106284878203395, 1.2593320188166126e-05, 5.295288737936579e-06, 0.26106518605343254
s0,100,09,r02, 0.2594614272069669, 1.744561582917796e-05, 0.25649303270174373, 0.008183849924354667, 0.25808661094479896, 0.0035036861491835373, 0.009772625941334545, 0.2558878389035522
s0,100,09,r03, 0.24973035462631357, 8.705510433606852e-06, 0.249730003717167, 9.954183377175623e-06, 0.24950715603838758, 0.0005452349434700671, 1.2959665004827276e-05, 0.24972876653835926
s0,100,09,r04, 0.24999430358140975, 1.8318280041555103e-05, 0.24999724632524215, 8.783586576332005e-06, 0.24999760265651966, 7.641432562642706e-06, 7.606370580414991e-06, 0.2499976785225053
s0,100,09,r05, 0.259331105727543, 7.464188037739046e-06, 0.2593304734027683, 8.698664762984485e-06, 0.25933159527891203, 5.5701875149246126e-06, 5.612360050322018e-06, 0.2593316548077079
s0,100,10,r01, 0.2530649517236817, 5.738402696670827e-06, 0.25299500640092015, 0.0002040512252779789, 0.2530649749524211, 5.4652721796699065e-06, 4.5592954763079005e-06, 0.25306533919366725
s0,100,10,r02, 0.24773173792305653, 4.788574781825525e-06, 0.24557541567204985, 0.005474872748204253, 0.2477321294901758, 3.994804663507399e-06, 2.1291023573087103e-05, 0.24772578575099372
s0,100,10,r03, 0.25253255886525666, 2.7535355851423407e-06, 0.2525316440426647, 4.999774722614878e-06, 0.25253152669970486, 5.355227728640456e-06, 3.031577804358723e-06, 0.25253244869371216
s0,100,10,r04, 0.25026348144202715, 1.0334998181418802e-05, 0.24976182707212435, 0.0014243658572492249, 0.2502642872946781, 7.244390593458254e-06, 1.3432485386920272e-05, 0.25026247378316013
s0,100,10,r05, 0.2554625782844256, 1.1898430175441011e-05, 0.25546359152775544, 8.887762007462717e-06, 0.25546516194657365, 4.70752763504694e-06, 2.544823413491114e-05, 0.25545720021039137
s100,0,01,r01, 0.007357603981223228, 0.34376637852065717, 0, 0.3380270675848373, 0.00017503358539671868, 0.35305767062413884, 0.3098590920558377, 0
s100,0,01,r02, 0, 0.3326545927426261, 0, 0.30431406774653114, 0, 0.319543737517648, 0.27648003389325027, 0
s100,0,01,r03, 0.01128102131177981, 0.3119046878046666, 0, 0.32314940407342735, 0, 0.333944981518997, 0.28317842643065705, 0
s100,0,01,r04, 0, 0.326605056977213, 0, 0.30271695739869015, 0, 0.30765600604180815, 0.26467691786699293, 0
s100,0,01,r05, 0, 0.3284367269273761, 0, 0.30037805320191974, 0, 0.3107431093664839, 0.27750551606202123, 0
s100,0,02,r01, 0.014244697762215059, 0.3052033965708578, 0.011951753873816254, 0.3039926221444226, 0.009367480481788131, 0.3096362349697986, 0.28138040638560224, 0.008766478453108274
s100,0,02,r02, 0.007350150962545293, 0.3282969156266566, 0, 0.3453559139743937, 0, 0.3430472170991784, 0.3191092693313776, 0
s100,0,02,r03, 0, 0.3048461417779762, 0, 0.29049722443736503, 0, 0.29943843671342807, 0.27407120442952637, 0
s100,0,02,r04, 0.0064337650998109305, 0.3170964629677708, 0, 0.330153371208133, 0.0052256682646886505, 0.31475281442115227, 0.30433884869103156, 0
s100,0,02,r05, 0.011513678254298448, 0.27826397027277955, 0.010066233859774083, 0.2767659300687653, 0.010686170419323028, 0.2764780080632806, 0.255975315834382, 0.008356060403704334
s100,0,03,r01, 0.012060389618113091, 0.3164274239802187, 0.00026690037785835613, 0.3355617757970288, 0.009913921620957293, 0.30904261792089, 0.3019585625379838, 0.004013347230541188
s100,0,03,r02, 0.0034750127148710504, 0.32575234537333153, 0, 0.3152317416379512, 0, 0.314008286036117, 0.28338196932330983, 0
s100,0,03,r03, 0.010413625788534745, 0.3110029578727209, 0.008919432135912729, 0.2883948131268331, 0.00162029052986128, 0.32546441395221837, 0.2982667655630966, 0
s100,0,03,r04, 0, 0.34916719347034586, 0, 0.3188390223799531, 0, 0.32064346684571754, 0.2898010386334443, 0
s100,0,03,r05, 0, 0.3553825892979499, 0, 0.3338744935859979, 0, 0.33418743821845215, 0.3045809385901678, 0
s100,0,04,r01, 0.0008746369047898931, 0.334196867923397, 0, 0.3272469025136319, 0, 0.3472211561794146, 0.2926600605394669, 0
s100,0,04,r02, 0, 0.34920312162384937, 0, 0.33149404882760036, 0, 0.3417858479939175, 0.292908523785008, 0
s100,0,04,r03, 0, 0.3809134409067042, 0, 0.3455700041711316, 0, 0.373622046667732, 0.3150290001684356, 0
s100,0,04,r04, 0, 0.32816219582133943, 0, 0.33035934615933144, 0, 0.3220438024321036, 0.2841159549250045, 0
s100,0,04,r05, 0, 0.3702454222636915, 0, 0.36075734868671205, 0, 0.37014780223234606, 0.3131601737815498, 0
s100,0,05,r01, 0.008028360055246875, 0.28393422035706484, 0.002645217754331195, 0.2922236234814822, 0.0013976674404624762, 0.2904183981668176, 0.27383928664081625, 0
s100,0,05,r02, 0.007527546402684407, 0.27824049781702326, 0, 0.2844686531277449, 0.006152648283550363, 0.2728046834519247, 0.26813116306244283, 0
s100,0,05,r03, 0, 0.3089566187066522, 0, 0.2914481408563719, 0.005841120066713311, 0.2909055853565236, 0.28150118893751014, 0
s100,0,05,r04, 0, 0.31589403159923984, 0, 0.2969249997167505, 0.0007198491447631219, 0.30573287347209466, 0.28733287820286363, 0
s100,0,05,r05, 0, 0.3098467975856122, 0, 0.28702059617376074, 0, 0.29305259583992144, 0.27391241852496584, 0
s100,0,06,r01, 0.0001514993201615076, 0.3415482964161845, 0, 0.330817287900107, 0, 0.31297774859425664, 0.2989739093953324, 0
s100,0,06,r02, 0.019004994320535117, 0.31783456323841464, 0, 0.33964438846978007, 0.011335314576434214, 0.3098826105540971, 0.30979145962315685, 0
s100,0,06,r03, 0.00044577086581096774, 0.3684210862084141, 0, 0.3296195000008817, 0, 0.3344955780794614, 0.3195660862233477, 0
s100,0,06,r04, 0.008351386569656132, 0.30319612229678083, 0.00875891941234413, 0.2873945962343472, 0, 0.31162540746570655, 0.2902364768770926, 0
s100,0,06,r05, 0.006121381420020997, 0.30463726884528464, 0, 0.31013687970149834, 0, 0.3101792666937641, 0.2840085344825495, 0
s100,0,07,r01, 0, 0.3858193667159825, 0, 0.35821976694710594, 0, 0.33851023439315187, 0.30162445674216676, 0
s100,0,07,r02, 0, 0.36609713710070974, 0, 0.3752923185539313, 0, 0.35059961552768604, 0.3205764471999846, 0
s100,0,07,r03, 0, 0.35611902453709415, 0, 0.35074818207581776, 0, 0.35493311118635124, 0.3003811616104232, 0
s100,0,07,r04, 0, 0.3634779638112887, 0, 0.36260250076352685, 0, 0.3531515524160833, 0.31006312708714545, 0
s100,0,07,r05, 0, 0.38590693058035846, 0, 0.3606808735819051, 0, 0.3807057256797237, 0.31590409312036527, 0
s100,0,08,r01, 0, 0.35603665724622063, 0, 0.3400487168601688, 0, 0.3719575352024556, 0.3058667126014154, 0
s100,0,08,r02, 0, 0.33867336035483175, 0, 0.3339919751615871, 0, 0.3385342835318991, 0.2993057583986156, 0
s100,0,08,r03, 0, 0.3596452458384919, 0, 0.3435910082390209, 0, 0.37978999509182676, 0.3090979207064773, 0
s100,0,08,r04, 0, 0.33660056485570367, 0, 0.31182654831333717, 0, 0.3464822326666194, 0.28622531436614607, 0
s100,0,08,r05, 0, 0.345076014002149, 0, 0.3323787214146932, 0, 0.3566030687228158, 0.2935281603957144, 0
s100,0,09,r01, 0, 0.3393465590505387, 0, 0.3451218286888483, 0, 0.33499032886063085, 0.2920130393022638, 0
s100,0,09,r02, 0, 0.3275044470209358, 0, 0.3138355752185592, 0, 0.3224546585606011, 0.27781800018884584, 0
s100,0,09,r03, 0.007632014409851438, 0.29227311109459675, 0.0038933749844254806, 0.2943910244230807, 0, 0.3164600655792857, 0.27918139686271914, 0
s100,0,09,r04, 0, 0.32119684095343803, 0, 0.3184135427246239, 0, 0.3059936122698186, 0.27575245029185974, 0
s100,0,09,r05, 0, 0.32000640414756076, 0, 0.3175364434221459, 0, 0.31227743736599994, 0.27667608919500447, 0
s100,0,10,r01, 0.00797794496570243, 0.32431072422420193, 0, 0.31596853886104154, 0, 0.32559109384453744, 0.2891411210640352, 0
s100,0,10,r02, 0.010971606198009031, 0.30371397870152694, 0, 0.33322837024372204, 0, 0.3434794162947749, 0.2928575347269898, 0
s100,0,10,r03, 0, 0.3535723161228217, 0, 0.34416567576809365, 0, 0.3504800203483231, 0.30062585458451535, 0
s100,0,10,r04, 0.0005949654084902514, 0.3187571334553965, 0.00020283362368548604, 0.3265409365196441, 0.0033153458075114764, 0.30632793539015374, 0.28623038799074885, 0
s100,0,10,r05, 0.00018981917353486205, 0.32869466942236103, 0, 0.30981875392185904, 0, 0.31906944389419895, 0.2787932750003484, 0
s25,75,01,r01, 0.19740890022151786, 0.0672606611614398, 0.19337192684809232, 0.07935610045343702, 0.1938192380032027, 0.07956300985150624, 0.07624969276744588, 0.19307565101056096
s25,75,01,r02, 0.20506481527368906, 0.06650786779138222, 0.1947085932370097, 0.08869933831452677, 0.2007758011948058, 0.0722465561664127, 0.07441870464487937, 0.19934609436637404
s25,75,01,r03, 0.20094813910877846, 0.07269956987688143, 0.19094563425490652, 0.09670612884349815, 0.1991621425556836, 0.07507271560614175, 0.07970824784486587, 0.19592747777414074
s25,75,01,r04, 0.20532937793931666, 0.07246276733319718, 0.20270693531758838, 0.07873077495967881, 0.20353874246702583, 0.07348600120452892, 0.07467676863700527, 0.202433690135738
s25,75,01,r05, 0.21188976227784032, 0.05624612323219456, 0.19489588858762644, 0.09734259035017172, 0.20770562337135193, 0.06518347286088652, 0.0640046063510544, 0.20768843249087926
s25,75,02,r01, 0.19738918378774525, 0.07733318211286198, 0.19304071301360415, 0.08782927156345717, 0.1973327979528995, 0.07793762185847095, 0.06976560797783174, 0.19786862568060032
s25,75,02,r02, 0.20708387458107902, 0.05307987949663308, 0.203558364428199, 0.06424615412767926, 0.208434312309969, 0.04892162401004938, 0.052110383842075954, 0.20581478789967642
s25,75,02,r03, 0.21447162904270944, 0.05554936166721352, 0.20553284223036233, 0.08097033641198441, 0.21177121849593514, 0.059964339683634585, 0.05513142140060409, 0.2123866712429461
s25,75,02,r04, 0.20712204689620695, 0.056341358005430275, 0.19949055168093427, 0.07487384052663891, 0.20377867346918496, 0.06690341144276644, 0.05399410308004879, 0.20676292067198737
s25,75,02,r05, 0.20019615535094448, 0.05236231799455353, 0.19717779668326268, 0.056011194239569365, 0.2013909199931037, 0.047889010023385095, 0.04921439523190692, 0.19910751602038082
s25,75,03,r01, 0.19331915914549777, 0.07158903367199496, 0.18076438192096694, 0.10305296586584663, 0.1883169912515134, 0.08172460735133115, 0.08218101298612317, 0.18800323280122408
s25,75,03,r02, 0.19054588949122422, 0.10707134991285279, 0.18624650495596198, 0.11848214173604367, 0.19505664951955176, 0.08988358775330099, 0.10707909717864367, 0.1870581882455346
s25,75,03,r03, 0.2008116273544466, 0.06788946508930453, 0.18988582139909996, 0.09807265189032585, 0.19534128821671426, 0.08674585739063533, 0.07176990239267313, 0.19739887708281922
s25,75,03,r04, 0.20654575078551085, 0.07823489094473621, 0.20275019709352574, 0.08937892756233282, 0.20357661418868894, 0.08492432125993529, 0.0840933982003222, 0.20204251236427637
s25,75,03,r05, 0.1953052331542552, 0.08104411206775951, 0.18972097909425695, 0.09192891488103402, 0.19666636793732964, 0.07755755003084128, 0.07674482316099841, 0.19490102948206037
s25,75,04,r01, 0.20105735975607616, 0.06793277139290393, 0.19692730003341577, 0.07760680313658525, 0.2017954258027804, 0.06616386337367737, 0.07219535380566437, 0.19726530698310754
s25,75,04,r02, 0.20198343313016165, 0.0531494641354423, 0.1940525180053017, 0.07139488679819475, 0.20022649961785646, 0.06018866048324235, 0.05514563815865548, 0.19849944001582712
s25,75,04,r03, 0.1987678821380158, 0.058256631405732874, 0.19323837262957191, 0.07494788453245496, 0.19557185920145792, 0.06970020112503476, 0.055435231099323516, 0.19738807185885532
s25,75,04,r04, 0.1988418352732324, 0.05873448685779913, 0.19736157454935965, 0.06422076426081386, 0.19662541779592732, 0.07050786991463717, 0.05336126799144723, 0.19781638788891828
s25,75,04,r05, 0.19549358571125008, 0.06927605125578236, 0.1969426451108433, 0.06561670282870859, 0.19169791807610392, 0.08215473198534701, 0.06414094061943229, 0.19475327318501084
s25,75,05,r01, 0.19441940794919485, 0.06444144766818713, 0.18730386064332138, 0.084921605730659, 0.18507615686035767, 0.09021485361281223, 0.07592647835544712, 0.18724946861100558
s25,75,05,r02, 0.20086319720932214, 0.06422079046785996, 0.19140535461556124, 0.08351610248959859, 0.19401174193430487, 0.08080532960607988, 0.06527496591237472, 0.19787138931051598
s25,75,05,r03, 0.20392550023246087, 0.05996449228881661, 0.1979883354840143, 0.07821476287014448, 0.2026503184255056, 0.06272870259746054, 0.053822604745862694, 0.20277681956958812
s25,75,05,r04, 0.19792905014091014, 0.06824419935194083, 0.19047810171736462, 0.08628407639766356, 0.19777460560144516, 0.06798550196937392, 0.06345411129907585, 0.1953517912337128
s25,75,05,r05, 0.2013203518957842, 0.06265828259740508, 0.19659122507652618, 0.07573548310120712, 0.1990513091184697, 0.07186288648664921, 0.06449898049500324, 0.19828487974797276
s25,75,06,r01, 0.18846927228637264, 0.07159818616401702, 0.18583974708413575, 0.08469463486988348, 0.19050725842058053, 0.06816986518523739, 0.06399986696792413, 0.188185523998985
s25,75,06,r02, 0.20458470849652766, 0.06776693006762698, 0.19835937050437652, 0.0850582237493767, 0.20486779786673262, 0.06321499599602166, 0.0658176246034272, 0.20174436090357767
s25,75,06,r03, 0.20301317448690948, 0.07474782827341866, 0.20071901782175317, 0.09015200314577376, 0.20086490783224883, 0.08006761710752472, 0.07583088240589596, 0.20077750659805804
s25,75,06,r04, 0.199759178643119, 0.08160551421663723, 0.1940766593260329, 0.0923880130516816, 0.19865690060208935, 0.08764090092733692, 0.07963603756198215, 0.1977422540668727
s25,75,06,r05, 0.20189471568903394, 0.0685717130731707, 0.19822312285016708, 0.08048598700261994, 0.1976980257190677, 0.07779450351714647, 0.07038965727214473, 0.19908066857860227
s25,75,07,r01, 0.20302749408270607, 0.05341422697594199, 0.19301916219215903, 0.06930835159395518, 0.20085981494164654, 0.05533005710264574, 0.05092865506777791, 0.20114980188033152
s25,75,07,r02, 0.21424297425984323, 0.045951185483289886, 0.20106390624866782, 0.07650042851676972, 0.20840983024298296, 0.06101833423000851, 0.0462571146386117, 0.21306658346798926
s25,75,07,r03, 0.207899062287549, 0.03560498094891304, 0.2023951984504335, 0.05143302792241987, 0.20741026505810634, 0.036176680717465264, 0.03628853159936203, 0.20604375072601375
s25,75,07,r04, 0.2079390726414524, 0.04864277421224943, 0.20500240279077828, 0.053272168825610866, 0.20687817602606023, 0.0506798558422473, 0.04929408987875829, 0.20622082761679275
s25,75,07,r05, 0.2023812406375467, 0.04489011272446883, 0.19207512351926115, 0.07036414017793992, 0.20153708230795503, 0.04660437732193025, 0.04666654500912225, 0.2007129475614138
s25,75,08,r01, 0.20251204973424664, 0.05273906589789476, 0.19664954711435467, 0.06831268163923651, 0.20048005750919673, 0.0558643083778503, 0.06658826143364559, 0.1955762147576202
s25,75,08,r02, 0.196572035335471, 0.06523747452850549, 0.18835678655796056, 0.08279252603781787, 0.19719551794573464, 0.061627393377875817, 0.07575856579422593, 0.19042148517738522
s25,75,08,r03, 0.1976088020924589, 0.061981174493597656, 0.1924199915729501, 0.06784280371232089, 0.19780998741779457, 0.05606561807217849, 0.06494560523447573, 0.19451792546860514
s25,75,08,r04, 0.20362673362502087, 0.044508608031099156, 0.20524287984225972, 0.03972949030699092, 0.20119579414059113, 0.04836115277787654, 0.04870194476186166, 0.2005074661004823
s25,75,08,r05, 0.19431267346275594, 0.05362363048582695, 0.18665375786697413, 0.07491191319629648, 0.1941598918027344, 0.0506640214098794, 0.062230096855467334, 0.18955234576267896
s25,75,09,r01, 0.19796560535364055, 0.043520143220003644, 0.19580741986258424, 0.04772152416935085, 0.1993917718201779, 0.03920926397547784, 0.04405345869019149, 0.1966860436891991
s25,75,09,r02, 0.20557493760938933, 0.04144116936289035, 0.1979915135122567, 0.06366253496489781, 0.20408317626544303, 0.04283070845038078, 0.04385599956424948, 0.20379874490388508
s25,75,09,r03, 0.19925183909703537, 0.04626263511193388, 0.1946342735426696, 0.05902659950123991, 0.201530788912949, 0.038053798934086724, 0.04984900623463144, 0.1974012635328483
s25,75,09,r04, 0.20955836963238678, 0.03578259043859245, 0.2095654134265514, 0.039722472265239915, 0.20639293868465342, 0.044767469321215, 0.038204732465747154, 0.20815821965885817
s25,75,09,r05, 0.20682054236709488, 0.0388358035836361, 0.1996068672120864, 0.05758614912217048, 0.20745639763385032, 0.037990946201001075, 0.04636938536948035, 0.20349522234727577
s25,75,10,r01, 0.20071058249715928, 0.06200696385869739, 0.19449527333577332, 0.07429028559096662, 0.19984080922732253, 0.060657027655932005, 0.05966380116554855, 0.1989065120504222
s25,75,10,r02, 0.20607224883431446, 0.05135018007566627, 0.20122413113338838, 0.06099573098149985, 0.20672236379469844, 0.04824212339965096, 0.04760209980414702, 0.20543947365890994
s25,75,10,r03, 0.20756039471651339, 0.04488594921755145, 0.20794015214273887, 0.04236546594173456, 0.20801987836260374, 0.03699318485301283, 0.046473827438353356, 0.20330874669274893
s25,75,10,r04, 0.20276832414627752, 0.045400338234236275, 0.20065853209349244, 0.05551227671596789, 0.20079799774875282, 0.052066527227941514, 0.04940556584145849, 0.19914572953798604
s25,75,10,r05, 0.20862063359131558, 0.04354394215573381, 0.2092181033539194, 0.04224262827272468, 0.2065899261529239, 0.04783366955206433, 0.04413428824179352, 0.2065863490865124
s50,50,01,r01, 0.1477767105085561, 0.13994083373638302, 0.14680347409890157, 0.13788692388518556, 0.1460776572146335, 0.1451771323510088, 0.14381073394966548, 0.1409219859830571
s50,50,01,r02, 0.1431707694605308, 0.151636102010031, 0.13448501926891188, 0.16947484703904644, 0.1358427862248785, 0.16856804929672234, 0.15524984670466846, 0.13504607644293132
s50,50,01,r03, 0.14410123125451585, 0.1458534384688682, 0.13487744585516942, 0.16595993951567112, 0.15110520754142623, 0.1348309741781425, 0.13421494309963, 0.1431427832424289
s50,50,01,r04, 0.14408207753024796, 0.1540296183007035, 0.13946307499825342, 0.167551606402597, 0.14183328044836155, 0.15447587345330546, 0.15013897007321714, 0.1406604123217266
s50,50,01,r05, 0.1499941114012918, 0.12963778733347653, 0.14647471730529094, 0.1344434227256278, 0.14175335228977465, 0.1391881409140203, 0.1372331851907135, 0.14207236228992018
s50,50,02,r01, 0.13990401069730457, 0.15233832847861617, 0.12895063379783656, 0.17683529476267879, 0.13965811015810947, 0.15405697793729226, 0.1525394147462288, 0.1358295341875422
s50,50,02,r02, 0.1469823269002199, 0.13942507524367853, 0.14383661831511932, 0.13603899617024978, 0.14040895962766292, 0.15658589979270113, 0.14943353790228414, 0.13985173446507027
s50,50,02,r03, 0.1449818436628895, 0.15208054231274704, 0.13922089307052438, 0.16340130315317766, 0.14512846740478558, 0.14860085186538663, 0.15376815474982092, 0.13919534641148648
s50,50,02,r04, 0.15027919464414627, 0.1313904784754111, 0.14109025933391253, 0.1537877286743076, 0.14659668599248232, 0.1406515982126864, 0.14998223096066013, 0.13968860090924784
s50,50,02,r05, 0.14348088361552802, 0.13552982071592473, 0.13617493013420415, 0.14942241226029404, 0.13829566461688872, 0.1489258193138267, 0.1384687672397486, 0.13694514855694317
s50,50,03,r01, 0.1596249062032826, 0.12247334694399481, 0.14450705447923853, 0.15545266870718796, 0.15779246051550122, 0.12302822926505831, 0.13334043559190156, 0.14927776780005964
s50,50,03,r02, 0.15633398428254014, 0.1254256188090861, 0.15217497345450753, 0.13040498131533532, 0.15379180128079997, 0.12354267241648662, 0.12549307928758857, 0.15158916136633083
s50,50,03,r03, 0.15538358488520412, 0.1036451644410465, 0.1541424645894089, 0.11206715872387218, 0.1542531761304917, 0.10570549940173013, 0.10939721692662141, 0.14930257270902866
s50,50,03,r04, 0.14793230927551557, 0.11905648190030223, 0.14202041760188747, 0.12746967275083287, 0.1440144443532647, 0.12903106090279118, 0.11946890521727464, 0.14386091917519034
s50,50,03,r05, 0.14608923636907561, 0.1126675850802786, 0.1420756834314381, 0.12304596816043106, 0.14395645399831353, 0.1111271942405845, 0.11055046848600952, 0.142262091077699
s50,50,04,r01, 0.14248765574165145, 0.14321384841891854, 0.13411764521135824, 0.16646535967211584, 0.1403089824078967, 0.1424872675913187, 0.14654174440596537, 0.13573501076355518
s50,50,04,r02, 0.13740478336693357, 0.1578649059105856, 0.13271433717689002, 0.16705782497838592, 0.13290748298929234, 0.16872957887052228, 0.15351584485577105, 0.1346050179907616
s50,50,04,r03, 0.1360769326645921, 0.15899261806503284, 0.13383101032306283, 0.16071154462013162, 0.12611014455726108, 0.17424422333001455, 0.14077223930372737, 0.1336844245723201
s50,50,04,r04, 0.1352372360988534, 0.16327321906417028, 0.13219698907779986, 0.16885976652461432, 0.1303606121489005, 0.17491272020443324, 0.14641117088308014, 0.1341342202792802
s50,50,04,r05, 0.13309907227785295, 0.17293164290991464, 0.1253208192173807, 0.18412120500950102, 0.13224460088645748, 0.16731917794377538, 0.15494889163072692, 0.13189531558112896
s50,50,05,r01, 0.14135395869422676, 0.15521567940975559, 0.12613342576163353, 0.1958869684309909, 0.1391130871818629, 0.14419177852345985, 0.13936505846876482, 0.13935942660142306
s50,50,05,r02, 0.1523462809363655, 0.15487770112221086, 0.13054096240989324, 0.2069979978551039, 0.14399004156312512, 0.17380893083014312, 0.1690043105452074, 0.14064073093961924
s50,50,05,r03, 0.14642910742381937, 0.14919701926970888, 0.12797402486796855, 0.2058967537596072, 0.14189240734034078, 0.15859619532903121, 0.15872495312076926, 0.1386845926897484
s50,50,05,r04, 0.1381896598123002, 0.17211234377042145, 0.1308028773770747, 0.19255909771156968, 0.14233742872760402, 0.13412761545996316, 0.1408591253030214, 0.1397145893717444
s50,50,05,r05, 0.14478533068555102, 0.15880560835645022, 0.13615863285299837, 0.18165343303053252, 0.1427381730126099, 0.1400631032522356, 0.14346864631200992, 0.14090555869281954
s50,50,06,r01, 0.14332364971824554, 0.13427984825347825, 0.1345850895999027, 0.16110747684691948, 0.13913126903800765, 0.15317291906189454, 0.14183847979258216, 0.13274655101472224
s50,50,06,r02, 0.13986370656742225, 0.15185066215351867, 0.13406649928434178, 0.16800572103131453, 0.13529007945773555, 0.16892942664876706, 0.14981295208363243, 0.1336230349096378
s50,50,06,r03, 0.14314201553948253, 0.14549109605704716, 0.12774969951938095, 0.19241368657433902, 0.13195264511385668, 0.1898484550641697, 0.14462801784249052, 0.13416218519863343
s50,50,06,r04, 0.14450810155083468, 0.15590239417658458, 0.14356232334851582, 0.1632200785296535, 0.14273997863875354, 0.17197740857441288, 0.15496763709303144, 0.13725632416290692
s50,50,06,r05, 0.15035004315039, 0.1353525523843773, 0.14389413219691954, 0.15725047264639158, 0.14131383567386574, 0.160684631464613, 0.13651935159234024, 0.14232774595412573
s50,50,07,r01, 0.1448333741640975, 0.15362666674490968, 0.14383923242047933, 0.15380283483666105, 0.14305149931805392, 0.15510729593784514, 0.14402048144313037, 0.1410393843588661
s50,50,07,r02, 0.1436887264209358, 0.15603668890779687, 0.13605556135248684, 0.1698647579012907, 0.14603834068971883, 0.14727676363666722, 0.1423986003825894, 0.14161813018642244
s50,50,07,r03, 0.14121891838302997, 0.1497194111845653, 0.13846178889635954, 0.14421355573882488, 0.13741192724542925, 0.15449902151789605, 0.1368532855865533, 0.13957461463034518
s50,50,07,r04, 0.13566801617127575, 0.17199834810236264, 0.13727587597708918, 0.15780456329270479, 0.13648507550212133, 0.15751633619640754, 0.15197877294732168, 0.1333872610099008
s50,50,07,r05, 0.1469678106702426, 0.1450143512202973, 0.14201755542529804, 0.15498543209379076, 0.14264069369060098, 0.151932998616583, 0.12688392064111828, 0.14456384897245425
s50,50,08,r01, 0.14953257624222357, 0.13314496026270134, 0.14669055789418145, 0.1421439170591734, 0.14924035825542914, 0.13606280663911632, 0.13508842046778696, 0.1451667999799933
s50,50,08,r02, 0.14951119379287445, 0.1223731574858472, 0.14202776030207082, 0.14886114611360202, 0.14632637420722455, 0.12765666466407072, 0.12922100544417883, 0.14083662139462455
s50,50,08,r03, 0.14033964561946635, 0.14161749980592214, 0.14068134253038733, 0.14301364394264118, 0.14057874196753423, 0.13072308396033322, 0.13484506061570262, 0.13725124861244603
s50,50,08,r04, 0.14775535389159325, 0.13633859725525171, 0.13329000298977312, 0.17136658806738822, 0.14341751088779492, 0.1502091599623532, 0.13909005736080665, 0.14182467185839806
s50,50,08,r05, 0.1530598436410328, 0.14968055425732277, 0.1437914615924274, 0.16937532895327362, 0.1572726858849645, 0.12201650519667573, 0.1408843363266741, 0.14789101218624426
s50,50,09,r01, 0.1435808649363135, 0.14981076274206312, 0.1336043877394939, 0.17727698915203854, 0.1397260651661204, 0.158601921025308, 0.14507242773367088, 0.13734486078010644
s50,50,09,r02, 0.14682614268592567, 0.1369528098867284, 0.14630924944800888, 0.13555118207022598, 0.13968143745980066, 0.1559441408168537, 0.13214228415596765, 0.14351695370175613
s50,50,09,r03, 0.1489336573471928, 0.17438038386449448, 0.14213522401938383, 0.17987825791357512, 0.15223668245583022, 0.15840722425299059, 0.1765217445319222, 0.14113964689195954
s50,50,09,r04, 0.1410566737971994, 0.18430658811463024, 0.13510400108123496, 0.19484863149914378, 0.13599886184181148, 0.18929009181131348, 0.1910694999276645, 0.1303313895497634
s50,50,09,r05, 0.14317600481382894, 0.1632316929046745, 0.13824557781707056, 0.17032673790686886, 0.1432901587097929, 0.1662695045902639, 0.16375076592522528, 0.1362881275021045
s50,50,10,r01, 0.14870892209666003, 0.13054552720604767, 0.13854664064731667, 0.14653040924203695, 0.14316279512260016, 0.1416141801177954, 0.14236172081723536, 0.13699436938215764
s50,50,10,r02, 0.1538462455110188, 0.11867645399433478, 0.1408033052564362, 0.1487824935338295, 0.15173066070716423, 0.12337909631855616, 0.13275947990206458, 0.142552268729674
s50,50,10,r03, 0.1605589643285649, 0.1099109263656451, 0.15355042742555516, 0.12048221371702632, 0.1513792690231674, 0.130693340231256, 0.1238998083300862, 0.14863350049006135
s50,50,10,r04, 0.15391200285224707, 0.11435649653487565, 0.14424150310644657, 0.1351674051127619, 0.15158310086525867, 0.12608352146042393, 0.12154197200252452, 0.1456293133186154
s50,50,10,r05, 0.1422822121718913, 0.12770609528393473, 0.12891340995772688, 0.1540934913478187, 0.1340596912109911, 0.1465808653668208, 0.1400448087344392, 0.1322608891130825
s75,25,01,r01, 0.08325380333804627, 0.2666621737208811, 0.08384448239374723, 0.2569141759913885, 0.07958973380841902, 0.2644079714967017, 0.25072630695179793, 0.07085742746682153
s75,25,01,r02, 0.0888802287886226, 0.26420827269232466, 0.08235848164070039, 0.2653519986897592, 0.08316064582823525, 0.2711236240945013, 0.22182103896037983, 0.08481387767378486
s75,25,01,r03, 0.08330934874621915, 0.25127866493286094, 0.08311877167358478, 0.2351998821600761, 0.07626140986950646, 0.25984161232089037, 0.22529332609854508, 0.07720415666405771
s75,25,01,r04, 0.07616604505430832, 0.26278269700145584, 0.08308320449509835, 0.244568251083605, 0.06829585129152277, 0.28399036263680166, 0.22705384101958384, 0.07203882983411172
s75,25,01,r05, 0.08516228129449038, 0.24592248966995336, 0.0856000687341261, 0.2365321914324347, 0.07872483716117945, 0.2590711408219657, 0.2227557564020876, 0.08215823824278971
s75,25,02,r01, 0.0701630314765377, 0.2547980290167475, 0.0641602971596003, 0.2801600594749851, 0.07083755851079468, 0.2540362986500483, 0.25167133858779517, 0.06304134243983664
s75,25,02,r02, 0.07781438930999085, 0.22737806117713627, 0.07139818817173954, 0.24464051590277722, 0.07726181689721022, 0.2223024717321134, 0.21585104691972418, 0.07114249399898587
s75,25,02,r03, 0.07569559222682404, 0.2274032176177085, 0.06953345421425788, 0.2442928907289004, 0.07610332899856413, 0.2315663756128732, 0.21271525466884747, 0.07197949053894569
s75,25,02,r04, 0.0708708636996737, 0.2703576095902018, 0.060490385980322796, 0.30572828448937117, 0.06788933888639721, 0.27241169317436226, 0.23844211631122428, 0.06782893944594805
s75,25,02,r05, 0.07190908382002215, 0.24635416396199394, 0.07019392666859911, 0.2611782352234511, 0.06624411613950794, 0.26397968122078974, 0.23114622043259248, 0.06624941491846792
s75,25,03,r01, 0.0813680597865847, 0.2591934490045307, 0.07457453164100014, 0.28076412058406314, 0.06462999779738482, 0.3530784819070667, 0.2323635819492253, 0.07673297235402136
s75,25,03,r02, 0.0772898807138876, 0.2756160695010339, 0.0621795206491163, 0.33469113013312424, 0.061166227609879276, 0.3560263401530967, 0.2541660115366428, 0.07181594200066846
s75,25,03,r03, 0.08682538548362409, 0.2861946418114615, 0.07731907303739295, 0.3232386106640271, 0.07540947579573776, 0.35365031043061823, 0.2451490490965671, 0.08047298104446564
s75,25,03,r04, 0.0840116263589157, 0.2520755678563487, 0.06944304972819512, 0.30334088333090015, 0.07476618824268302, 0.3029848077207988, 0.2524985767112478, 0.0714433889362253
s75,25,03,r05, 0.07461995175665419, 0.2859086623366567, 0.07126611897112123, 0.31739859145708765, 0.07245811191569239, 0.3123909577763286, 0.25029304557565374, 0.07516258030069659
s75,25,04,r01, 0.08280963021696414, 0.1868504771096817, 0.07814127446727205, 0.18718584007524694, 0.08124534917164217, 0.18839143313058687, 0.16895137700773055, 0.07872484843360804
s75,25,04,r02, 0.08212106078498692, 0.19388082339169915, 0.07982749497938436, 0.1907485658933339, 0.082099995971146, 0.18924056400889544, 0.18194536290271265, 0.07853839630214896
s75,25,04,r03, 0.0756779981324563, 0.2107143005624498, 0.07127627739759766, 0.20918775192227224, 0.07372869204763013, 0.1971636024954281, 0.20364206112389072, 0.06737200820591739
s75,25,04,r04, 0.07861693926521318, 0.22332690853596804, 0.06634885776902393, 0.23689585001126695, 0.07262640113048939, 0.22809948068376942, 0.20647557575866854, 0.07420752779913145
s75,25,04,r05, 0.07946725719919026, 0.21441649028139953, 0.0771136542911935, 0.21272018669480608, 0.07314076400216026, 0.22341949854048332, 0.21130423822631275, 0.07088767851633251
s75,25,05,r01, 0.08691452229939257, 0.22477276550656708, 0.0726001952442925, 0.24322337397798452, 0.08544410493135611, 0.22218380335302745, 0.21661690475782971, 0.0778914412569705
s75,25,05,r02, 0.09122992127940215, 0.20813420667821075, 0.07913110041248804, 0.226360437729786, 0.08723556296099395, 0.2033811910172096, 0.2098740262046279, 0.07649234968003604
s75,25,05,r03, 0.09285091471566617, 0.20548859760246976, 0.09225495191566724, 0.1973116690293277, 0.09364035863375152, 0.1895592512660663, 0.2130577756510162, 0.08036740190029923
s75,25,05,r04, 0.0980567473607678, 0.21929916578876862, 0.08347488487851498, 0.23885347776435034, 0.09730518571075565, 0.19959148572291827, 0.22807202641180704, 0.07887287698336722
s75,25,05,r05, 0.08304889065390514, 0.2683627703999248, 0.06528788357749925, 0.29004975471686995, 0.0661616753181937, 0.28346750972028767, 0.27467224519802497, 0.06339184068442157
s75,25,06,r01, 0.09684830456940269, 0.18459978794694015, 0.09153912798084246, 0.18879562176549217, 0.09164726217046584, 0.19689950033325815, 0.20244239867256975, 0.08427970141391251
s75,25,06,r02, 0.08556119521264371, 0.20168532458415858, 0.07368963971882041, 0.21756345176382616, 0.07672778445866725, 0.21667149513450157, 0.21511703599631557, 0.06944737907461437
s75,25,06,r03, 0.09862217363611496, 0.18209431385964664, 0.09955413641364366, 0.16815412668837976, 0.09458342582145261, 0.1811961350344523, 0.18634342168320742, 0.08858767656184345
s75,25,06,r04, 0.09574729111956554, 0.1651456516738851, 0.09203458447428989, 0.16406716953884776, 0.0873982873227509, 0.18810211490610654, 0.1866973515482262, 0.07889139718272327
s75,25,06,r05, 0.0824878423618447, 0.2093946269035774, 0.07674451574699974, 0.20463147904602794, 0.08033702275777121, 0.20317220412103557, 0.21484477913754066, 0.07096530319968052
s75,25,07,r01, 0.0840365450050386, 0.25385166182059343, 0.08467365621696483, 0.25522366013346753, 0.08427225494612418, 0.25109795983953453, 0.23645213294212514, 0.08065310322476478
s75,25,07,r02, 0.08622473138198464, 0.22250833413220708, 0.08455298357855803, 0.22157441738873196, 0.08975657709423178, 0.2137730928734351, 0.20832035058418163, 0.0844404417834983
s75,25,07,r03, 0.08323838812427227, 0.25149280343397873, 0.07889435218486616, 0.26268488888004055, 0.08135522424570091, 0.253035546628024, 0.2163757789872189, 0.08101123215297644
s75,25,07,r04, 0.08463061903759625, 0.25684106688591146, 0.07510090077280565, 0.282066595594347, 0.07858876258608734, 0.2692433774034924, 0.25170810559283985, 0.07596587129809616
s75,25,07,r05, 0.08785859342274288, 0.25331785664773465, 0.0835746244168664, 0.2545175132310795, 0.08652720498434216, 0.24779560620549837, 0.24934945430804864, 0.08151105045308049
s75,25,08,r01, 0.08527565948243741, 0.1738971145599755, 0.08099712026216355, 0.17942797604695676, 0.08202421249326114, 0.1735312794381884, 0.16816220515950567, 0.0819959062498847
s75,25,08,r02, 0.08471609048133744, 0.2116687768952976, 0.08219728860398544, 0.22405122332789176, 0.08626125341555198, 0.20787421593387057, 0.2115199737191788, 0.07975621647058766
s75,25,08,r03, 0.07706388982753794, 0.20315289743638093, 0.07835529974786783, 0.19226809022866745, 0.07739246740880046, 0.19922856920371668, 0.19338457146143714, 0.07539657891924888
s75,25,08,r04, 0.08887456692853107, 0.1775234346150883, 0.08257742441736506, 0.19984567001963532, 0.08483294812555459, 0.1825071161683403, 0.18462525860231166, 0.08047074225844321
s75,25,08,r05, 0.07883222701218308, 0.1971376113842106, 0.07796429375156165, 0.19555902274422843, 0.07544655374651707, 0.20289729665077424, 0.19352259728017254, 0.07435447886384396
s75,25,09,r01, 0.08261182147381797, 0.27004558666253986, 0.0789354488337755, 0.26519104492117207, 0.08174680652445578, 0.24965618927168257, 0.24475098847007748, 0.0741165202726413
s75,25,09,r02, 0.07915203140675026, 0.23537984124241668, 0.0700195287929455, 0.2589188701873789, 0.078003775235058, 0.22647529039862468, 0.22468959065488145, 0.07147458920060834
s75,25,09,r03, 0.07857548951161028, 0.22321414701172815, 0.07524781580008243, 0.23228360327165593, 0.07587983748627102, 0.23262291094982857, 0.20445640222199973, 0.07686194625318211
s75,25,09,r04, 0.07871122701107451, 0.23872874070606215, 0.07850459761482388, 0.23709910099441855, 0.0748950880629977, 0.2427011322228694, 0.21707523105393708, 0.07598153985724039
s75,25,09,r05, 0.06860040091568187, 0.24088195158105155, 0.06347011023866647, 0.2540438911605461, 0.06451338784520776, 0.2477885394358546, 0.2249146649714741, 0.06312624389971806
s75,25,10,r01, 0.06850887792295594, 0.2487089676571476, 0.0652528479219741, 0.24878992530845992, 0.06763769208037933, 0.24493847332588203, 0.21714559095138694, 0.06537529271613221
s75,25,10,r02, 0.09004209528106598, 0.22231250899719324, 0.07621283139218823, 0.24516611677770359, 0.08096461623354073, 0.2529477527183498, 0.1985163015195474, 0.08506650027808738
s75,25,10,r03, 0.07404997297928283, 0.24405612233531856, 0.06503210740626161, 0.2644478127167863, 0.0701935866108035, 0.24985827228154306, 0.22903549842143345, 0.06789288212166927
s75,25,10,r04, 0.07865948963874705, 0.2535008889291409, 0.07039481037489215, 0.265762526853642, 0.06723115708724771, 0.2794211556392299, 0.24473896369745693, 0.07061128469365581
s75,25,10,r05, 0.07758420226132566, 0.23929991664707145, 0.055855292124716203, 0.2781398992669351, 0.070708364540484, 0.263851891398347, 0.22237184413822056, 0.07061344246844152
