"","modelcondition","true_nu","true_phi","prioridx","rep","startle_phi","startle_nu","cassg_phi","cassg_nu","nj_phi","nj_nu","problin_nu","problin_phi","true_phi_value","true_nu_value"
"1","s0d100","s0",100,1,"r01",0.258664474898759,7.30575351150093e-06,0.258659845264498,2.03997100786551e-05,0.258665338012121,4.2981620569673e-06,9.67260408669411e-06,0.258663659768011,0.25,0
"2","s0d100","s0",100,1,"r02",0.257865244550341,4.73613926920978e-06,0.257861650765949,1.41373447159484e-05,0.257865020846539,4.94577695456983e-06,5.90582353187238e-06,0.257864792102343,0.25,0
"3","s0d100","s0",100,1,"r03",0.253057137367689,2.73808524990493e-05,0.251273464974835,0.0044071319161377,0.253065853252767,2.67194047056641e-06,0.000178128056299885,0.252999556348536,0.25,0
"4","s0d100","s0",100,1,"r04",0.253598946679639,3.70169970260547e-06,0.253596035680273,1.13283366446986e-05,0.253598725713676,3.81316965354543e-06,2.79386192292285e-06,0.253599236119522,0.25,0
"5","s0d100","s0",100,1,"r05",0.253407364696746,0.00313319075973395,0.254279568637366,0.000666856482387974,0.254519820236814,3.72831964561671e-05,0.00681750600938657,0.251910239623034,0.25,0
"6","s0d100","s0",100,2,"r01",0.247856638735815,2.57321200840304e-05,0.247861693921334,1.35450616739764e-05,0.247864548954704,6.1304808975084e-06,3.76767965910609e-05,0.247851664779087,0.25,0
"7","s0d100","s0",100,2,"r02",0.248931303579591,6.08484470344465e-06,0.248931449231969,5.54863598522975e-06,0.248932757400014,1.8169177928697e-06,1.19860919351252e-05,0.248929100860264,0.25,0
"8","s0d100","s0",100,2,"r03",0.245803589621149,0.000167515497167059,0.245533812912309,0.000831015849475196,0.245607407490931,0.00064210384949229,0.00460372500499982,0.244025478908972,0.25,0
"9","s0d100","s0",100,2,"r04",0.251999108244514,2.89058293237376e-06,0.251994947266089,1.35153701910398e-05,0.251999382900158,1.93900511127169e-06,2.09963355507138e-06,0.251999389619897,0.25,0
"10","s0d100","s0",100,2,"r05",0.245465293049154,4.48311033834312e-06,0.245464788827293,5.73373004009379e-06,0.245455020525287,3.18874982667752e-05,3.63686817522499e-06,0.245465593477184,0.25,0
"11","s0d100","s0",100,3,"r01",0.256532663404978,2.36518641213453e-06,0.256531269985677,6.09105149662624e-06,0.256532446656124,2.82495880511188e-06,3.13921553441876e-06,0.2565323989878,0.25,0
"12","s0d100","s0",100,3,"r02",0.249864850623586,6.04108017359974e-06,0.248738106045146,0.00302491633199519,0.249864289479491,7.07751197435726e-06,1.29807398429875e-05,0.249862449013899,0.25,0
"13","s0d100","s0",100,3,"r03",0.248931806216534,4.68135646812048e-06,0.248929669204648,1.02371348684306e-05,0.248932501771885,2.61088723456923e-06,4.06966883391761e-06,0.248932033640138,0.25,0
"14","s0d100","s0",100,3,"r04",0.249731284183363,6.39671348498063e-06,0.249730365289952,8.52153015495989e-06,0.249733005240795,1.23683044081491e-06,2.06567652597733e-05,0.249726455130417,0.25,0
"15","s0d100","s0",100,3,"r05",0.257865877475706,2.95652190491947e-06,0.257865622528929,3.47306590088824e-06,0.257865902896975,2.64954974157571e-06,2.11570522051517e-06,0.257866136045372,0.25,0
"16","s0d100","s0",100,4,"r01",0.259599518136837,2.02457339235743e-06,0.258188020633512,0.00322528819909153,0.259598913959388,3.83799167997006e-06,1.83237109449253e-06,0.259599560105634,0.25,0
"17","s0d100","s0",100,4,"r02",0.254101008271533,9.07961947933147e-05,0.25413110840186,6.92305156552648e-06,0.254121255174915,3.41395017813222e-05,2.37928880721146e-05,0.254125081953348,0.25,0
"18","s0d100","s0",100,4,"r03",0.249464908765757,5.57677569181474e-06,0.249463400639033,9.68931051243668e-06,0.249462852044237,1.10914817112295e-05,5.81072038976099e-06,0.249464817064602,0.25,0
"19","s0d100","s0",100,4,"r04",0.261041030691018,0.00260942227474417,0.261995338197468,1.40284407107582e-05,0.261996855060299,9.5069653743379e-06,0.000596294358187098,0.26177246141308,0.25,0
"20","s0d100","s0",100,4,"r05",0.253332370179875,0.0017810075224762,0.253782528190208,0.000578577846795776,0.252538855151753,0.00359408971607544,0.00260226320899457,0.253013087635634,0.25,0
"21","s0d100","s0",100,5,"r01",0.251199472771141,2.07611514930281e-06,0.251151703688533,0.000123662739312049,0.251199344020492,2.1148193462075e-06,3.0364203881445e-06,0.251199183043862,0.25,0
"22","s0d100","s0",100,5,"r02",0.243731992112923,4.90023509413901e-06,0.24372231004458,3.14746549282334e-05,0.243655771604113,0.000208279136518748,4.86263127758026e-06,0.243731977989634,0.25,0
"23","s0d100","s0",100,5,"r03",0.250931707485362,5.48620853099777e-06,0.247248552405767,0.00944741562368176,0.250929997990599,8.80713087074172e-06,5.43760520066052e-06,0.250931708866343,0.25,0
"24","s0d100","s0",100,5,"r04",0.250130970912362,7.88976023715463e-06,0.2488522318185,0.00319936503009971,0.250132196884743,3.55896685925963e-06,3.97287632529377e-06,0.250132205454132,0.25,0
"25","s0d100","s0",100,5,"r05",0.253865541154302,4.01601883846601e-06,0.253859524962946,1.8972919696106e-05,0.253865985306269,2.13308232116462e-06,3.0777049621408e-06,0.253865837837519,0.25,0
"26","s0d100","s0",100,6,"r01",0.251309391087904,6.39715533602931e-05,0.247486092740968,0.0088999553444046,0.251329135633483,1.22124778755221e-05,0.00326160541884516,0.250045174928335,0.25,0
"27","s0d100","s0",100,6,"r02",0.253999593697667,1.70820432768584e-06,0.253995932703993,1.21260977322033e-05,0.253999426725869,1.77365445494484e-06,1.95521230000251e-06,0.25399951018138,0.25,0
"28","s0d100","s0",100,6,"r03",0.252799009198283,3.42852788645847e-06,0.250433746414694,0.00547535340775696,0.252798578199579,4.42778410463793e-06,3.17819555611623e-06,0.25279908545879,0.25,0
"29","s0d100","s0",100,6,"r04",0.256932337741699,3.28181448580402e-06,0.25678985399662,0.000352901951687373,0.256932117452888,3.76584009491791e-06,4.03964575629425e-06,0.25693202695874,0.25,0
"30","s0d100","s0",100,6,"r05",0.253199247502748,2.77730787995582e-06,0.248836640122441,0.00969934653120114,0.253197984845899,6.0084458768695e-06,3.43941857296309e-06,0.253199022868945,0.25,0
"31","s0d100","s0",100,7,"r01",0.247732195993652,3.95182615073406e-06,0.244978936974865,0.00667951210121157,0.24773248178828,2.84779244890654e-06,4.42650970788028e-06,0.247732029606373,0.25,0
"32","s0d100","s0",100,7,"r02",0.246933061308467,1.16290219059239e-06,0.24693280374006,1.69598040223852e-06,0.246932977132393,1.32803808403254e-06,1.43274588969193e-06,0.246932995037301,0.25,0
"33","s0d100","s0",100,7,"r03",0.247865159024164,5.05440794390388e-06,0.247857258911902,2.59686067671414e-05,0.24785997160848,1.83052406932917e-05,5.87101453679235e-06,0.247864882605032,0.25,0
"34","s0d100","s0",100,7,"r04",0.249743101581421,0.000341240943542965,0.247892300283744,0.00494334224770887,0.249838959711375,7.13812899659249e-05,0.00144355397984073,0.249338801278278,0.25,0
"35","s0d100","s0",100,7,"r05",0.252932286217308,3.80589413597413e-06,0.252924285615286,2.57186063228192e-05,0.252932344047425,3.47504424374591e-06,3.44171854148078e-06,0.252932371777789,0.25,0
"36","s0d100","s0",100,8,"r01",0.252159912636394,0.00671277572775552,0.253689525110458,0.00336010837012067,0.254054174234831,0.00206653050831244,0.00520978076685995,0.252739513186605,0.25,0
"37","s0d100","s0",100,8,"r02",0.25066505014591,5.29779295234479e-06,0.249208201137758,0.00363664065106358,0.250661945241032,1.36796673236201e-05,5.39427039577724e-06,0.250665012098501,0.25,0
"38","s0d100","s0",100,8,"r03",0.246531687674113,4.71407076931398e-06,0.246531717597338,4.74741782279176e-06,0.24653241767858,2.92813965165743e-06,2.62593222553331e-06,0.246532474960937,0.25,0
"39","s0d100","s0",100,8,"r04",0.251854633690712,3.60442582871327e-05,0.251854455032168,3.44900098488615e-05,0.250825989224961,0.00272921431093016,0.00813584700976643,0.24877893058216,0.25,0
"40","s0d100","s0",100,8,"r05",0.249865790412216,2.95892234676045e-06,0.249703566097166,0.000409391661665196,0.24986530811617,4.04941663598841e-06,2.90224764534874e-06,0.249865817983201,0.25,0
"41","s0d100","s0",100,9,"r01",0.261065153385513,5.47556984371444e-06,0.261059450280472,2.03894818061234e-05,0.261062848782034,1.25933201881661e-05,5.29528873793658e-06,0.261065186053433,0.25,0
"42","s0d100","s0",100,9,"r02",0.259461427206967,1.7445615829178e-05,0.256493032701744,0.00818384992435467,0.258086610944799,0.00350368614918354,0.00977262594133454,0.255887838903552,0.25,0
"43","s0d100","s0",100,9,"r03",0.249730354626314,8.70551043360685e-06,0.249730003717167,9.95418337717562e-06,0.249507156038388,0.000545234943470067,1.29596650048273e-05,0.249728766538359,0.25,0
"44","s0d100","s0",100,9,"r04",0.24999430358141,1.83182800415551e-05,0.249997246325242,8.783586576332e-06,0.24999760265652,7.64143256264271e-06,7.60637058041499e-06,0.249997678522505,0.25,0
"45","s0d100","s0",100,9,"r05",0.259331105727543,7.46418803773905e-06,0.259330473402768,8.69866476298449e-06,0.259331595278912,5.57018751492461e-06,5.61236005032202e-06,0.259331654807708,0.25,0
"46","s0d100","s0",100,10,"r01",0.253064951723682,5.73840269667083e-06,0.25299500640092,0.000204051225277979,0.253064974952421,5.46527217966991e-06,4.5592954763079e-06,0.253065339193667,0.25,0
"47","s0d100","s0",100,10,"r02",0.247731737923057,4.78857478182553e-06,0.24557541567205,0.00547487274820425,0.247732129490176,3.9948046635074e-06,2.12910235730871e-05,0.247725785750994,0.25,0
"48","s0d100","s0",100,10,"r03",0.252532558865257,2.75353558514234e-06,0.252531644042665,4.99977472261488e-06,0.252531526699705,5.35522772864046e-06,3.03157780435872e-06,0.252532448693712,0.25,0
"49","s0d100","s0",100,10,"r04",0.250263481442027,1.03349981814188e-05,0.249761827072124,0.00142436585724922,0.250264287294678,7.24439059345825e-06,1.34324853869203e-05,0.25026247378316,0.25,0
"50","s0d100","s0",100,10,"r05",0.255462578284426,1.1898430175441e-05,0.255463591527755,8.88776200746272e-06,0.255465161946574,4.70752763504694e-06,2.54482341349111e-05,0.255457200210391,0.25,0
"51","s100d0","s100",0,1,"r01",0.00735760398122323,0.343766378520657,0,0.338027067584837,0.000175033585396719,0.353057670624139,0.309859092055838,0,0,0.288
"52","s100d0","s100",0,1,"r02",0,0.332654592742626,0,0.304314067746531,0,0.319543737517648,0.27648003389325,0,0,0.288
"53","s100d0","s100",0,1,"r03",0.0112810213117798,0.311904687804667,0,0.323149404073427,0,0.333944981518997,0.283178426430657,0,0,0.288
"54","s100d0","s100",0,1,"r04",0,0.326605056977213,0,0.30271695739869,0,0.307656006041808,0.264676917866993,0,0,0.288
"55","s100d0","s100",0,1,"r05",0,0.328436726927376,0,0.30037805320192,0,0.310743109366484,0.277505516062021,0,0,0.288
"56","s100d0","s100",0,2,"r01",0.0142446977622151,0.305203396570858,0.0119517538738163,0.303992622144423,0.00936748048178813,0.309636234969799,0.281380406385602,0.00876647845310827,0,0.288
"57","s100d0","s100",0,2,"r02",0.00735015096254529,0.328296915626657,0,0.345355913974394,0,0.343047217099178,0.319109269331378,0,0,0.288
"58","s100d0","s100",0,2,"r03",0,0.304846141777976,0,0.290497224437365,0,0.299438436713428,0.274071204429526,0,0,0.288
"59","s100d0","s100",0,2,"r04",0.00643376509981093,0.317096462967771,0,0.330153371208133,0.00522566826468865,0.314752814421152,0.304338848691032,0,0,0.288
"60","s100d0","s100",0,2,"r05",0.0115136782542984,0.27826397027278,0.0100662338597741,0.276765930068765,0.010686170419323,0.276478008063281,0.255975315834382,0.00835606040370433,0,0.288
"61","s100d0","s100",0,3,"r01",0.0120603896181131,0.316427423980219,0.000266900377858356,0.335561775797029,0.00991392162095729,0.30904261792089,0.301958562537984,0.00401334723054119,0,0.288
"62","s100d0","s100",0,3,"r02",0.00347501271487105,0.325752345373332,0,0.315231741637951,0,0.314008286036117,0.28338196932331,0,0,0.288
"63","s100d0","s100",0,3,"r03",0.0104136257885347,0.311002957872721,0.00891943213591273,0.288394813126833,0.00162029052986128,0.325464413952218,0.298266765563097,0,0,0.288
"64","s100d0","s100",0,3,"r04",0,0.349167193470346,0,0.318839022379953,0,0.320643466845718,0.289801038633444,0,0,0.288
"65","s100d0","s100",0,3,"r05",0,0.35538258929795,0,0.333874493585998,0,0.334187438218452,0.304580938590168,0,0,0.288
"66","s100d0","s100",0,4,"r01",0.000874636904789893,0.334196867923397,0,0.327246902513632,0,0.347221156179415,0.292660060539467,0,0,0.288
"67","s100d0","s100",0,4,"r02",0,0.349203121623849,0,0.3314940488276,0,0.341785847993917,0.292908523785008,0,0,0.288
"68","s100d0","s100",0,4,"r03",0,0.380913440906704,0,0.345570004171132,0,0.373622046667732,0.315029000168436,0,0,0.288
"69","s100d0","s100",0,4,"r04",0,0.328162195821339,0,0.330359346159331,0,0.322043802432104,0.284115954925005,0,0,0.288
"70","s100d0","s100",0,4,"r05",0,0.370245422263692,0,0.360757348686712,0,0.370147802232346,0.31316017378155,0,0,0.288
"71","s100d0","s100",0,5,"r01",0.00802836005524687,0.283934220357065,0.00264521775433119,0.292223623481482,0.00139766744046248,0.290418398166818,0.273839286640816,0,0,0.288
"72","s100d0","s100",0,5,"r02",0.00752754640268441,0.278240497817023,0,0.284468653127745,0.00615264828355036,0.272804683451925,0.268131163062443,0,0,0.288
"73","s100d0","s100",0,5,"r03",0,0.308956618706652,0,0.291448140856372,0.00584112006671331,0.290905585356524,0.28150118893751,0,0,0.288
"74","s100d0","s100",0,5,"r04",0,0.31589403159924,0,0.29692499971675,0.000719849144763122,0.305732873472095,0.287332878202864,0,0,0.288
"75","s100d0","s100",0,5,"r05",0,0.309846797585612,0,0.287020596173761,0,0.293052595839921,0.273912418524966,0,0,0.288
"76","s100d0","s100",0,6,"r01",0.000151499320161508,0.341548296416185,0,0.330817287900107,0,0.312977748594257,0.298973909395332,0,0,0.288
"77","s100d0","s100",0,6,"r02",0.0190049943205351,0.317834563238415,0,0.33964438846978,0.0113353145764342,0.309882610554097,0.309791459623157,0,0,0.288
"78","s100d0","s100",0,6,"r03",0.000445770865810968,0.368421086208414,0,0.329619500000882,0,0.334495578079461,0.319566086223348,0,0,0.288
"79","s100d0","s100",0,6,"r04",0.00835138656965613,0.303196122296781,0.00875891941234413,0.287394596234347,0,0.311625407465706,0.290236476877093,0,0,0.288
"80","s100d0","s100",0,6,"r05",0.006121381420021,0.304637268845285,0,0.310136879701498,0,0.310179266693764,0.28400853448255,0,0,0.288
"81","s100d0","s100",0,7,"r01",0,0.385819366715982,0,0.358219766947106,0,0.338510234393152,0.301624456742167,0,0,0.288
"82","s100d0","s100",0,7,"r02",0,0.36609713710071,0,0.375292318553931,0,0.350599615527686,0.320576447199985,0,0,0.288
"83","s100d0","s100",0,7,"r03",0,0.356119024537094,0,0.350748182075818,0,0.354933111186351,0.300381161610423,0,0,0.288
"84","s100d0","s100",0,7,"r04",0,0.363477963811289,0,0.362602500763527,0,0.353151552416083,0.310063127087145,0,0,0.288
"85","s100d0","s100",0,7,"r05",0,0.385906930580358,0,0.360680873581905,0,0.380705725679724,0.315904093120365,0,0,0.288
"86","s100d0","s100",0,8,"r01",0,0.356036657246221,0,0.340048716860169,0,0.371957535202456,0.305866712601415,0,0,0.288
"87","s100d0","s100",0,8,"r02",0,0.338673360354832,0,0.333991975161587,0,0.338534283531899,0.299305758398616,0,0,0.288
"88","s100d0","s100",0,8,"r03",0,0.359645245838492,0,0.343591008239021,0,0.379789995091827,0.309097920706477,0,0,0.288
"89","s100d0","s100",0,8,"r04",0,0.336600564855704,0,0.311826548313337,0,0.346482232666619,0.286225314366146,0,0,0.288
"90","s100d0","s100",0,8,"r05",0,0.345076014002149,0,0.332378721414693,0,0.356603068722816,0.293528160395714,0,0,0.288
"91","s100d0","s100",0,9,"r01",0,0.339346559050539,0,0.345121828688848,0,0.334990328860631,0.292013039302264,0,0,0.288
"92","s100d0","s100",0,9,"r02",0,0.327504447020936,0,0.313835575218559,0,0.322454658560601,0.277818000188846,0,0,0.288
"93","s100d0","s100",0,9,"r03",0.00763201440985144,0.292273111094597,0.00389337498442548,0.294391024423081,0,0.316460065579286,0.279181396862719,0,0,0.288
"94","s100d0","s100",0,9,"r04",0,0.321196840953438,0,0.318413542724624,0,0.305993612269819,0.27575245029186,0,0,0.288
"95","s100d0","s100",0,9,"r05",0,0.320006404147561,0,0.317536443422146,0,0.312277437366,0.276676089195004,0,0,0.288
"96","s100d0","s100",0,10,"r01",0.00797794496570243,0.324310724224202,0,0.315968538861042,0,0.325591093844537,0.289141121064035,0,0,0.288
"97","s100d0","s100",0,10,"r02",0.010971606198009,0.303713978701527,0,0.333228370243722,0,0.343479416294775,0.29285753472699,0,0,0.288
"98","s100d0","s100",0,10,"r03",0,0.353572316122822,0,0.344165675768094,0,0.350480020348323,0.300625854584515,0,0,0.288
"99","s100d0","s100",0,10,"r04",0.000594965408490251,0.318757133455397,0.000202833623685486,0.326540936519644,0.00331534580751148,0.306327935390154,0.286230387990749,0,0,0.288
"100","s100d0","s100",0,10,"r05",0.000189819173534862,0.328694669422361,0,0.309818753921859,0,0.319069443894199,0.278793275000348,0,0,0.288
"101","s25d75","s25",75,1,"r01",0.197408900221518,0.0672606611614398,0.193371926848092,0.079356100453437,0.193819238003203,0.0795630098515062,0.0762496927674459,0.193075651010561,0.2,0.065
"102","s25d75","s25",75,1,"r02",0.205064815273689,0.0665078677913822,0.19470859323701,0.0886993383145268,0.200775801194806,0.0722465561664127,0.0744187046448794,0.199346094366374,0.2,0.065
"103","s25d75","s25",75,1,"r03",0.200948139108778,0.0726995698768814,0.190945634254906,0.0967061288434982,0.199162142555684,0.0750727156061417,0.0797082478448659,0.195927477774141,0.2,0.065
"104","s25d75","s25",75,1,"r04",0.205329377939317,0.0724627673331972,0.202706935317588,0.0787307749596788,0.203538742467026,0.0734860012045289,0.0746767686370053,0.202433690135738,0.2,0.065
"105","s25d75","s25",75,1,"r05",0.21188976227784,0.0562461232321946,0.194895888587626,0.0973425903501717,0.207705623371352,0.0651834728608865,0.0640046063510544,0.207688432490879,0.2,0.065
"106","s25d75","s25",75,2,"r01",0.197389183787745,0.077333182112862,0.193040713013604,0.0878292715634572,0.1973327979529,0.077937621858471,0.0697656079778317,0.1978686256806,0.2,0.065
"107","s25d75","s25",75,2,"r02",0.207083874581079,0.0530798794966331,0.203558364428199,0.0642461541276793,0.208434312309969,0.0489216240100494,0.052110383842076,0.205814787899676,0.2,0.065
"108","s25d75","s25",75,2,"r03",0.214471629042709,0.0555493616672135,0.205532842230362,0.0809703364119844,0.211771218495935,0.0599643396836346,0.0551314214006041,0.212386671242946,0.2,0.065
"109","s25d75","s25",75,2,"r04",0.207122046896207,0.0563413580054303,0.199490551680934,0.0748738405266389,0.203778673469185,0.0669034114427664,0.0539941030800488,0.206762920671987,0.2,0.065
"110","s25d75","s25",75,2,"r05",0.200196155350944,0.0523623179945535,0.197177796683263,0.0560111942395694,0.201390919993104,0.0478890100233851,0.0492143952319069,0.199107516020381,0.2,0.065
"111","s25d75","s25",75,3,"r01",0.193319159145498,0.071589033671995,0.180764381920967,0.103052965865847,0.188316991251513,0.0817246073513311,0.0821810129861232,0.188003232801224,0.2,0.065
"112","s25d75","s25",75,3,"r02",0.190545889491224,0.107071349912853,0.186246504955962,0.118482141736044,0.195056649519552,0.089883587753301,0.107079097178644,0.187058188245535,0.2,0.065
"113","s25d75","s25",75,3,"r03",0.200811627354447,0.0678894650893045,0.1898858213991,0.0980726518903258,0.195341288216714,0.0867458573906353,0.0717699023926731,0.197398877082819,0.2,0.065
"114","s25d75","s25",75,3,"r04",0.206545750785511,0.0782348909447362,0.202750197093526,0.0893789275623328,0.203576614188689,0.0849243212599353,0.0840933982003222,0.202042512364276,0.2,0.065
"115","s25d75","s25",75,3,"r05",0.195305233154255,0.0810441120677595,0.189720979094257,0.091928914881034,0.19666636793733,0.0775575500308413,0.0767448231609984,0.19490102948206,0.2,0.065
"116","s25d75","s25",75,4,"r01",0.201057359756076,0.0679327713929039,0.196927300033416,0.0776068031365852,0.20179542580278,0.0661638633736774,0.0721953538056644,0.197265306983108,0.2,0.065
"117","s25d75","s25",75,4,"r02",0.201983433130162,0.0531494641354423,0.194052518005302,0.0713948867981948,0.200226499617856,0.0601886604832423,0.0551456381586555,0.198499440015827,0.2,0.065
"118","s25d75","s25",75,4,"r03",0.198767882138016,0.0582566314057329,0.193238372629572,0.074947884532455,0.195571859201458,0.0697002011250348,0.0554352310993235,0.197388071858855,0.2,0.065
"119","s25d75","s25",75,4,"r04",0.198841835273232,0.0587344868577991,0.19736157454936,0.0642207642608139,0.196625417795927,0.0705078699146372,0.0533612679914472,0.197816387888918,0.2,0.065
"120","s25d75","s25",75,4,"r05",0.19549358571125,0.0692760512557824,0.196942645110843,0.0656167028287086,0.191697918076104,0.082154731985347,0.0641409406194323,0.194753273185011,0.2,0.065
"121","s25d75","s25",75,5,"r01",0.194419407949195,0.0644414476681871,0.187303860643321,0.084921605730659,0.185076156860358,0.0902148536128122,0.0759264783554471,0.187249468611006,0.2,0.065
"122","s25d75","s25",75,5,"r02",0.200863197209322,0.06422079046786,0.191405354615561,0.0835161024895986,0.194011741934305,0.0808053296060799,0.0652749659123747,0.197871389310516,0.2,0.065
"123","s25d75","s25",75,5,"r03",0.203925500232461,0.0599644922888166,0.197988335484014,0.0782147628701445,0.202650318425506,0.0627287025974605,0.0538226047458627,0.202776819569588,0.2,0.065
"124","s25d75","s25",75,5,"r04",0.19792905014091,0.0682441993519408,0.190478101717365,0.0862840763976636,0.197774605601445,0.0679855019693739,0.0634541112990759,0.195351791233713,0.2,0.065
"125","s25d75","s25",75,5,"r05",0.201320351895784,0.0626582825974051,0.196591225076526,0.0757354831012071,0.19905130911847,0.0718628864866492,0.0644989804950032,0.198284879747973,0.2,0.065
"126","s25d75","s25",75,6,"r01",0.188469272286373,0.071598186164017,0.185839747084136,0.0846946348698835,0.190507258420581,0.0681698651852374,0.0639998669679241,0.188185523998985,0.2,0.065
"127","s25d75","s25",75,6,"r02",0.204584708496528,0.067766930067627,0.198359370504376,0.0850582237493767,0.204867797866733,0.0632149959960217,0.0658176246034272,0.201744360903578,0.2,0.065
"128","s25d75","s25",75,6,"r03",0.203013174486909,0.0747478282734187,0.200719017821753,0.0901520031457738,0.200864907832249,0.0800676171075247,0.075830882405896,0.200777506598058,0.2,0.065
"129","s25d75","s25",75,6,"r04",0.199759178643119,0.0816055142166372,0.194076659326033,0.0923880130516816,0.198656900602089,0.0876409009273369,0.0796360375619821,0.197742254066873,0.2,0.065
"130","s25d75","s25",75,6,"r05",0.201894715689034,0.0685717130731707,0.198223122850167,0.0804859870026199,0.197698025719068,0.0777945035171465,0.0703896572721447,0.199080668578602,0.2,0.065
"131","s25d75","s25",75,7,"r01",0.203027494082706,0.053414226975942,0.193019162192159,0.0693083515939552,0.200859814941647,0.0553300571026457,0.0509286550677779,0.201149801880332,0.2,0.065
"132","s25d75","s25",75,7,"r02",0.214242974259843,0.0459511854832899,0.201063906248668,0.0765004285167697,0.208409830242983,0.0610183342300085,0.0462571146386117,0.213066583467989,0.2,0.065
"133","s25d75","s25",75,7,"r03",0.207899062287549,0.035604980948913,0.202395198450433,0.0514330279224199,0.207410265058106,0.0361766807174653,0.036288531599362,0.206043750726014,0.2,0.065
"134","s25d75","s25",75,7,"r04",0.207939072641452,0.0486427742122494,0.205002402790778,0.0532721688256109,0.20687817602606,0.0506798558422473,0.0492940898787583,0.206220827616793,0.2,0.065
"135","s25d75","s25",75,7,"r05",0.202381240637547,0.0448901127244688,0.192075123519261,0.0703641401779399,0.201537082307955,0.0466043773219302,0.0466665450091222,0.200712947561414,0.2,0.065
"136","s25d75","s25",75,8,"r01",0.202512049734247,0.0527390658978948,0.196649547114355,0.0683126816392365,0.200480057509197,0.0558643083778503,0.0665882614336456,0.19557621475762,0.2,0.065
"137","s25d75","s25",75,8,"r02",0.196572035335471,0.0652374745285055,0.188356786557961,0.0827925260378179,0.197195517945735,0.0616273933778758,0.0757585657942259,0.190421485177385,0.2,0.065
"138","s25d75","s25",75,8,"r03",0.197608802092459,0.0619811744935977,0.19241999157295,0.0678428037123209,0.197809987417795,0.0560656180721785,0.0649456052344757,0.194517925468605,0.2,0.065
"139","s25d75","s25",75,8,"r04",0.203626733625021,0.0445086080310992,0.20524287984226,0.0397294903069909,0.201195794140591,0.0483611527778765,0.0487019447618617,0.200507466100482,0.2,0.065
"140","s25d75","s25",75,8,"r05",0.194312673462756,0.0536236304858269,0.186653757866974,0.0749119131962965,0.194159891802734,0.0506640214098794,0.0622300968554673,0.189552345762679,0.2,0.065
"141","s25d75","s25",75,9,"r01",0.197965605353641,0.0435201432200037,0.195807419862584,0.0477215241693508,0.199391771820178,0.0392092639754778,0.0440534586901915,0.196686043689199,0.2,0.065
"142","s25d75","s25",75,9,"r02",0.205574937609389,0.0414411693628903,0.197991513512257,0.0636625349648978,0.204083176265443,0.0428307084503808,0.0438559995642495,0.203798744903885,0.2,0.065
"143","s25d75","s25",75,9,"r03",0.199251839097035,0.0462626351119339,0.19463427354267,0.0590265995012399,0.201530788912949,0.0380537989340867,0.0498490062346314,0.197401263532848,0.2,0.065
"144","s25d75","s25",75,9,"r04",0.209558369632387,0.0357825904385925,0.209565413426551,0.0397224722652399,0.206392938684653,0.044767469321215,0.0382047324657472,0.208158219658858,0.2,0.065
"145","s25d75","s25",75,9,"r05",0.206820542367095,0.0388358035836361,0.199606867212086,0.0575861491221705,0.20745639763385,0.0379909462010011,0.0463693853694803,0.203495222347276,0.2,0.065
"146","s25d75","s25",75,10,"r01",0.200710582497159,0.0620069638586974,0.194495273335773,0.0742902855909666,0.199840809227323,0.060657027655932,0.0596638011655485,0.198906512050422,0.2,0.065
"147","s25d75","s25",75,10,"r02",0.206072248834314,0.0513501800756663,0.201224131133388,0.0609957309814999,0.206722363794698,0.048242123399651,0.047602099804147,0.20543947365891,0.2,0.065
"148","s25d75","s25",75,10,"r03",0.207560394716513,0.0448859492175515,0.207940152142739,0.0423654659417346,0.208019878362604,0.0369931848530128,0.0464738274383534,0.203308746692749,0.2,0.065
"149","s25d75","s25",75,10,"r04",0.202768324146278,0.0454003382342363,0.200658532093492,0.0555122767159679,0.200797997748753,0.0520665272279415,0.0494055658414585,0.199145729537986,0.2,0.065
"150","s25d75","s25",75,10,"r05",0.208620633591316,0.0435439421557338,0.209218103353919,0.0422426282727247,0.206589926152924,0.0478336695520643,0.0441342882417935,0.206586349086512,0.2,0.065
"151","s50d50","s50",50,1,"r01",0.147776710508556,0.139940833736383,0.146803474098902,0.137886923885186,0.146077657214634,0.145177132351009,0.143810733949665,0.140921985983057,0.143,0.134
"152","s50d50","s50",50,1,"r02",0.143170769460531,0.151636102010031,0.134485019268912,0.169474847039046,0.135842786224878,0.168568049296722,0.155249846704668,0.135046076442931,0.143,0.134
"153","s50d50","s50",50,1,"r03",0.144101231254516,0.145853438468868,0.134877445855169,0.165959939515671,0.151105207541426,0.134830974178142,0.13421494309963,0.143142783242429,0.143,0.134
"154","s50d50","s50",50,1,"r04",0.144082077530248,0.154029618300703,0.139463074998253,0.167551606402597,0.141833280448362,0.154475873453305,0.150138970073217,0.140660412321727,0.143,0.134
"155","s50d50","s50",50,1,"r05",0.149994111401292,0.129637787333477,0.146474717305291,0.134443422725628,0.141753352289775,0.13918814091402,0.137233185190714,0.14207236228992,0.143,0.134
"156","s50d50","s50",50,2,"r01",0.139904010697305,0.152338328478616,0.128950633797837,0.176835294762679,0.139658110158109,0.154056977937292,0.152539414746229,0.135829534187542,0.143,0.134
"157","s50d50","s50",50,2,"r02",0.14698232690022,0.139425075243679,0.143836618315119,0.13603899617025,0.140408959627663,0.156585899792701,0.149433537902284,0.13985173446507,0.143,0.134
"158","s50d50","s50",50,2,"r03",0.14498184366289,0.152080542312747,0.139220893070524,0.163401303153178,0.145128467404786,0.148600851865387,0.153768154749821,0.139195346411486,0.143,0.134
"159","s50d50","s50",50,2,"r04",0.150279194644146,0.131390478475411,0.141090259333913,0.153787728674308,0.146596685992482,0.140651598212686,0.14998223096066,0.139688600909248,0.143,0.134
"160","s50d50","s50",50,2,"r05",0.143480883615528,0.135529820715925,0.136174930134204,0.149422412260294,0.138295664616889,0.148925819313827,0.138468767239749,0.136945148556943,0.143,0.134
"161","s50d50","s50",50,3,"r01",0.159624906203283,0.122473346943995,0.144507054479239,0.155452668707188,0.157792460515501,0.123028229265058,0.133340435591902,0.14927776780006,0.143,0.134
"162","s50d50","s50",50,3,"r02",0.15633398428254,0.125425618809086,0.152174973454508,0.130404981315335,0.1537918012808,0.123542672416487,0.125493079287589,0.151589161366331,0.143,0.134
"163","s50d50","s50",50,3,"r03",0.155383584885204,0.103645164441047,0.154142464589409,0.112067158723872,0.154253176130492,0.10570549940173,0.109397216926621,0.149302572709029,0.143,0.134
"164","s50d50","s50",50,3,"r04",0.147932309275516,0.119056481900302,0.142020417601887,0.127469672750833,0.144014444353265,0.129031060902791,0.119468905217275,0.14386091917519,0.143,0.134
"165","s50d50","s50",50,3,"r05",0.146089236369076,0.112667585080279,0.142075683431438,0.123045968160431,0.143956453998314,0.111127194240584,0.11055046848601,0.142262091077699,0.143,0.134
"166","s50d50","s50",50,4,"r01",0.142487655741651,0.143213848418919,0.134117645211358,0.166465359672116,0.140308982407897,0.142487267591319,0.146541744405965,0.135735010763555,0.143,0.134
"167","s50d50","s50",50,4,"r02",0.137404783366934,0.157864905910586,0.13271433717689,0.167057824978386,0.132907482989292,0.168729578870522,0.153515844855771,0.134605017990762,0.143,0.134
"168","s50d50","s50",50,4,"r03",0.136076932664592,0.158992618065033,0.133831010323063,0.160711544620132,0.126110144557261,0.174244223330015,0.140772239303727,0.13368442457232,0.143,0.134
"169","s50d50","s50",50,4,"r04",0.135237236098853,0.16327321906417,0.1321969890778,0.168859766524614,0.1303606121489,0.174912720204433,0.14641117088308,0.13413422027928,0.143,0.134
"170","s50d50","s50",50,4,"r05",0.133099072277853,0.172931642909915,0.125320819217381,0.184121205009501,0.132244600886457,0.167319177943775,0.154948891630727,0.131895315581129,0.143,0.134
"171","s50d50","s50",50,5,"r01",0.141353958694227,0.155215679409756,0.126133425761634,0.195886968430991,0.139113087181863,0.14419177852346,0.139365058468765,0.139359426601423,0.143,0.134
"172","s50d50","s50",50,5,"r02",0.152346280936366,0.154877701122211,0.130540962409893,0.206997997855104,0.143990041563125,0.173808930830143,0.169004310545207,0.140640730939619,0.143,0.134
"173","s50d50","s50",50,5,"r03",0.146429107423819,0.149197019269709,0.127974024867969,0.205896753759607,0.141892407340341,0.158596195329031,0.158724953120769,0.138684592689748,0.143,0.134
"174","s50d50","s50",50,5,"r04",0.1381896598123,0.172112343770421,0.130802877377075,0.19255909771157,0.142337428727604,0.134127615459963,0.140859125303021,0.139714589371744,0.143,0.134
"175","s50d50","s50",50,5,"r05",0.144785330685551,0.15880560835645,0.136158632852998,0.181653433030532,0.14273817301261,0.140063103252236,0.14346864631201,0.14090555869282,0.143,0.134
"176","s50d50","s50",50,6,"r01",0.143323649718246,0.134279848253478,0.134585089599903,0.161107476846919,0.139131269038008,0.153172919061895,0.141838479792582,0.132746551014722,0.143,0.134
"177","s50d50","s50",50,6,"r02",0.139863706567422,0.151850662153519,0.134066499284342,0.168005721031315,0.135290079457736,0.168929426648767,0.149812952083632,0.133623034909638,0.143,0.134
"178","s50d50","s50",50,6,"r03",0.143142015539483,0.145491096057047,0.127749699519381,0.192413686574339,0.131952645113857,0.18984845506417,0.144628017842491,0.134162185198633,0.143,0.134
"179","s50d50","s50",50,6,"r04",0.144508101550835,0.155902394176585,0.143562323348516,0.163220078529654,0.142739978638754,0.171977408574413,0.154967637093031,0.137256324162907,0.143,0.134
"180","s50d50","s50",50,6,"r05",0.15035004315039,0.135352552384377,0.14389413219692,0.157250472646392,0.141313835673866,0.160684631464613,0.13651935159234,0.142327745954126,0.143,0.134
"181","s50d50","s50",50,7,"r01",0.144833374164098,0.15362666674491,0.143839232420479,0.153802834836661,0.143051499318054,0.155107295937845,0.14402048144313,0.141039384358866,0.143,0.134
"182","s50d50","s50",50,7,"r02",0.143688726420936,0.156036688907797,0.136055561352487,0.169864757901291,0.146038340689719,0.147276763636667,0.142398600382589,0.141618130186422,0.143,0.134
"183","s50d50","s50",50,7,"r03",0.14121891838303,0.149719411184565,0.13846178889636,0.144213555738825,0.137411927245429,0.154499021517896,0.136853285586553,0.139574614630345,0.143,0.134
"184","s50d50","s50",50,7,"r04",0.135668016171276,0.171998348102363,0.137275875977089,0.157804563292705,0.136485075502121,0.157516336196408,0.151978772947322,0.133387261009901,0.143,0.134
"185","s50d50","s50",50,7,"r05",0.146967810670243,0.145014351220297,0.142017555425298,0.154985432093791,0.142640693690601,0.151932998616583,0.126883920641118,0.144563848972454,0.143,0.134
"186","s50d50","s50",50,8,"r01",0.149532576242224,0.133144960262701,0.146690557894181,0.142143917059173,0.149240358255429,0.136062806639116,0.135088420467787,0.145166799979993,0.143,0.134
"187","s50d50","s50",50,8,"r02",0.149511193792874,0.122373157485847,0.142027760302071,0.148861146113602,0.146326374207225,0.127656664664071,0.129221005444179,0.140836621394625,0.143,0.134
"188","s50d50","s50",50,8,"r03",0.140339645619466,0.141617499805922,0.140681342530387,0.143013643942641,0.140578741967534,0.130723083960333,0.134845060615703,0.137251248612446,0.143,0.134
"189","s50d50","s50",50,8,"r04",0.147755353891593,0.136338597255252,0.133290002989773,0.171366588067388,0.143417510887795,0.150209159962353,0.139090057360807,0.141824671858398,0.143,0.134
"190","s50d50","s50",50,8,"r05",0.153059843641033,0.149680554257323,0.143791461592427,0.169375328953274,0.157272685884965,0.122016505196676,0.140884336326674,0.147891012186244,0.143,0.134
"191","s50d50","s50",50,9,"r01",0.143580864936314,0.149810762742063,0.133604387739494,0.177276989152039,0.13972606516612,0.158601921025308,0.145072427733671,0.137344860780106,0.143,0.134
"192","s50d50","s50",50,9,"r02",0.146826142685926,0.136952809886728,0.146309249448009,0.135551182070226,0.139681437459801,0.155944140816854,0.132142284155968,0.143516953701756,0.143,0.134
"193","s50d50","s50",50,9,"r03",0.148933657347193,0.174380383864494,0.142135224019384,0.179878257913575,0.15223668245583,0.158407224252991,0.176521744531922,0.14113964689196,0.143,0.134
"194","s50d50","s50",50,9,"r04",0.141056673797199,0.18430658811463,0.135104001081235,0.194848631499144,0.135998861841811,0.189290091811313,0.191069499927665,0.130331389549763,0.143,0.134
"195","s50d50","s50",50,9,"r05",0.143176004813829,0.163231692904675,0.138245577817071,0.170326737906869,0.143290158709793,0.166269504590264,0.163750765925225,0.136288127502105,0.143,0.134
"196","s50d50","s50",50,10,"r01",0.14870892209666,0.130545527206048,0.138546640647317,0.146530409242037,0.1431627951226,0.141614180117795,0.142361720817235,0.136994369382158,0.143,0.134
"197","s50d50","s50",50,10,"r02",0.153846245511019,0.118676453994335,0.140803305256436,0.14878249353383,0.151730660707164,0.123379096318556,0.132759479902065,0.142552268729674,0.143,0.134
"198","s50d50","s50",50,10,"r03",0.160558964328565,0.109910926365645,0.153550427425555,0.120482213717026,0.151379269023167,0.130693340231256,0.123899808330086,0.148633500490061,0.143,0.134
"199","s50d50","s50",50,10,"r04",0.153912002852247,0.114356496534876,0.144241503106447,0.135167405112762,0.151583100865259,0.126083521460424,0.121541972002525,0.145629313318615,0.143,0.134
"200","s50d50","s50",50,10,"r05",0.142282212171891,0.127706095283935,0.128913409957727,0.154093491347819,0.134059691210991,0.146580865366821,0.140044808734439,0.132260889113083,0.143,0.134
"201","s75d25","s75",25,1,"r01",0.0832538033380463,0.266662173720881,0.0838444823937472,0.256914175991388,0.079589733808419,0.264407971496702,0.250726306951798,0.0708574274668215,0.077,0.208
"202","s75d25","s75",25,1,"r02",0.0888802287886226,0.264208272692325,0.0823584816407004,0.265351998689759,0.0831606458282352,0.271123624094501,0.22182103896038,0.0848138776737849,0.077,0.208
"203","s75d25","s75",25,1,"r03",0.0833093487462191,0.251278664932861,0.0831187716735848,0.235199882160076,0.0762614098695065,0.25984161232089,0.225293326098545,0.0772041566640577,0.077,0.208
"204","s75d25","s75",25,1,"r04",0.0761660450543083,0.262782697001456,0.0830832044950983,0.244568251083605,0.0682958512915228,0.283990362636802,0.227053841019584,0.0720388298341117,0.077,0.208
"205","s75d25","s75",25,1,"r05",0.0851622812944904,0.245922489669953,0.0856000687341261,0.236532191432435,0.0787248371611795,0.259071140821966,0.222755756402088,0.0821582382427897,0.077,0.208
"206","s75d25","s75",25,2,"r01",0.0701630314765377,0.254798029016747,0.0641602971596003,0.280160059474985,0.0708375585107947,0.254036298650048,0.251671338587795,0.0630413424398366,0.077,0.208
"207","s75d25","s75",25,2,"r02",0.0778143893099909,0.227378061177136,0.0713981881717395,0.244640515902777,0.0772618168972102,0.222302471732113,0.215851046919724,0.0711424939989859,0.077,0.208
"208","s75d25","s75",25,2,"r03",0.075695592226824,0.227403217617708,0.0695334542142579,0.2442928907289,0.0761033289985641,0.231566375612873,0.212715254668847,0.0719794905389457,0.077,0.208
"209","s75d25","s75",25,2,"r04",0.0708708636996737,0.270357609590202,0.0604903859803228,0.305728284489371,0.0678893388863972,0.272411693174362,0.238442116311224,0.067828939445948,0.077,0.208
"210","s75d25","s75",25,2,"r05",0.0719090838200221,0.246354163961994,0.0701939266685991,0.261178235223451,0.0662441161395079,0.26397968122079,0.231146220432592,0.0662494149184679,0.077,0.208
"211","s75d25","s75",25,3,"r01",0.0813680597865847,0.259193449004531,0.0745745316410001,0.280764120584063,0.0646299977973848,0.353078481907067,0.232363581949225,0.0767329723540214,0.077,0.208
"212","s75d25","s75",25,3,"r02",0.0772898807138876,0.275616069501034,0.0621795206491163,0.334691130133124,0.0611662276098793,0.356026340153097,0.254166011536643,0.0718159420006685,0.077,0.208
"213","s75d25","s75",25,3,"r03",0.0868253854836241,0.286194641811461,0.077319073037393,0.323238610664027,0.0754094757957378,0.353650310430618,0.245149049096567,0.0804729810444656,0.077,0.208
"214","s75d25","s75",25,3,"r04",0.0840116263589157,0.252075567856349,0.0694430497281951,0.3033408833309,0.074766188242683,0.302984807720799,0.252498576711248,0.0714433889362253,0.077,0.208
"215","s75d25","s75",25,3,"r05",0.0746199517566542,0.285908662336657,0.0712661189711212,0.317398591457088,0.0724581119156924,0.312390957776329,0.250293045575654,0.0751625803006966,0.077,0.208
"216","s75d25","s75",25,4,"r01",0.0828096302169641,0.186850477109682,0.078141274467272,0.187185840075247,0.0812453491716422,0.188391433130587,0.168951377007731,0.078724848433608,0.077,0.208
"217","s75d25","s75",25,4,"r02",0.0821210607849869,0.193880823391699,0.0798274949793844,0.190748565893334,0.082099995971146,0.189240564008895,0.181945362902713,0.078538396302149,0.077,0.208
"218","s75d25","s75",25,4,"r03",0.0756779981324563,0.21071430056245,0.0712762773975977,0.209187751922272,0.0737286920476301,0.197163602495428,0.203642061123891,0.0673720082059174,0.077,0.208
"219","s75d25","s75",25,4,"r04",0.0786169392652132,0.223326908535968,0.0663488577690239,0.236895850011267,0.0726264011304894,0.228099480683769,0.206475575758669,0.0742075277991315,0.077,0.208
"220","s75d25","s75",25,4,"r05",0.0794672571991903,0.2144164902814,0.0771136542911935,0.212720186694806,0.0731407640021603,0.223419498540483,0.211304238226313,0.0708876785163325,0.077,0.208
"221","s75d25","s75",25,5,"r01",0.0869145222993926,0.224772765506567,0.0726001952442925,0.243223373977984,0.0854441049313561,0.222183803353027,0.21661690475783,0.0778914412569705,0.077,0.208
"222","s75d25","s75",25,5,"r02",0.0912299212794022,0.208134206678211,0.079131100412488,0.226360437729786,0.087235562960994,0.20338119101721,0.209874026204628,0.076492349680036,0.077,0.208
"223","s75d25","s75",25,5,"r03",0.0928509147156662,0.20548859760247,0.0922549519156672,0.197311669029328,0.0936403586337515,0.189559251266066,0.213057775651016,0.0803674019002992,0.077,0.208
"224","s75d25","s75",25,5,"r04",0.0980567473607678,0.219299165788769,0.083474884878515,0.23885347776435,0.0973051857107556,0.199591485722918,0.228072026411807,0.0788728769833672,0.077,0.208
"225","s75d25","s75",25,5,"r05",0.0830488906539051,0.268362770399925,0.0652878835774992,0.29004975471687,0.0661616753181937,0.283467509720288,0.274672245198025,0.0633918406844216,0.077,0.208
"226","s75d25","s75",25,6,"r01",0.0968483045694027,0.18459978794694,0.0915391279808425,0.188795621765492,0.0916472621704658,0.196899500333258,0.20244239867257,0.0842797014139125,0.077,0.208
"227","s75d25","s75",25,6,"r02",0.0855611952126437,0.201685324584159,0.0736896397188204,0.217563451763826,0.0767277844586673,0.216671495134502,0.215117035996316,0.0694473790746144,0.077,0.208
"228","s75d25","s75",25,6,"r03",0.098622173636115,0.182094313859647,0.0995541364136437,0.16815412668838,0.0945834258214526,0.181196135034452,0.186343421683207,0.0885876765618435,0.077,0.208
"229","s75d25","s75",25,6,"r04",0.0957472911195655,0.165145651673885,0.0920345844742899,0.164067169538848,0.0873982873227509,0.188102114906107,0.186697351548226,0.0788913971827233,0.077,0.208
"230","s75d25","s75",25,6,"r05",0.0824878423618447,0.209394626903577,0.0767445157469997,0.204631479046028,0.0803370227577712,0.203172204121036,0.214844779137541,0.0709653031996805,0.077,0.208
"231","s75d25","s75",25,7,"r01",0.0840365450050386,0.253851661820593,0.0846736562169648,0.255223660133468,0.0842722549461242,0.251097959839535,0.236452132942125,0.0806531032247648,0.077,0.208
"232","s75d25","s75",25,7,"r02",0.0862247313819846,0.222508334132207,0.084552983578558,0.221574417388732,0.0897565770942318,0.213773092873435,0.208320350584182,0.0844404417834983,0.077,0.208
"233","s75d25","s75",25,7,"r03",0.0832383881242723,0.251492803433979,0.0788943521848662,0.262684888880041,0.0813552242457009,0.253035546628024,0.216375778987219,0.0810112321529764,0.077,0.208
"234","s75d25","s75",25,7,"r04",0.0846306190375962,0.256841066885911,0.0751009007728057,0.282066595594347,0.0785887625860873,0.269243377403492,0.25170810559284,0.0759658712980962,0.077,0.208
"235","s75d25","s75",25,7,"r05",0.0878585934227429,0.253317856647735,0.0835746244168664,0.25451751323108,0.0865272049843422,0.247795606205498,0.249349454308049,0.0815110504530805,0.077,0.208
"236","s75d25","s75",25,8,"r01",0.0852756594824374,0.173897114559976,0.0809971202621635,0.179427976046957,0.0820242124932611,0.173531279438188,0.168162205159506,0.0819959062498847,0.077,0.208
"237","s75d25","s75",25,8,"r02",0.0847160904813374,0.211668776895298,0.0821972886039854,0.224051223327892,0.086261253415552,0.207874215933871,0.211519973719179,0.0797562164705877,0.077,0.208
"238","s75d25","s75",25,8,"r03",0.0770638898275379,0.203152897436381,0.0783552997478678,0.192268090228667,0.0773924674088005,0.199228569203717,0.193384571461437,0.0753965789192489,0.077,0.208
"239","s75d25","s75",25,8,"r04",0.0888745669285311,0.177523434615088,0.082577424417365,0.199845670019635,0.0848329481255546,0.18250711616834,0.184625258602312,0.0804707422584432,0.077,0.208
"240","s75d25","s75",25,8,"r05",0.0788322270121831,0.197137611384211,0.0779642937515617,0.195559022744228,0.0754465537465171,0.202897296650774,0.193522597280173,0.074354478863844,0.077,0.208
"241","s75d25","s75",25,9,"r01",0.082611821473818,0.27004558666254,0.0789354488337755,0.265191044921172,0.0817468065244558,0.249656189271683,0.244750988470077,0.0741165202726413,0.077,0.208
"242","s75d25","s75",25,9,"r02",0.0791520314067503,0.235379841242417,0.0700195287929455,0.258918870187379,0.078003775235058,0.226475290398625,0.224689590654881,0.0714745892006083,0.077,0.208
"243","s75d25","s75",25,9,"r03",0.0785754895116103,0.223214147011728,0.0752478158000824,0.232283603271656,0.075879837486271,0.232622910949829,0.204456402222,0.0768619462531821,0.077,0.208
"244","s75d25","s75",25,9,"r04",0.0787112270110745,0.238728740706062,0.0785045976148239,0.237099100994419,0.0748950880629977,0.242701132222869,0.217075231053937,0.0759815398572404,0.077,0.208
"245","s75d25","s75",25,9,"r05",0.0686004009156819,0.240881951581052,0.0634701102386665,0.254043891160546,0.0645133878452078,0.247788539435855,0.224914664971474,0.0631262438997181,0.077,0.208
"246","s75d25","s75",25,10,"r01",0.0685088779229559,0.248708967657148,0.0652528479219741,0.24878992530846,0.0676376920803793,0.244938473325882,0.217145590951387,0.0653752927161322,0.077,0.208
"247","s75d25","s75",25,10,"r02",0.090042095281066,0.222312508997193,0.0762128313921882,0.245166116777704,0.0809646162335407,0.25294775271835,0.198516301519547,0.0850665002780874,0.077,0.208
"248","s75d25","s75",25,10,"r03",0.0740499729792828,0.244056122335319,0.0650321074062616,0.264447812716786,0.0701935866108035,0.249858272281543,0.229035498421433,0.0678928821216693,0.077,0.208
"249","s75d25","s75",25,10,"r04",0.078659489638747,0.253500888929141,0.0703948103748921,0.265762526853642,0.0672311570872477,0.27942115563923,0.244738963697457,0.0706112846936558,0.077,0.208
"250","s75d25","s75",25,10,"r05",0.0775842022613257,0.239299916647071,0.0558552921247162,0.278139899266935,0.070708364540484,0.263851891398347,0.222371844138221,0.0706134424684415,0.077,0.208
