"","modelcondition","true_nu","true_phi","prioridx","rep","startle_phi","startle_nu","cassg_phi","cassg_nu","truetopo_phi","truetopo_nu","problin_nu","problin_phi","true_llh","startle_NLLH","cassg_NLLH","truetopo_NLLH","problin_NLLH","startle_wp","cassg_wp","truetopo_wp","problin_wp","startle_rf","cassg_rf","problin_rf","true_phi_value","true_nu_value"
"1","s0d100","s0",100,1,"r01",0.258663893484722,9.1151696929219e-06,0.258660880625553,1.73160720934387e-05,0.258665802322561,3.12675096082172e-06,9.67260408669411e-06,0.258663659768011,7824.2123438652,7748.42547091057,8266.96736560187,7700.82181018774,7733.76434054201,4936.47643233222,5971.19346076469,4922.2785251019,4935.80243167338,0.473684,0.712551,0.388664,0.25,0
"2","s0d100","s0",100,1,"r02",0.257865306912894,4.56238355734351e-06,0.25786241567324,1.2002383441361e-05,0.2578623175086,1.26431144632036e-05,5.90582353187238e-06,0.257864792102343,7950.61444642841,7816.15482772414,8233.58818151072,7818.56231691434,7790.71548231438,5115.52534814698,6021.16173294039,5192.57911045024,5120.73194361287,0.441296,0.665992,0.352227,0.25,0
"3","s0d100","s0",100,1,"r03",0.253053857765809,3.65785453685076e-05,0.251365718081762,0.00415729847008526,0.253065900284487,2.7162472841335e-06,0.000178128056299885,0.252999556348536,7953.02378978752,7831.81462200198,8200.43842788025,7816.74343399972,7798.57857069447,5162.18233492583,5948.96563256018,5210.84391290992,5166.27499250761,0.530364,0.688259,0.481781,0.25,0
"4","s0d100","s0",100,1,"r04",0.253598895320433,3.89192656192558e-06,0.253597757707639,6.5204626238188e-06,0.253599237233367,2.74485021986107e-06,2.79386192292285e-06,0.253599236119522,7803.67036392075,7690.4905743532,8069.60111566654,7666.94474604125,7661.59560582511,4935.15084271745,5689.66981225417,4997.03226907334,4969.79181744026,0.449393,0.684211,0.396761,0.25,0
"5","s0d100","s0",100,1,"r05",0.253437476751052,0.00302542343444404,0.254272063108132,0.000685113497278171,0.249860529370028,0.0123623732405917,0.00681750600938657,0.251910239623034,7961.1446726516,7824.36782801481,8301.92983718662,7821.8780922197,7788.6417630328,5139.95497132006,6150.59197951697,5236.48744983641,5162.38209583824,0.477733,0.734818,0.368421,0.25,0
"6","s0d100","s0",100,2,"r01",0.247851638553899,3.83856461345748e-05,0.247862038679056,1.26181836774454e-05,0.247734118840491,0.000325176773817363,3.76767965910609e-05,0.247851664779087,8736.92311699321,8640.43550024779,9258.57301997643,8601.96517558951,8614.98219341808,6833.58343649243,8178.42959206887,6813.80838367113,6831.50280761899,0.336032,0.611336,0.238866,0.25,0
"7","s0d100","s0",100,2,"r02",0.248931234178365,6.28851153684783e-06,0.2489322523864,3.26514509965755e-06,0.248931980369785,4.08546388952626e-06,1.19860919351252e-05,0.248929100860264,8825.83211166807,8703.46578062964,9191.40004619611,8676.35974724164,8691.62196699053,6975.54246426197,8102.41837349193,6968.07677545042,6991.66708217412,0.352227,0.611336,0.259109,0.25,0
"8","s0d100","s0",100,2,"r03",0.24583033603891,9.62740353486044e-05,0.245639848817783,0.00056396654164034,0.244085793376115,0.0043635021333905,0.00460372500499982,0.244025478908972,8852.64316711224,8718.98224085687,9248.55172615245,8700.29889170316,8685.09570091598,7059.12956455357,8171.56602072147,7087.8711360732,7059.88681243625,0.319838,0.605263,0.186235,0.25,0
"9","s0d100","s0",100,2,"r04",0.251999161496953,2.74961230820628e-06,0.251994449136849,1.484051667152e-05,0.251999364822477,2.12818481604622e-06,2.09963355507138e-06,0.251999389619897,8885.10754464585,8752.97002995434,9519.44269646436,8746.39985560025,8735.58541885953,7033.21047382286,8812.30017667953,7081.3184326346,7037.35664345294,0.271255,0.6417,0.190283,0.25,0
"10","s0d100","s0",100,2,"r05",0.245465222923426,4.72017482744242e-06,0.245464701831188,6.00392930359831e-06,0.245465420632458,4.06060509645043e-06,3.63686817522499e-06,0.245465593477184,8786.34485690258,8661.29469692231,9080.83242265999,8652.62221336351,8632.79763337674,6877.70376909584,7899.72563983568,6945.75335871595,6897.44536525102,0.34413,0.564777,0.238866,0.25,0
"11","s0d100","s0",100,3,"r01",0.256532341310916,3.38084964390351e-06,0.256531348183922,5.87318368306224e-06,0.256532755919574,2.04342415548575e-06,3.13921553441876e-06,0.2565323989878,8112.98285625463,8017.87458268447,8630.07215151045,7977.51104552523,7987.10482565116,5575.55963198741,6896.98726735232,5553.27236890603,5580.86350449516,0.40081,0.696356,0.356275,0.25,0
"12","s0d100","s0",100,3,"r02",0.249864616602403,6.78032391102019e-06,0.249036668584172,0.00221537872583939,0.249862920543016,1.12834761359327e-05,1.29807398429875e-05,0.249862449013899,8123.40308440375,8034.72325802801,8598.3839264783,7986.09840229692,7987.1231763278,5713.12901922641,6905.3889777501,5723.38963369172,5698.70120932826,0.502024,0.708502,0.404858,0.25,0
"13","s0d100","s0",100,3,"r03",0.248931919666196,4.43650620791712e-06,0.248930789713256,7.15543585046049e-06,0.248932314299681,3.30481055691061e-06,4.06966883391761e-06,0.248932033640138,8253.90032543935,8136.30586833192,8684.37403706848,8117.90892889886,8114.65813516703,5862.92238230764,7111.22847099228,5952.96539790897,5883.19544629506,0.421053,0.712551,0.34413,0.25,0
"14","s0d100","s0",100,3,"r04",0.249731184321282,6.691179992238e-06,0.249730484862782,8.18007211532193e-06,0.249732593277785,2.73771946072656e-06,2.06567652597733e-05,0.249726455130417,8110.30590455133,8032.26493761587,8500.68402920456,7986.15947847072,8002.35383875439,5720.01730360856,6642.74262103475,5730.52676794779,5721.34068414427,0.441296,0.700405,0.340081,0.25,0
"15","s0d100","s0",100,3,"r05",0.257866073901894,2.31125151333986e-06,0.257865673234332,3.3433375013121e-06,0.257865552798014,3.80695687471417e-06,2.11570522051517e-06,0.257866136045372,8051.22243117856,7966.60495960062,8408.94981883865,7910.99101385884,7901.7160428193,5428.87296191418,6446.52746202681,5388.16516855843,5363.91916073005,0.477733,0.663968,0.331984,0.25,0
"16","s0d100","s0",100,4,"r01",0.259599504761666,2.0966457268177e-06,0.258266083589626,0.00299346464561383,0.259599237679377,2.94513059424283e-06,1.83237109449253e-06,0.259599560105634,8180.21444867317,8068.7767709294,8402.94054581502,8043.86436642553,8031.2623177496,5561.44684899438,6359.58687258761,5628.51757009049,5572.48392932938,0.384615,0.609312,0.315789,0.25,0
"17","s0d100","s0",100,4,"r02",0.254104819629907,7.97651499456701e-05,0.254131276784554,6.44893310284241e-06,0.254130373025845,8.92895424580309e-06,2.37928880721146e-05,0.254125081953348,8094.32497661995,7948.01786284493,8389.87648777893,7939.72471409698,7913.21077991664,5449.75998136912,6413.86624840457,5494.35777660161,5432.65539750183,0.388664,0.623482,0.291498,0.25,0
"18","s0d100","s0",100,4,"r03",0.24946380335567,8.9585580562118e-06,0.249463877605016,8.30365379733492e-06,0.249465503832026,3.61691727353202e-06,5.81072038976099e-06,0.249464817064602,8250.12156577906,8146.68919236999,8481.01134880658,8099.76811110407,8105.89879179423,5874.83098371821,6668.36054854308,5865.15599140479,5879.47389423218,0.502024,0.582996,0.376518,0.25,0
"19","s0d100","s0",100,4,"r04",0.261138857691991,0.00233472259589165,0.261995849679582,1.24964533733801e-05,0.261995642393134,1.29789756058034e-05,0.000596294358187098,0.26177246141308,8259.56207542138,8138.77801709352,8511.74616656996,8112.04048916774,8105.65544240431,5683.49074191951,6511.01622592887,5737.5312500265,5712.25993512319,0.469636,0.601215,0.388664,0.25,0
"20","s0d100","s0",100,4,"r05",0.253328680552778,0.00178232348818126,0.253899051861493,0.000268435369436192,0.25312764012273,0.00228256402125932,0.00260226320899457,0.253013087635634,8318.4126248037,8191.07241199014,8638.13156052738,8170.44700723226,8159.19497354446,5912.72699297542,6822.64753966358,5922.53385843609,5895.84097889031,0.408907,0.605263,0.37247,0.25,0
"21","s0d100","s0",100,5,"r01",0.251199356243906,2.5218468887747e-06,0.251181530641155,4.72338082100383e-05,0.251199622890288,1.55317992857093e-06,3.0364203881445e-06,0.251199183043862,7780.438123164,7705.20651531304,8221.74994448587,7639.57537683719,7655.45360848282,4487.7920494389,5464.77161714569,4525.4668235813,4491.06784611405,0.623482,0.718623,0.534413,0.25,0
"22","s0d100","s0",100,5,"r02",0.243731918957575,5.15686304823443e-06,0.243721820012311,3.28017437715627e-05,0.24373004564944,1.06150130444345e-05,4.86263127758026e-06,0.243731977989634,7607.39396242137,7526.59640965098,8110.10050332757,7471.01031933223,7474.23815936358,4288.3928530008,5420.85322005132,4309.77191507119,4270.56083554673,0.582996,0.724696,0.510121,0.25,0
"23","s0d100","s0",100,5,"r03",0.250931578389262,5.90600370918521e-06,0.247847949402667,0.0078610214059942,0.250932650541459,2.43304348571752e-06,5.43760520066052e-06,0.250931708866343,7617.99041399247,7622.51559065872,8259.23258246041,7463.64380621703,7547.18752724938,4455.54690899637,5607.76866190602,4302.60629235399,4440.6330977657,0.623482,0.759109,0.51417,0.25,0
"24","s0d100","s0",100,5,"r04",0.250130922399554,8.00382597333611e-06,0.249282442911025,0.00211456928884707,0.250132530612587,2.92687237837505e-06,3.97287632529377e-06,0.250132205454132,7648.26331532077,7629.23435840549,8143.52475042122,7504.61148449563,7580.58956443429,4444.64448184731,5444.93891846514,4333.71521114962,4482.41000912438,0.595142,0.759109,0.493927,0.25,0
"25","s0d100","s0",100,5,"r05",0.253865439700636,4.35716801447704e-06,0.253860794155777,1.56269799593812e-05,0.253865975556196,2.65383836116066e-06,3.0777049621408e-06,0.253865837837519,7542.07263972622,7496.9120099435,8148.17954840657,7406.69307934731,7449.55122712783,4150.451738077,5311.73252283021,4119.65083864916,4189.42498917045,0.587045,0.757085,0.522267,0.25,0
"26","s0d100","s0",100,6,"r01",0.25131998117584,3.56021764089802e-05,0.247633814201107,0.00846271354595504,0.251331486496671,5.6762077729661e-06,0.00326160541884516,0.250045174928335,7791.28989556026,7675.1882720128,8261.53481945914,7669.85742777333,7648.43286604139,5071.14156695025,6294.99938060642,5132.38185206391,5086.52994308009,0.392713,0.702429,0.307692,0.25,0
"27","s0d100","s0",100,6,"r02",0.253999683656861,1.3984078130991e-06,0.253994973670414,1.50578988231765e-05,0.253999369435508,2.30104274028063e-06,1.95521230000251e-06,0.25399951018138,7845.53422743742,7703.98504088196,8270.96831675332,7712.49588992104,7672.65640347487,5058.39072084703,6290.56872610712,5158.46733215367,5058.90982187469,0.469636,0.732794,0.368421,0.25,0
"28","s0d100","s0",100,6,"r03",0.252799333399089,2.39839060406048e-06,0.250527818247643,0.00522297018461758,0.252799334375681,2.39261646125723e-06,3.17819555611623e-06,0.25279908545879,7884.46759206242,7786.73849978731,8310.85807740587,7747.80068816777,7768.51136838748,5218.60855227769,6287.16563972899,5193.22734466835,5225.92604694096,0.453441,0.702429,0.425101,0.25,0
"29","s0d100","s0",100,6,"r04",0.256932248984388,3.56533237309097e-06,0.256806689601324,0.000311039902601186,0.256931856132236,4.57378466925771e-06,4.03964575629425e-06,0.25693202695874,7929.41654009815,7903.71476998928,8576.7362807423,7793.90951056843,7877.25028451493,5397.84448271361,6831.77794973332,5268.22281357744,5399.70134820428,0.489879,0.769231,0.425101,0.25,0
"30","s0d100","s0",100,6,"r05",0.253199109661223,3.2636954766497e-06,0.248887098023799,0.00954179571676042,0.25319908387461,3.30977865478258e-06,3.43941857296309e-06,0.253199022868945,7729.74051155946,7624.23783966678,8246.90654450345,7604.12671185277,7593.93946529408,4943.03074865445,6181.86048368498,4983.5744042067,4952.04201170188,0.497976,0.728745,0.408907,0.25,0
"31","s0d100","s0",100,7,"r01",0.247732041439859,4.4823060306517e-06,0.244988537186464,0.0066375638610074,0.247732392319988,3.30471731158095e-06,4.42650970788028e-06,0.247732029606373,8140.00368438116,8050.70989265679,8605.9407346541,8017.24987159111,8022.56306042598,5758.76478941567,6905.94583536528,5759.24336633032,5773.86408050668,0.433198,0.712551,0.384615,0.25,0
"32","s0d100","s0",100,7,"r02",0.246932827038463,2.02497689966759e-06,0.246932715270012,1.97682410272593e-06,0.246933005795048,1.3824878476793e-06,1.43274588969193e-06,0.246932995037301,8074.14428584391,7968.72813407259,8547.18466075923,7950.01998647582,7935.58320100248,5675.61450884613,6856.80740413787,5717.11785057217,5687.83985147046,0.40081,0.62753,0.307692,0.25,0
"33","s0d100","s0",100,7,"r03",0.247865071005422,5.32795841440998e-06,0.247852541337471,3.88289650502581e-05,0.247864607908631,6.67229231990188e-06,5.87101453679235e-06,0.247864882605032,8149.49737807186,8029.03450862627,8534.06239303156,8028.58738569701,8013.78884467604,5688.1891648523,6835.15102746269,5744.72851015908,5699.641097188,0.364372,0.623482,0.327935,0.25,0
"34","s0d100","s0",100,7,"r04",0.249614032617695,0.00069817064580013,0.24798363663308,0.00469849772529783,0.249175750276235,0.00187725419823827,0.00144355397984073,0.249338801278278,8014.87543911295,7892.39544827218,8580.7459711844,7889.06315273348,7863.49658231288,5504.80226515511,6962.28912740987,5577.40319460479,5512.23286667895,0.417004,0.659919,0.259109,0.25,0
"35","s0d100","s0",100,7,"r05",0.252932176591387,4.17254871640449e-06,0.252928121745814,1.4847892091009e-05,0.252931459992099,6.1514316278832e-06,3.44171854148078e-06,0.252932371777789,8085.4058812009,7993.93716920666,8532.80648176218,7955.64617179464,7932.85007176256,5597.02346171462,6720.71839548554,5593.08993378219,5547.86617588382,0.481781,0.680162,0.348178,0.25,0
"36","s0d100","s0",100,8,"r01",0.25185642865971,0.00739833861930175,0.253831530031185,0.00298925478724683,0.253773834229669,0.00289714245030971,0.00520978076685995,0.252739513186605,7747.94040522154,7683.67880307509,8006.61301682044,7616.96810511908,7642.31591452773,4609.05882532198,5406.30620496691,4594.16289713825,4630.61424105088,0.502024,0.665992,0.392713,0.25,0
"37","s0d100","s0",100,8,"r02",0.250665014556594,5.44112823611618e-06,0.249461211268703,0.00297070998998366,0.250665263177732,4.48979273636012e-06,5.39427039577724e-06,0.250665012098501,7695.95313887509,7661.93659945652,8050.03831701518,7580.15166670016,7605.20115468718,4578.18382717252,5403.83110728615,4544.92252467406,4576.41166254518,0.566802,0.710526,0.493927,0.25,0
"38","s0d100","s0",100,8,"r03",0.246530237528619,8.71391671178444e-06,0.246531716571375,4.79233874821783e-06,0.246531863587939,4.2318690294244e-06,2.62593222553331e-06,0.246532474960937,7669.27847572399,7597.34376480892,8086.62219656158,7542.99136067774,7537.21519404516,4570.4171473713,5616.77779430233,4576.70345749773,4576.94257713731,0.502024,0.700405,0.376518,0.25,0
"39","s0d100","s0",100,8,"r04",0.250638529130371,0.0033822242413566,0.251857609377304,2.56501232852805e-05,0.251860214520893,1.89652264834612e-05,0.00813584700976643,0.24877893058216,7617.88502527453,7577.89664143503,7891.17270669353,7488.46922430269,7526.93599707161,4436.51009566228,5146.46572397686,4401.74536439357,4453.7383943548,0.591093,0.657895,0.510121,0.25,0
"40","s0d100","s0",100,8,"r05",0.249865622529083,3.50138447857121e-06,0.249824878245054,0.000105536658933114,0.249866063531965,2.22123863194014e-06,2.90224764534874e-06,0.249865817983201,7657.07329488017,7621.30220856335,8168.68639533347,7528.25677890394,7577.00798064856,4593.02906419583,5760.22212817515,4512.27644226581,4581.97591273651,0.611336,0.789474,0.54251,0.25,0
"41","s0d100","s0",100,9,"r01",0.261064126400055,9.04813695779405e-06,0.261055987070862,3.00889116541235e-05,0.261064768549832,6.44238349739447e-06,5.29528873793658e-06,0.261065186053433,8112.59470508321,8050.17415799857,8690.35336530995,7979.14211081819,8015.3788063904,5235.22988967959,6595.08819709281,5172.18218556611,5231.52844222502,0.469636,0.684211,0.348178,0.25,0
"42","s0d100","s0",100,9,"r02",0.259461101067999,1.84119098279685e-05,0.256607132927349,0.00783767719259032,0.259459286814619,2.41023458499413e-05,0.00977262594133454,0.255887838903552,8199.29104078535,8100.49446149766,8674.01186934481,8072.34306158135,8071.50199654351,5290.39028033535,6464.16948212368,5305.24679613485,5290.78578908049,0.493927,0.678138,0.417004,0.25,0
"43","s0d100","s0",100,9,"r03",0.249730369819186,8.66424524164047e-06,0.249730795726395,7.63076159074368e-06,0.249731886690013,4.29580728250885e-06,1.29596650048273e-05,0.249728766538359,8207.14132716707,8107.11521463875,8649.85619171267,8078.01605277116,8094.3836802185,5513.53229485065,6739.1358563709,5508.94043613266,5516.94456762168,0.461538,0.692308,0.380567,0.25,0
"44","s0d100","s0",100,9,"r04",0.249993462089847,2.08591520776448e-05,0.249997377128965,8.42496396814859e-06,0.249996959922904,9.94357705914181e-06,7.60637058041499e-06,0.249997678522505,8086.88782753878,8035.17812667415,8532.15336171443,7959.0239403209,7975.67389411675,5367.54361352551,6468.80396558935,5274.80174423112,5348.55267776528,0.546559,0.690283,0.506073,0.25,0
"45","s0d100","s0",100,9,"r05",0.259331176579044,7.24577015689534e-06,0.259330712356939,7.98973306316117e-06,0.259330947051938,7.5122153186951e-06,5.61236005032202e-06,0.259331654807708,8098.8308015552,8092.3499537082,8700.58063718768,7966.29290741572,8070.15633231552,5366.82622695902,6723.78883670396,5203.89767396459,5373.15236531772,0.469636,0.647773,0.445344,0.25,0
"46","s0d100","s0",100,10,"r01",0.253064861552949,6.02976459856083e-06,0.253015295848129,0.000145423198752436,0.253065174839501,5.13313886457341e-06,4.5592954763079e-06,0.253065339193667,8229.31331676511,8100.6623769154,8508.76184775833,8093.80059110001,8080.1718883499,5477.0064796016,6429.7536225919,5583.5169635947,5496.11424994479,0.518219,0.680162,0.510121,0.25,0
"47","s0d100","s0",100,10,"r02",0.247730907936481,7.18281542741815e-06,0.245608117655819,0.0053584758005771,0.247720474355296,3.54087978928456e-05,2.12910235730871e-05,0.247725785750994,8077.02290196718,7946.28760389195,8326.82750634446,7935.55375856899,7920.15557984899,5378.57149203288,6173.28274970056,5428.16251369624,5384.69282321097,0.433198,0.582996,0.376518,0.25,0
"48","s0d100","s0",100,10,"r03",0.252532557315761,2.77895674878492e-06,0.2525318755132,4.37927791985574e-06,0.252532615886543,2.45500266862301e-06,3.03157780435872e-06,0.252532448693712,8342.82641809139,8231.60091379056,8565.83572516327,8216.20498065712,8212.19918709211,5824.10768611356,6570.24359976824,5858.09787169456,5838.00143872573,0.433198,0.653846,0.368421,0.25,0
"49","s0d100","s0",100,10,"r04",0.25026326424603,1.10217681072299e-05,0.249958703127312,0.000866600032148372,0.249689886752563,0.00163321516341904,1.34324853869203e-05,0.25026247378316,8212.62208119023,8123.44220173568,8487.3140057936,8086.06579779696,8107.07607357386,5623.51939384816,6462.93074250971,5670.96387192474,5629.50314600267,0.449393,0.676113,0.392713,0.25,0
"50","s0d100","s0",100,10,"r05",0.255461600883481,1.47151681602293e-05,0.255463218845238,9.95543412259007e-06,0.255465955049279,2.47844882576382e-06,2.54482341349111e-05,0.255457200210391,8270.51963002601,8179.69698759693,8535.80670086931,8145.94029711583,8157.2512404867,5578.53399853615,6383.62065338442,5602.80017897221,5608.8711116801,0.441296,0.637652,0.376518,0.25,0
"51","s100d0","s100",0,1,"r01",0.00611504531890776,0.335627526048262,0,0.336280359413205,0,0.294640723270751,0.309859092055838,0,4954.03919162084,5031.06656660229,5642.41806347292,4825.48873073629,4853.83251473253,4415.72746031039,5309.31198199437,4499.69729010045,4437.86659158451,0.421053,0.55668,0.255061,0,0.288
"52","s100d0","s100",0,1,"r02",0,0.321587446754654,0,0.303190184533445,0,0.270406452259985,0.27648003389325,0,5111.86241826203,5155.55597070545,5770.37616172173,4975.38009924989,4992.07122277225,4697.65788576163,5576.62750901438,4797.05700668825,4755.42332708709,0.453441,0.54251,0.246964,0,0.288
"53","s100d0","s100",0,1,"r03",0.00963877450777888,0.303872679388459,0,0.320930943248444,0,0.280187456851662,0.283178426430657,0,4872.567727289,4919.5403997097,5326.19786810137,4748.23447239709,4734.52939814616,4371.8466095553,5000.3199538124,4479.82819243387,4426.80726109855,0.396761,0.437247,0.161943,0,0.288
"54","s100d0","s100",0,1,"r04",0,0.310648366972091,0,0.301196237196956,0,0.262601489495439,0.264676917866993,0,5061.47187853648,5109.9503034165,5559.73330652051,4925.30712975735,4935.02811835905,4738.68611704876,5372.81945912376,4794.33271962649,4796.53903755952,0.42915,0.423077,0.238866,0,0.288
"55","s100d0","s100",0,1,"r05",0,0.320647669600476,0,0.298603888053564,0,0.264513820156498,0.277505516062021,0,5109.7437490949,5222.22516069821,5575.1349188775,4974.01794179853,5075.26252570487,4836.43418656583,5452.99053102574,4802.59129058976,4899.96881743635,0.453441,0.502024,0.275304,0,0.288
"56","s100d0","s100",0,2,"r01",0.0129865335730454,0.297692190249669,0.0120265665206935,0.301878223093727,0.00844980211590157,0.277336572378477,0.281380406385602,0.00876647845310827,6021.43913403462,6016.0786917634,6435.85918955683,5885.01329681185,5892.98062224874,5711.54162456208,6398.98483618962,5796.37044473954,5761.12347694032,0.34413,0.425101,0.137652,0,0.288
"57","s100d0","s100",0,2,"r02",0.00786295538898137,0.316020491849024,0,0.343843295717332,0,0.313792801307106,0.319109269331378,0,5924.77637716353,5898.38808096805,6385.64114200127,5786.44833006238,5779.30523512936,5630.96224439465,6341.15079401233,5664.74184382964,5625.22372337884,0.299595,0.479757,0.178138,0,0.288
"58","s100d0","s100",0,2,"r03",0,0.300194090584929,0,0.289359139317774,0,0.269245053134657,0.274071204429526,0,6052.2569063788,6036.23528160861,6413.8683333114,5922.04970451634,5934.92483843195,5967.81098793136,6643.90686233677,6043.83992845642,6029.25192487647,0.299595,0.384615,0.121457,0,0.288
"59","s100d0","s100",0,2,"r04",0,0.330821861013677,0,0.328776024898508,0,0.301206938908752,0.304338848691032,0,5999.975632171,5960.54535740477,6547.2292011921,5865.39129528262,5861.49842119225,5669.4969591426,6566.67771047195,5748.52061811623,5708.38031321142,0.255061,0.417004,0.117409,0,0.288
"60","s100d0","s100",0,2,"r05",0.0106554942149448,0.275785606452509,0.010003492827084,0.276029595957022,0.00667674324598356,0.25853879959417,0.255975315834382,0.00835606040370433,5978.55679203219,5986.77320061802,6437.41069235846,5855.25360995603,5881.53782583049,5829.2790508468,6488.14970076257,5852.02036191161,5872.36982547614,0.275304,0.412955,0.125506,0,0.288
"61","s100d0","s100",0,3,"r01",0.0112593472164323,0.306557653561448,0.00114328694254308,0.330956842011476,0,0.298843936037683,0.301958562537984,0.00401334723054119,5158.57719301098,5142.87021794018,5411.81942139976,5021.21193765409,5025.40367914608,4535.25098267328,4870.64058461079,4639.11185908872,4545.30209131327,0.421053,0.412955,0.226721,0,0.288
"62","s100d0","s100",0,3,"r02",0,0.324907546979309,0,0.313907104090328,0,0.280009157693946,0.28338196932331,0,5119.49981303284,5114.274203083,5486.2922675947,4973.95841844892,4964.56223716877,4571.186530879,5128.55845050386,4664.48600986931,4619.28438491958,0.392713,0.453441,0.230769,0,0.288
"63","s100d0","s100",0,3,"r03",0.00424416698956178,0.320843238944741,0.00916413826872813,0.286097242829209,0.000723348316518813,0.294494910546547,0.298266765563097,0,5066.99069524092,5077.51118105612,5430.90588008978,4941.78912033777,4932.04501586881,4472.75775746191,5009.78031131087,4497.07610791944,4476.62465348562,0.352227,0.396761,0.153846,0,0.288
"64","s100d0","s100",0,3,"r04",0,0.334005098367328,0,0.316916912406324,0,0.286848381298344,0.289801038633444,0,5181.03930629051,5204.92960787298,5704.98345308886,5048.09539619722,5034.92598178405,4577.36947039636,5309.91227491573,4658.71316083025,4627.38979943063,0.408907,0.479757,0.214575,0,0.288
"65","s100d0","s100",0,3,"r05",0,0.341858117174662,0,0.331301010144688,0,0.298809712753604,0.304580938590168,0,5132.22429305103,5213.84711466144,5592.50590138605,5003.62743602247,5046.6211325951,4598.54725976473,5097.25535050381,4596.93130456523,4618.55748155637,0.417004,0.459514,0.178138,0,0.288
"66","s100d0","s100",0,4,"r01",0,0.326879697994609,0,0.325687818672933,0,0.290291510440661,0.292660060539467,0,5479.4896498455,5523.94214961672,5801.01578603305,5346.20108221379,5386.40411374655,5007.24972673755,5424.5827615089,5034.63834972734,5047.42306460964,0.360324,0.384615,0.186235,0,0.288
"67","s100d0","s100",0,4,"r02",0,0.340958940028153,0,0.330120346190745,0,0.28714831941416,0.292908523785008,0,5551.6610033413,5597.98688547678,5786.498889065,5405.32455097419,5412.35699256357,5109.12296528642,5441.98804444366,5182.63728254522,5139.37417548461,0.34413,0.366397,0.153846,0,0.288
"68","s100d0","s100",0,4,"r03",0,0.366000144564883,0,0.343948484144401,0,0.309984922855968,0.315029000168436,0,5503.05245869802,5671.81253287999,5892.98616427819,5348.30244294859,5459.54680607582,5018.08974834496,5376.51203744321,4968.30633529385,5092.27707071077,0.384615,0.441296,0.210526,0,0.288
"69","s100d0","s100",0,4,"r04",0,0.315328464005384,0,0.328523282251786,0,0.281557144579783,0.284115954925005,0,5500.17857737093,5461.03054319639,5846.98782455315,5355.05041619374,5340.66275859302,5055.9162608794,5526.72803234009,5171.14990318591,5095.1787348977,0.327935,0.449393,0.202429,0,0.288
"70","s100d0","s100",0,4,"r05",0,0.357179845084465,0,0.359101753918719,0,0.305346771492529,0.31316017378155,0,5377.49098975417,5483.01442467019,5865.61292865915,5251.41487847823,5290.29342763607,4878.69344492037,5393.91567369692,4861.47774089968,4876.59581297841,0.376518,0.475709,0.174089,0,0.288
"71","s100d0","s100",0,5,"r01",0.00489578301165321,0.28644876505027,0.00595435096998306,0.281489131523698,0,0.265933163988152,0.273839286640816,0,5333.31209754153,5402.69291938317,5814.1517058161,5215.17161238927,5247.6713405282,4160.67845274706,4642.98423299549,4200.93369103078,4176.85932175056,0.376518,0.504049,0.234818,0,0.288
"72","s100d0","s100",0,5,"r02",0.00018891648572919,0.289551521232828,0,0.283035064801121,0,0.264160936909749,0.268131163062443,0,5171.16659558051,5165.03893423449,5610.01847856634,5049.78554909981,5048.67584249598,3962.54532394309,4519.11403517533,4015.5507144641,3982.20249778422,0.331984,0.475709,0.198381,0,0.288
"73","s100d0","s100",0,5,"r03",0,0.29954232623717,0,0.290167259649631,0,0.274468748769652,0.28150118893751,0,5172.48890426853,5174.87203671972,5523.18384968183,5052.69865546106,5070.7635946356,3988.85827432221,4470.69860100276,4049.29120300775,4011.25744467136,0.336032,0.504049,0.238866,0,0.288
"74","s100d0","s100",0,5,"r04",0,0.308415487667776,0,0.295497654110047,0,0.280712969504118,0.287332878202864,0,5181.39003374321,5221.5311850184,5586.10831828939,5038.05432719476,5093.8395028196,3925.53210900906,4373.51642147527,3972.07469562057,3982.16439285908,0.40081,0.463563,0.226721,0,0.288
"75","s100d0","s100",0,5,"r05",0,0.302355135708316,0,0.285992958126325,0,0.264145832276954,0.273912418524966,0,5331.75959237457,5393.36527651641,5925.51536695114,5215.42749651133,5245.48475373502,4118.37893281986,4954.20173895868,4186.34167607851,4155.16908762744,0.404858,0.54251,0.242915,0,0.288
"76","s100d0","s100",0,6,"r01",0.000176792403644041,0.329002966004695,0,0.329296597316415,0,0.286490348047892,0.298973909395332,0,5009.60357196559,5053.97170954727,5671.09077587641,4889.52149594581,4918.3924111613,4190.77706585467,4859.94436884185,4211.72878032172,4207.52647472844,0.37247,0.554656,0.206478,0,0.288
"77","s100d0","s100",0,6,"r02",0.00922912952968236,0.33165189088188,0,0.337888745178259,0,0.310965863624428,0.309791459623157,0,5013.88819674028,5103.81881451135,5434.93017884153,4874.63930248867,4879.03861419007,4101.65277234329,4536.94509366815,4115.17771922633,4139.2773546502,0.388664,0.495951,0.210526,0,0.288
"78","s100d0","s100",0,6,"r03",0,0.359700831786723,0,0.327959694801631,0,0.316247865889237,0.319566086223348,0,5018.33503906444,5050.13912247173,5549.64571232422,4891.22874902962,4894.3277391353,4027.01141970639,4679.69215652692,4086.80718886846,4057.32848665942,0.376518,0.530364,0.218623,0,0.288
"79","s100d0","s100",0,6,"r04",0.00842766641628934,0.299491545552109,0.00903554045281872,0.285384275523247,0,0.2896436036363,0.290236476877093,0,5178.33679887835,5219.6603230767,5658.86247831973,5050.48343681805,5078.14572422437,4388.28034587618,4956.55704095585,4388.10278187227,4423.69645211985,0.352227,0.495951,0.165992,0,0.288
"80","s100d0","s100",0,6,"r05",0.00534713534594588,0.301147834901682,0,0.309134754297604,0,0.278465672680482,0.28400853448255,0,5179.63938046952,5208.8595469523,5774.3321967399,5067.03492392279,5087.0911794196,4436.7046116751,5213.08848571306,4504.79429962505,4468.28730464542,0.323887,0.526316,0.161943,0,0.288
"81","s100d0","s100",0,7,"r01",0,0.369483376102115,0,0.356837737906864,0,0.282553567387539,0.301624456742167,0,5660.57036916915,6088.9988587376,6885.52697168945,5515.36792773932,5721.65122598642,5365.35668926653,6359.8990620343,5152.92920947206,5295.38918651544,0.481781,0.580972,0.271255,0,0.288
"82","s100d0","s100",0,7,"r02",0,0.359717480456313,0,0.373655720101232,0,0.304838372197391,0.320576447199985,0,5644.59118958051,5723.32141366457,6939.26997337784,5493.67636930985,5548.39759422869,5002.36427812661,6346.16331880321,4985.84298327306,4976.86372084662,0.368421,0.631579,0.210526,0,0.288
"83","s100d0","s100",0,7,"r03",0,0.344736997852618,0,0.349265908011606,0,0.290328652449004,0.300381161610423,0,5642.08313983452,5764.70500566564,7102.75641151503,5518.4412119903,5565.88915066444,5084.77507363627,6653.53735225129,5081.47420392563,5087.28965557341,0.340081,0.62753,0.178138,0,0.288
"84","s100d0","s100",0,7,"r04",0,0.354752922699943,0,0.361180547203255,0,0.293275325652206,0.310063127087145,0,5642.44484232605,5773.32419476811,6789.88207207639,5497.02091884097,5559.17824690294,5039.82022256071,6223.9921220889,5060.35611462076,5034.12884618834,0.412955,0.629555,0.234818,0,0.288
"85","s100d0","s100",0,7,"r05",0,0.376158095983366,0,0.359134751370728,0,0.30077899369967,0.315904093120365,0,5523.25603786317,5742.19360229388,6581.49787359327,5400.91199907198,5459.64395987288,4874.97093072212,5959.20306707046,4854.82666880212,4846.83219203212,0.421053,0.54251,0.218623,0,0.288
"86","s100d0","s100",0,8,"r01",0,0.344928428221387,0,0.338544496845409,0,0.295041379315037,0.305866712601415,0,5667.76054112289,5758.56821807891,6508.23067942888,5524.98909937356,5599.00709432853,5016.01099151831,5921.00027189867,5013.4583358679,5044.83385083474,0.368421,0.550607,0.198381,0,0.288
"87","s100d0","s100",0,8,"r02",0.00124586614674106,0.327358725446075,0,0.332475327526444,0.00378250576826785,0.277226639130257,0.299305758398616,0,5645.74593719255,5687.49007614968,6310.92128710725,5496.19957672112,5537.08459856363,4903.13545884648,5653.58332140244,4932.78502117799,4926.63268998266,0.352227,0.473684,0.251012,0,0.288
"88","s100d0","s100",0,8,"r03",0,0.347550078493075,0,0.342320162130964,0,0.292318284527013,0.309097920706477,0,5677.56632344434,5826.04957325613,6258.67723774897,5520.89842356351,5636.78987922697,4991.39195665173,5649.5506232711,5011.26719917278,5031.13684081858,0.412955,0.493927,0.291498,0,0.288
"89","s100d0","s100",0,8,"r04",0,0.325832323027548,0,0.310548968727303,0,0.273426324907405,0.286225314366146,0,5739.00278030206,5882.25885169616,6298.24475271998,5591.42208176908,5661.16741914886,5138.22782094074,5746.03524004946,5139.65291223752,5134.59265030435,0.34413,0.437247,0.178138,0,0.288
"90","s100d0","s100",0,8,"r05",0,0.34072625084362,0,0.331030402129983,0,0.281450805908057,0.293528160395714,0,5758.78645206339,5947.3445743746,6533.36656272294,5628.49274803772,5723.00643729956,5172.51193547251,5934.43569680694,5196.33054724152,5222.34814876879,0.445344,0.566802,0.295547,0,0.288
"91","s100d0","s100",0,9,"r01",0,0.329374071124967,0,0.343679235376884,0,0.284892254426811,0.292013039302264,0,5716.04928867935,5722.44207388179,6286.38796761049,5589.06162710456,5595.65210805631,5382.60581874505,6064.35760179763,5485.80711021007,5453.74107402935,0.307692,0.437247,0.153846,0,0.288
"92","s100d0","s100",0,9,"r02",0,0.315364394382783,0,0.312394670697209,0,0.276182761559579,0.277818000188846,0,5541.79827202407,5545.00264195051,6057.3172733162,5415.39360962959,5420.94018330854,5171.47303044177,5924.30799463039,5240.574062692,5240.9256908335,0.323887,0.406883,0.182186,0,0.288
"93","s100d0","s100",0,9,"r03",0.00384682536123167,0.298545355925656,0.00645817843231674,0.285422696623972,0,0.277236085690446,0.279181396862719,0,5773.91577496908,5736.62204371152,6076.44409098315,5653.60171352485,5646.03136328114,5377.40394200487,5865.40153565927,5476.72669764689,5446.5928020053,0.283401,0.37247,0.101215,0,0.288
"94","s100d0","s100",0,9,"r04",0,0.31325965867848,0,0.317123625552227,0,0.268383909056711,0.27575245029186,0,5709.27318391544,5732.9317862784,6165.72459393158,5572.87456665252,5570.60433754843,5440.46855375241,6045.47283657852,5537.69571072424,5483.9135263985,0.299595,0.398785,0.133603,0,0.288
"95","s100d0","s100",0,9,"r05",0,0.309906771744233,0,0.316275624121385,0,0.272402597235296,0.276676089195004,0,5655.25360753454,5636.3835996816,5918.17619871904,5519.24547425077,5525.44036977777,5293.91845856478,5637.2647030769,5373.18725674168,5342.63798048658,0.295547,0.370445,0.137652,0,0.288
"96","s100d0","s100",0,10,"r01",0.00839578062594935,0.309179637327715,0,0.314813748698873,0,0.280317812380895,0.289141121064035,0,5371.62528925529,5612.42338437773,5885.35610847415,5238.85753659852,5271.27788729829,5194.15986622414,5677.66444122791,5031.58849004982,5011.60147910752,0.465587,0.497976,0.218623,0,0.288
"97","s100d0","s100",0,10,"r02",0,0.329207357786058,0,0.331856002262475,0,0.288698731936164,0.29285753472699,0,5242.42455894088,5297.34340210008,5649.65673453953,5127.6179123743,5127.56043008971,4894.66558941487,5346.03016411153,4889.68819927476,4865.43741779638,0.303644,0.396761,0.109312,0,0.288
"98","s100d0","s100",0,10,"r03",0,0.345407751778158,0,0.342657621853415,0,0.29027539942141,0.300625854584515,0,5338.72633762148,5444.26882025894,5847.05922216462,5210.90815538584,5242.08985392785,5000.67594967722,5511.81154413213,4985.91956406618,4981.29723613866,0.404858,0.5,0.194332,0,0.288
"99","s100d0","s100",0,10,"r04",0.00182391605324963,0.305936169113734,0.000327659472131876,0.324556058779993,0,0.280757021499586,0.286230387990749,0,5465.64788589789,5434.37789885097,5834.36654083988,5332.71780845569,5331.8590170249,5065.30294957927,5517.19056801421,5125.14793855992,5080.74624319642,0.291498,0.394737,0.149798,0,0.288
"100","s100d0","s100",0,10,"r05",0,0.320173054861547,0,0.307947468839429,0,0.272276192089386,0.278793275000348,0,5275.01864375715,5338.78398581643,5580.84391914473,5157.82074084173,5157.4106794712,4938.96918144866,5329.2830210059,5024.94575479945,4964.3223464802,0.331984,0.382591,0.133603,0,0.288
"101","s25d75","s25",75,1,"r01",0.196523317548535,0.06899956718428,0.193572585029957,0.0786623757602106,0.193905320764147,0.0726520154809938,0.0762496927674459,0.193075651010561,7592.49910115114,7496.30366348538,8155.45988745574,7444.6649144146,7464.06816406168,5286.56697143873,6521.75121872196,5280.09727448856,5304.73204722157,0.437247,0.688259,0.336032,0.2,0.065
"102","s25d75","s25",75,1,"r02",0.204858854141375,0.0666250253203773,0.195228299438518,0.0871803968260404,0.198970011428256,0.0738530193753609,0.0744187046448794,0.199346094366374,7677.66338361267,7720.99778736997,8143.30330564208,7537.09949000329,7664.59720176698,5443.01736174104,6194.54662502155,5212.6894524139,5443.87136771,0.510121,0.623482,0.388664,0.2,0.065
"103","s25d75","s25",75,1,"r03",0.199968693497243,0.0741642111288426,0.191533623312742,0.0950455230447115,0.196897732028173,0.0746570015696694,0.0797082478448659,0.195927477774141,7559.37948669666,7490.23347057304,8198.27463196283,7434.63447956775,7455.4343734154,5095.55027594676,6440.62818117235,5108.11901241498,5129.57162282627,0.42915,0.708502,0.307692,0.2,0.065
"104","s25d75","s25",75,1,"r04",0.203589647865216,0.0756530853729869,0.203037752150804,0.0777160681804867,0.199261613968331,0.0812834722242812,0.0746767686370053,0.202433690135738,7612.92063527738,7587.42391879711,8134.63724028316,7474.07057851905,7512.55805701397,5213.93406807383,6286.10710717833,5145.08925920555,5178.14405183693,0.449393,0.678138,0.364372,0.2,0.065
"105","s25d75","s25",75,1,"r05",0.211672756264855,0.0566559435893949,0.195164280074331,0.0963806700128602,0.20725106579392,0.0621360376837569,0.0640046063510544,0.207688432490879,7511.83466189745,7370.81137454174,8183.86724311899,7370.68075733225,7334.15977664257,4852.92541906643,6310.27125118785,4990.55087465745,4874.34569656277,0.445344,0.726721,0.392713,0.2,0.065
"106","s25d75","s25",75,2,"r01",0.197507560035792,0.0765968099328068,0.193104977705925,0.0874997510222162,0.197752057418637,0.069325477342697,0.0697656079778317,0.1978686256806,8185.88292168519,8078.33890554488,8661.49017652273,8054.68248355622,8039.69133752264,6333.8470258851,7524.33582078637,6394.83763057285,6354.54426661305,0.348178,0.657895,0.279352,0.2,0.065
"107","s25d75","s25",75,2,"r02",0.207166907660545,0.0518443100096097,0.203706490756049,0.0636726629499988,0.206558608374371,0.049090889882661,0.052110383842076,0.205814787899676,8198.85577291884,8076.78496026578,8490.51681055235,8063.43622041751,8047.94217577103,6283.79931960238,7136.82786646027,6342.73383710387,6288.12044628393,0.319838,0.520243,0.238866,0.2,0.065
"108","s25d75","s25",75,2,"r03",0.2144312614914,0.0547284412216932,0.206358074177869,0.0783401597035171,0.214820121976916,0.0485714865188777,0.0551314214006041,0.212386671242946,8087.28179509296,7991.5900665001,8465.54041127912,7941.7213157189,7934.2065981816,6047.70465149271,6927.95696197142,6007.2636081074,6037.83594023259,0.37247,0.611336,0.283401,0.2,0.065
"109","s25d75","s25",75,2,"r04",0.207745066576172,0.0527346917528229,0.199872115492496,0.0736053274032692,0.206837847905883,0.0528859900230469,0.0539941030800488,0.206762920671987,8127.50090659666,8039.51518823281,8484.96204188317,7996.97191893263,7986.56618577412,6210.43535856405,7201.19569591403,6234.78451363967,6188.08361851399,0.384615,0.621457,0.218623,0.2,0.065
"110","s25d75","s25",75,2,"r05",0.2003742383175,0.0514710826037593,0.197348058368852,0.0553944309767141,0.198608687870094,0.0496970739102089,0.0492143952319069,0.199107516020381,8098.38712634877,8036.65880264456,8420.4251523929,7957.96157224474,7953.93549898949,6338.13289822096,7148.63802652952,6322.24888982869,6288.02374764527,0.392713,0.522267,0.263158,0.2,0.065
"111","s25d75","s25",75,3,"r01",0.192086075146826,0.074390609988277,0.18121295108616,0.101479675814761,0.189361588882645,0.0786853426786766,0.0821810129861232,0.188003232801224,7853.76161103437,7719.66224809223,8454.52375853017,7704.71945660215,7690.26629520621,5848.43979654596,7353.48637246271,5918.20297660494,5862.65891754882,0.319838,0.568826,0.251012,0.2,0.065
"112","s25d75","s25",75,3,"r02",0.189438855572176,0.10886076028646,0.187037349737649,0.115915853333571,0.189579942855216,0.101345193598602,0.107079097178644,0.187058188245535,7977.15479724475,7916.24650582709,8452.67210377143,7849.38304918524,7868.77067868896,6094.94628158728,7111.99002001339,6050.15716234416,6105.0639969113,0.352227,0.6417,0.230769,0.2,0.065
"113","s25d75","s25",75,3,"r03",0.200302299932686,0.0684133706452837,0.190230643366512,0.0968452993466853,0.197576626001546,0.0726631852447021,0.0717699023926731,0.197398877082819,7844.03785451484,7742.40773386545,8283.33602023313,7713.9831669624,7709.32986654895,5737.0916355912,6843.90626642285,5779.26302282426,5746.29431354046,0.360324,0.601215,0.259109,0.2,0.065
"114","s25d75","s25",75,3,"r04",0.205722131549988,0.0781647314364524,0.202981797976394,0.0886094059151986,0.203483791844396,0.080634582652242,0.0840933982003222,0.202042512364276,7958.09893823848,7827.79703455944,8471.82780898299,7826.23826611794,7804.00356247418,5752.72926423943,7012.75936164948,5824.59081175508,5773.70130388677,0.336032,0.61336,0.251012,0.2,0.065
"115","s25d75","s25",75,3,"r05",0.194934165174255,0.0818966162206193,0.190889143054468,0.0886912295394232,0.194314368993523,0.0764217074773773,0.0767448231609984,0.19490102948206,7998.59389999702,7909.89411287241,8506.38611991157,7870.78259297204,7879.73182432571,6051.87048030907,7351.36633224672,6103.44590657874,6074.79351894477,0.37247,0.580972,0.299595,0.2,0.065
"116","s25d75","s25",75,4,"r01",0.201139044495274,0.0672813528988642,0.197977055346913,0.0745839655529762,0.198980407025276,0.0659463783038349,0.0721953538056644,0.197265306983108,7784.56027772939,7721.66607991247,8328.92824383214,7640.65453524675,7675.93233729172,5552.02470471969,6705.82273707636,5492.3475102604,5578.35797796213,0.380567,0.623482,0.34413,0.2,0.065
"117","s25d75","s25",75,4,"r02",0.201994124352875,0.0528023586511323,0.194210359268127,0.0708598645500122,0.197874524393116,0.0557361083485681,0.0551456381586555,0.198499440015827,7828.950182505,7720.91787059679,8262.52306436977,7687.86922937599,7676.3119788081,5567.00573041177,6739.77859746572,5656.96845773718,5589.44480901996,0.445344,0.621457,0.299595,0.2,0.065
"118","s25d75","s25",75,4,"r03",0.199066391028549,0.0565737470420509,0.193974885405436,0.072939110242535,0.19692826526094,0.0580067892588654,0.0554352310993235,0.197388071858855,7810.40073773895,7698.1471688727,8533.66030988046,7677.92604951774,7664.66856431686,5531.4420023259,7090.14728124918,5571.75789601597,5577.54896872044,0.384615,0.712551,0.34413,0.2,0.065
"119","s25d75","s25",75,4,"r04",0.19968867536866,0.0547665525780731,0.197528227661226,0.063682274959118,0.197432423903377,0.0564948958104257,0.0533612679914472,0.197816387888918,7772.08227647599,7692.29634538498,8581.79169946661,7640.55837031353,7648.846689974,5507.36515109546,7299.31687206179,5498.58976694222,5531.92366991174,0.388664,0.682186,0.295547,0.2,0.065
"120","s25d75","s25",75,4,"r05",0.195600216951454,0.0686852711521235,0.19743144214829,0.0642166474380276,0.195300355137931,0.0612331000063366,0.0641409406194323,0.194753273185011,7826.03502397148,7796.72786087416,8478.30013155165,7701.00090178819,7742.62726820956,5733.36909367107,7032.32951528244,5682.29525295116,5759.39497254602,0.417004,0.686235,0.307692,0.2,0.065
"121","s25d75","s25",75,5,"r01",0.194377920595804,0.0622514650674914,0.188747859276167,0.0805682067814312,0.188411124865665,0.073349007862474,0.0759264783554471,0.187249468611006,6946.8398567136,6909.06336441349,7432.99839826285,6827.97805686542,6844.93003404715,4043.29729273104,5010.14786906377,4100.68168130868,4083.78811160394,0.546559,0.708502,0.445344,0.2,0.065
"122","s25d75","s25",75,5,"r02",0.200373423531432,0.0648833520858913,0.192150354548346,0.081152667177605,0.199912963892087,0.0568606045534806,0.0652749659123747,0.197871389310516,6862.08860958581,6828.13391833213,7099.6038730212,6737.95751573761,6746.9789518751,3797.8535193762,4399.83125348634,3849.6334787924,3814.80420852753,0.506073,0.621457,0.37247,0.2,0.065
"123","s25d75","s25",75,5,"r03",0.203180172433434,0.0615736376382331,0.198480004219901,0.0766855524493976,0.201413310776496,0.057363149021983,0.0538226047458627,0.202776819569588,6946.69439916096,6909.24179405266,7375.62176490789,6818.1465958565,6828.6319754865,3991.06717810468,4795.57343430266,4020.20460540634,3989.26685256218,0.550607,0.676113,0.433198,0.2,0.065
"124","s25d75","s25",75,5,"r04",0.198250266305749,0.0659772311629027,0.19106846861813,0.0845624812949892,0.195213918162424,0.0639660027401061,0.0634541112990759,0.195351791233713,6896.60439352968,6853.49828697571,7409.86550000872,6757.51697217055,6789.65005416112,3931.0985484125,4901.97490962414,3986.16348622326,3986.27744726691,0.611336,0.692308,0.518219,0.2,0.065
"125","s25d75","s25",75,5,"r05",0.200138974043364,0.064989914502259,0.197099297983246,0.0740790544982,0.19740090916078,0.0660324155589176,0.0644989804950032,0.198284879747973,6921.89031437923,6822.63927442171,7267.62419384503,6797.89005855091,6783.86378326913,3867.8166141551,4702.79021986978,3963.70361985627,3903.62051340409,0.417004,0.625506,0.336032,0.2,0.065
"126","s25d75","s25",75,6,"r01",0.188065921072249,0.0707189320140957,0.185964546495381,0.0842409679510406,0.187311076877431,0.0673442887899029,0.0639998669679241,0.188185523998985,7646.54878466017,7510.85095012147,7981.92017368998,7495.78605609115,7468.77055941119,5553.51879415002,6385.83366286624,5641.03665082571,5576.18044668501,0.331984,0.574899,0.202429,0.2,0.065
"127","s25d75","s25",75,6,"r02",0.204302572990287,0.0671256285079034,0.198578299272617,0.0841790309105795,0.203213956821529,0.0611241264961199,0.0658176246034272,0.201744360903578,7788.53998172886,7643.4347400169,8198.51011083109,7639.92822812221,7602.15157731732,5548.97728935927,6551.6046388419,5640.94316488656,5564.00495088879,0.360324,0.629555,0.267206,0.2,0.065
"128","s25d75","s25",75,6,"r03",0.202518418272627,0.0751345535540363,0.200937536454691,0.0894126998508825,0.200261288090733,0.0753990983218264,0.075830882405896,0.200777506598058,7892.18596910655,7772.30160929108,8388.91587507912,7750.0379537587,7741.72903344054,5727.92066230829,6773.35447827253,5755.6349778257,5738.15181117495,0.303644,0.6417,0.275304,0.2,0.065
"129","s25d75","s25",75,6,"r04",0.199548916340923,0.0815602369400215,0.194071464920636,0.0922374937401038,0.200055007753243,0.0729047768317559,0.0796360375619821,0.197742254066873,7848.72934827856,7732.17879943456,8273.05691316053,7693.91482686329,7694.59195473471,5652.84265703898,6679.48640742495,5677.46679349574,5669.22152792207,0.404858,0.633603,0.315789,0.2,0.065
"130","s25d75","s25",75,6,"r05",0.201613065895505,0.0690370746783655,0.198446439213563,0.0798400137137864,0.198835187812695,0.0671250050596165,0.0703896572721447,0.199080668578602,7802.28743363711,7686.40465173074,8228.96965649381,7652.70892098784,7640.89133494477,5610.29192726106,6618.80934191951,5689.6459030635,5623.57864457442,0.360324,0.649798,0.271255,0.2,0.065
"131","s25d75","s25",75,7,"r01",0.203242968844971,0.0518299790997537,0.193308141428307,0.0684006947831232,0.199067354263712,0.056302128965673,0.0509286550677779,0.201149801880332,7862.70729187988,7777.45063863267,8294.28955692486,7744.7235146608,7729.27841111908,5650.27442583118,6903.98484973105,5696.14276496723,5654.8434635842,0.311741,0.645749,0.194332,0.2,0.065
"132","s25d75","s25",75,7,"r02",0.213156823846946,0.048686751805389,0.201620550024234,0.0747991686444883,0.212904978351164,0.0459587126593158,0.0462571146386117,0.213066583467989,8087.32127580105,8043.89873463766,8567.66035106909,7954.40388893189,8007.13920074836,5975.00486168462,7183.37857659742,5932.10271718227,6008.10721160678,0.453441,0.659919,0.368421,0.2,0.065
"133","s25d75","s25",75,7,"r03",0.207678081666231,0.0360899771624074,0.202612570027839,0.0507126389771543,0.205826001256447,0.0362130340682515,0.036288531599362,0.206043750726014,7902.4458520815,7803.52406295841,8220.6851072371,7773.85298975078,7767.5169585897,5720.01622653398,6626.9083817116,5767.21514032118,5733.45180909897,0.380567,0.59919,0.299595,0.2,0.065
"134","s25d75","s25",75,7,"r04",0.207841630583602,0.0487039822728667,0.205420597699306,0.0520554388416375,0.207197814010724,0.045394601594324,0.0492940898787583,0.206220827616793,8161.75719847775,8077.91634541463,8477.42298056769,8034.60972833244,8042.65527667283,6154.46792526946,7097.04907446094,6201.37637079316,6180.44621684927,0.408907,0.587045,0.275304,0.2,0.065
"135","s25d75","s25",75,7,"r05",0.202434794621261,0.044607412436525,0.192540606920877,0.0689332574570477,0.199463236958738,0.0511607826737165,0.0466665450091222,0.200712947561414,8010.51296231536,7905.5179469813,8427.55634333572,7897.41083933993,7880.81653748177,5902.32174731598,7056.5995786624,5965.28815925313,5921.31238798731,0.364372,0.6417,0.279352,0.2,0.065
"136","s25d75","s25",75,8,"r01",0.201758812825112,0.0539342151481425,0.19752268704681,0.0654899522291632,0.195318393957912,0.0669223115179369,0.0665882614336456,0.19557621475762,8005.04145995028,7949.06941574527,8244.15548481107,7871.72086302153,7896.26174655466,5751.03921456847,6418.79459739473,5726.03320605679,5748.58437226481,0.437247,0.55668,0.356275,0.2,0.065
"137","s25d75","s25",75,8,"r02",0.194113800254906,0.0703062259950625,0.188796090840226,0.081248973840586,0.191508186718113,0.0705704301922079,0.0757585657942259,0.190421485177385,8013.8656680932,7990.1120241779,8277.79878045349,7867.88971683825,7924.64421642138,5814.91130152583,6491.07092552935,5750.8775496899,5821.39519189132,0.489879,0.609312,0.384615,0.2,0.065
"138","s25d75","s25",75,8,"r03",0.196889039792636,0.0633731124624942,0.193590919687749,0.0640091353218739,0.196558056522928,0.0541636046849446,0.0649456052344757,0.194517925468605,8045.39521138848,8012.51691056594,8268.13003402276,7919.15946245362,7954.00727139952,5806.3769615541,6422.34426377156,5753.72175944891,5811.48450607187,0.412955,0.512146,0.311741,0.2,0.065
"139","s25d75","s25",75,8,"r04",0.202735910158051,0.0466767518183858,0.205630646126701,0.0384358519598617,0.19999439976101,0.0477451621314527,0.0487019447618617,0.200507466100482,8003.5330608251,7926.82387292051,8301.14044077934,7860.5469202971,7869.03886946982,5573.8091899338,6437.2755783259,5603.57327916707,5575.14886630931,0.473684,0.589069,0.360324,0.2,0.065
"140","s25d75","s25",75,8,"r05",0.193115052078777,0.0551314887771489,0.188030552870914,0.0702702491908077,0.191324234199836,0.0576775515878222,0.0622300968554673,0.189552345762679,8036.11443308183,8011.23336457429,8297.13860345624,7900.59567383633,7943.6903974316,5896.59702668079,6517.33030993837,5776.71873152288,5887.11776027622,0.506073,0.576923,0.364372,0.2,0.065
"141","s25d75","s25",75,9,"r01",0.197698337139808,0.043562574100417,0.196278021220631,0.046269370277705,0.196307057607036,0.0441622633006971,0.0440534586901915,0.196686043689199,7672.58508073311,7539.41837690983,8062.96458719005,7525.30331987605,7508.99309429702,5197.91463388639,6168.26133966999,5282.0320624057,5217.42408502773,0.392713,0.589069,0.336032,0.2,0.065
"142","s25d75","s25",75,9,"r02",0.205656660488451,0.040985413864486,0.198504359873834,0.0620732669954931,0.20178091050113,0.048338891093478,0.0438559995642495,0.203798744903885,7654.58302010175,7512.69611167081,8077.60588885541,7507.33636428994,7485.85585527734,5121.09126024959,6182.81182615989,5222.84120315303,5132.35909742282,0.388664,0.621457,0.303644,0.2,0.065
"143","s25d75","s25",75,9,"r03",0.199003846394178,0.0465698712887399,0.195157717033769,0.0574534360233848,0.196269496807811,0.0510682262862238,0.0498490062346314,0.197401263532848,7736.40476149971,7621.56982483336,8095.37982804902,7587.94637275208,7595.48286911336,5346.3225448886,6254.91725672042,5384.48333135255,5353.4687255925,0.42915,0.651822,0.323887,0.2,0.065
"144","s25d75","s25",75,9,"r04",0.209539741516536,0.0356171475730348,0.209982199409992,0.0384263810827043,0.206392897701796,0.0410725052084839,0.0382047324657472,0.208158219658858,7651.63134999013,7516.56787725769,8062.92179198292,7511.34023555753,7497.87359701994,5082.08197439895,6079.71752571748,5156.1025853878,5089.07713830689,0.384615,0.589069,0.331984,0.2,0.065
"145","s25d75","s25",75,9,"r05",0.206713886737159,0.0387848504446524,0.199854292605117,0.0567817648794943,0.202660793443653,0.0471923279386709,0.0463693853694803,0.203495222347276,7643.27814340377,7516.92804067765,8006.93493166572,7502.92097416625,7493.19617322638,5002.01551170405,5945.87520850863,5073.22830056296,5006.67027327727,0.380567,0.58502,0.307692,0.2,0.065
"146","s25d75","s25",75,10,"r01",0.200839657502948,0.0590765922052027,0.195063368628329,0.0725320361306468,0.199452509035343,0.0529262713568627,0.0596638011655485,0.198906512050422,7232.99093307062,7173.89976359752,7604.20238079058,7093.90568354305,7136.96924851523,4946.41306763333,5804.89019009218,4891.58688955209,4957.27774933285,0.449393,0.672065,0.37247,0.2,0.065
"147","s25d75","s25",75,10,"r02",0.206818986419277,0.0480790878178533,0.201963161645477,0.0586774772458074,0.202211902045093,0.0521224489326462,0.047602099804147,0.20543947365891,7429.95545210202,7330.09169299902,7712.84741176648,7290.48251321708,7292.80046954096,5134.75063382883,5957.62733373764,5184.77647814424,5141.00778185023,0.48583,0.582996,0.412955,0.2,0.065
"148","s25d75","s25",75,10,"r03",0.207388079398185,0.0443502914743902,0.208964882417704,0.0394809097988597,0.204874858894281,0.0412021434639389,0.0464738274383534,0.203308746692749,7360.54351548092,7276.64434545944,7522.54103692271,7225.22071863287,7226.64396969911,5010.49280540261,5576.19138165969,5053.50713278168,5056.15852179698,0.48583,0.562753,0.380567,0.2,0.065
"149","s25d75","s25",75,10,"r04",0.202092232070331,0.0459806894314905,0.201310109287777,0.0536096058652344,0.199216440792211,0.0468457470047856,0.0494055658414585,0.199145729537986,7312.59616620448,7206.83361615714,7582.10202103504,7164.61683565514,7172.44022596251,5051.40517354868,5757.20866907867,5098.53204837778,5062.45454246072,0.48583,0.603239,0.396761,0.2,0.065
"150","s25d75","s25",75,10,"r05",0.208848710214856,0.0425050600341245,0.209372787102398,0.04162716128586,0.205638715893343,0.0456373764754129,0.0441342882417935,0.206586349086512,7270.93580063475,7164.13287965344,7403.09535222858,7144.112609456,7126.96872736658,4776.31963938146,5337.98032058356,4846.44764185235,4786.18881395121,0.497976,0.61336,0.360324,0.2,0.065
"151","s50d50","s50",50,1,"r01",0.146556576648079,0.140933479872122,0.147123740320705,0.136643178151511,0.143760528484949,0.133689516294203,0.143810733949665,0.140921985983057,7121.47570078503,7030.58063915185,7568.72520298352,6987.3522716556,6983.45831801073,4897.90542023266,5842.59558320409,4977.83097942539,4913.90842436369,0.360324,0.548583,0.251012,0.143,0.134
"152","s50d50","s50",50,1,"r02",0.141461657835922,0.149737669339727,0.134749176770267,0.168195711805623,0.134300271512071,0.148680930068566,0.155249846704668,0.135046076442931,6978.07886950746,6928.78428076583,7553.65744020987,6854.97817939863,6863.57867727462,4711.92062395816,5754.44657931457,4803.19857974536,4741.22920694925,0.469636,0.611336,0.352227,0.143,0.134
"153","s50d50","s50",50,1,"r03",0.145203419455365,0.138090477487189,0.136020962695788,0.162454760020385,0.138365110656369,0.141211701786875,0.13421494309963,0.143142783242429,7168.16709576647,7097.89879281105,7600.5216462538,7030.65691373947,7047.41639857654,4990.52714405509,5846.53957396196,5072.3662886005,5006.24391017589,0.489879,0.603239,0.37247,0.143,0.134
"154","s50d50","s50",50,1,"r04",0.143585992942767,0.151832196470071,0.140391381076956,0.164437287523214,0.140287289976568,0.144852858183485,0.150138970073217,0.140660412321727,7115.83168620166,7046.68098222287,7706.99409969927,6984.75578063806,6985.30428117838,4861.41254380149,5931.12633053,4935.28993687726,4874.0885280008,0.396761,0.558704,0.279352,0.143,0.134
"155","s50d50","s50",50,1,"r05",0.148268751691059,0.130629868915735,0.147235308483415,0.132095103389094,0.143978710463902,0.126537512461528,0.137233185190714,0.14207236228992,7169.51664314748,7083.33850791694,7578.80459877321,7031.92869663746,7024.02108357942,4986.98406953933,5883.87569901805,5070.49371495085,5026.95206447852,0.437247,0.611336,0.336032,0.143,0.134
"156","s50d50","s50",50,2,"r01",0.138520770784807,0.153909872653133,0.129564643247299,0.174373402528855,0.137445604108982,0.14714848609715,0.152539414746229,0.135829534187542,7123.64761934781,6995.57762284474,7616.64527062225,6991.90709498363,6962.33798415847,5305.84124186298,6417.75555863426,5372.67851337218,5314.85190040526,0.340081,0.61336,0.246964,0.143,0.134
"157","s50d50","s50",50,2,"r02",0.143764500398621,0.146701060479289,0.144376717099108,0.133985528153634,0.141417953749683,0.140004977409875,0.149433537902284,0.13985173446507,7158.0867567629,7066.826620838,7468.09368721525,7026.87694996334,7027.32124575662,5431.00876785333,6262.42514641116,5498.13784796556,5434.84174765142,0.412955,0.558704,0.311741,0.143,0.134
"158","s50d50","s50",50,2,"r03",0.144565232784418,0.14806728828696,0.139854239538375,0.160878311993241,0.141775409956521,0.141805287271448,0.153768154749821,0.139195346411486,7355.99120115168,7271.08187590042,7603.55403494245,7217.23509405327,7207.9240830504,5753.41119142331,6441.4917008599,5830.86617487288,5770.32065906535,0.425101,0.544534,0.315789,0.143,0.134
"159","s50d50","s50",50,2,"r04",0.147532271902709,0.137480517717386,0.142768680549028,0.148608545615223,0.140441470982453,0.149842304215726,0.14998223096066,0.139688600909248,7165.83553630985,7060.35619319764,7580.62361629947,7025.20560398517,6995.26663268525,5400.27508366683,6434.48820926254,5505.28179332598,5419.11018877514,0.417004,0.615385,0.279352,0.143,0.134
"160","s50d50","s50",50,2,"r05",0.142671425942418,0.13455268415348,0.136858186115478,0.147055989773724,0.136868665330491,0.138232963858027,0.138468767239749,0.136945148556943,7358.86023072073,7298.49996767226,7852.29533129233,7229.10061616543,7236.2998641107,5878.64517885831,6923.42429285778,5905.97159754039,5910.67188997615,0.380567,0.62753,0.311741,0.143,0.134
"161","s50d50","s50",50,3,"r01",0.15979410994357,0.118472148113306,0.144787919719344,0.154228749001322,0.151414257239157,0.129619625399064,0.133340435591902,0.14927776780006,7584.12268255848,7491.5120850135,8064.07065451918,7422.27667938496,7409.08137100979,6010.17371324881,7084.78760603268,6078.26353183742,6024.28508472094,0.425101,0.595142,0.291498,0.143,0.134
"162","s50d50","s50",50,3,"r02",0.155557135318593,0.125482826765939,0.152898501130698,0.127957206653766,0.151051600576953,0.127199646963645,0.125493079287589,0.151589161366331,7474.24786065368,7380.08346626109,7885.89654983698,7326.71585727742,7318.54317099045,5929.55157953509,6990.0592686699,5955.4127269065,5929.85114230821,0.384615,0.576923,0.234818,0.143,0.134
"163","s50d50","s50",50,3,"r03",0.155200172929172,0.102402383748135,0.155265133330424,0.108972128884583,0.151633351760687,0.105581398836618,0.109397216926621,0.149302572709029,7600.19414930265,7486.57451900438,8152.90312411942,7451.24397833932,7448.4448913824,6142.83013905918,7451.25801185667,6152.79170140489,6170.28308785325,0.376518,0.566802,0.275304,0.143,0.134
"164","s50d50","s50",50,3,"r04",0.145930367245302,0.122972852255626,0.142817177752094,0.124797418968544,0.14108456048362,0.126771569877626,0.119468905217275,0.14386091917519,7511.44948758987,7362.82428641185,7848.61723839082,7346.70324296049,7321.57400880625,6038.51122297352,6921.74513853576,6118.37764388467,6055.30524580805,0.356275,0.552632,0.218623,0.143,0.134
"165","s50d50","s50",50,3,"r05",0.146079853723048,0.109784328838533,0.143079077157985,0.119890078912055,0.140873520029681,0.117298287596201,0.11055046848601,0.142262091077699,7523.69091478512,7422.40906153371,7891.25104038323,7374.96429091912,7370.80493439116,6112.50317316741,6994.29821083504,6118.17798430064,6124.73672108922,0.356275,0.538462,0.291498,0.143,0.134
"166","s50d50","s50",50,4,"r01",0.139353915943833,0.149640379183347,0.13451120362798,0.164842582041906,0.137099298386904,0.141094560025527,0.146541744405965,0.135735010763555,7000.50094897959,6927.43368832595,7310.63197086252,6860.3484315432,6857.14089951762,5087.30988389161,5801.8039829263,5125.461466122,5112.72310732948,0.376518,0.532389,0.218623,0.143,0.134
"167","s50d50","s50",50,4,"r02",0.137137313498689,0.155144071268386,0.133645261204887,0.163927855587157,0.137694826916018,0.138681589971792,0.153515844855771,0.134605017990762,7065.91095223722,7033.82103676797,7565.21495916763,6939.52626284702,6981.54040447338,5234.59734099166,6162.41747874964,5217.99349769744,5263.19312152468,0.396761,0.558704,0.303644,0.143,0.134
"168","s50d50","s50",50,4,"r03",0.136286266838955,0.155582152836444,0.13442143819211,0.158548133236808,0.136472799717553,0.132975200885165,0.140772239303727,0.13368442457232,7034.14749397389,7007.1468690136,7522.52826324447,6912.12641973985,6907.01564336239,5186.46990439388,6092.12577119632,5230.01750360868,5200.06141212018,0.360324,0.59919,0.222672,0.143,0.134
"169","s50d50","s50",50,4,"r04",0.13330269580025,0.164143970806428,0.132711877984141,0.166783490343199,0.134674439252306,0.138236547729989,0.14641117088308,0.13413422027928,7090.24007473067,7032.73941245684,7491.97742157986,6946.26616811363,6959.8699440851,5256.08925665008,6096.1674328588,5281.77697917392,5259.43744572037,0.376518,0.582996,0.299595,0.143,0.134
"170","s50d50","s50",50,4,"r05",0.130571871920394,0.178454207483067,0.126552646445767,0.179615876721494,0.133062808632713,0.15075003779773,0.154948891630727,0.131895315581129,6863.15163224056,6821.72033043383,7360.73694865326,6717.04649355905,6734.29322701816,4957.34722008999,5890.27254865106,4950.44632193752,4961.9408567744,0.352227,0.558704,0.242915,0.143,0.134
"171","s50d50","s50",50,5,"r01",0.141636905881864,0.15238257067778,0.126773018409447,0.193586736740685,0.13851919538605,0.137359309146806,0.139365058468765,0.139359426601423,6995.59826210144,7003.45542492277,7456.00374451659,6853.82451262366,6932.50013793985,4842.65723446306,5548.93020515501,4815.9650283043,4887.39982205409,0.51417,0.611336,0.445344,0.143,0.134
"172","s50d50","s50",50,5,"r02",0.150737867576815,0.157581186316878,0.131098918373404,0.204956921721753,0.149152918405925,0.141260237543334,0.169004310545207,0.140640730939619,7070.94362938395,7123.2866605256,7481.62941575332,6938.21825655709,7039.27151045121,4822.62752880018,5503.23195101401,4728.23451161156,4876.14142111465,0.441296,0.67004,0.376518,0.143,0.134
"173","s50d50","s50",50,5,"r03",0.14450666270723,0.152335504039643,0.128311436996059,0.204510397347941,0.139292157532665,0.150098358483199,0.158724953120769,0.138684592689748,7063.7041413227,7066.25393846087,7521.12866109619,6934.02547568647,7004.23772100646,4837.7941357337,5573.88537792606,4815.13362708002,4852.73030311183,0.502024,0.639676,0.368421,0.143,0.134
"174","s50d50","s50",50,5,"r04",0.138215514267397,0.171613734837195,0.13123329939455,0.190795692683946,0.141541460476025,0.129577135130485,0.140859125303021,0.139714589371744,6852.1704902515,6961.11556517859,7436.7022848361,6729.48937315189,6857.98585902513,4682.97842774999,5463.71198582868,4566.57730791595,4724.29149314439,0.461538,0.578947,0.331984,0.143,0.134
"175","s50d50","s50",50,5,"r05",0.145713417362897,0.152915708420296,0.136416140652281,0.180385162378235,0.144251164791559,0.1312597792466,0.14346864631201,0.14090555869282,6900.15030620663,6981.57959426511,7244.53944145573,6751.84411853374,6882.21433947835,4656.27897908342,5114.17162416376,4517.47782740369,4711.50194977678,0.518219,0.59919,0.42915,0.143,0.134
"176","s50d50","s50",50,6,"r01",0.140555287266427,0.138792811325555,0.135679384612071,0.157325585710001,0.130543823738777,0.142676787733935,0.141838479792582,0.132746551014722,6749.04526765043,6713.68499978066,7078.71024140235,6618.1616231519,6648.47049593315,5077.48321406061,5660.08167082467,5077.09176466419,5083.58605850607,0.388664,0.481781,0.303644,0.143,0.134
"177","s50d50","s50",50,6,"r02",0.136989269692606,0.156634629118864,0.135595771145528,0.162840288337757,0.131893091085209,0.14774752138018,0.149812952083632,0.133623034909638,6561.72723553308,6485.71082571027,6883.56354413289,6422.65112030963,6426.05742533804,4707.51349490296,5440.90531899518,4779.23016493758,4726.09040336673,0.433198,0.538462,0.331984,0.143,0.134
"178","s50d50","s50",50,6,"r03",0.14188530809474,0.147188531275476,0.129859876129638,0.185925766870004,0.13351392871986,0.14719072289381,0.144628017842491,0.134162185198633,6789.25211048476,6697.9940941415,7138.26006762504,6640.33996239444,6612.22586529125,4998.68152819285,5735.05546492308,5087.42015213843,5016.14642006133,0.364372,0.589069,0.287449,0.143,0.134
"179","s50d50","s50",50,6,"r04",0.144456420557822,0.154641682865145,0.144608260701293,0.159620166675237,0.138690647100518,0.146344076879329,0.154967637093031,0.137256324162907,6769.57938682664,6710.71186031691,7181.15011583988,6640.80333073184,6641.51786388992,4954.737409269,5781.87702583359,5037.10404766543,4994.51643545082,0.396761,0.603239,0.315789,0.143,0.134
"180","s50d50","s50",50,6,"r05",0.146524538524224,0.143808756423607,0.145473248570514,0.152102826533252,0.142828890064558,0.131568710081759,0.13651935159234,0.142327745954126,6708.98408192226,6669.53584973986,7016.39931490071,6580.41560772736,6601.43876606402,4891.96467114157,5497.70701325828,4906.22855297333,4919.49443318154,0.453441,0.544534,0.348178,0.143,0.134
"181","s50d50","s50",50,7,"r01",0.142569030628692,0.155329235638947,0.144267882875549,0.152142570842423,0.141856680798343,0.14077751853314,0.14402048144313,0.141039384358866,6948.7269968421,6900.34727374499,7290.89154273896,6808.17049000831,6817.37397844019,5270.05331374623,5971.12924406881,5250.98702116344,5261.22657965067,0.40081,0.59919,0.291498,0.143,0.134
"182","s50d50","s50",50,7,"r02",0.144684758978166,0.14774864677707,0.137119051970197,0.166393993444004,0.141266984036047,0.142571582430712,0.142398600382589,0.141618130186422,6870.56152556619,6824.01780338014,7187.44215904993,6742.98157936821,6755.13195512116,5027.90850393588,5710.31656354056,5075.3566210729,5048.9428310093,0.331984,0.544534,0.263158,0.143,0.134
"183","s50d50","s50",50,7,"r03",0.140412608358995,0.143933509413543,0.139080033443348,0.142032324911595,0.139305490412386,0.137471731448107,0.136853285586553,0.139574614630345,6934.30918405015,6817.62433878407,7196.04115687815,6800.02348093273,6773.60527220797,5198.93835227027,5915.41785613867,5287.47597773609,5209.04526681202,0.352227,0.538462,0.271255,0.143,0.134
"184","s50d50","s50",50,7,"r04",0.134030511239192,0.173600878808407,0.137709689893286,0.156072432955736,0.136418197424725,0.143572507363965,0.151978772947322,0.133387261009901,6820.58605124147,6790.07891022827,7176.26424645272,6700.81490189129,6726.29709589738,5084.60534961582,5841.51086374104,5101.73799699934,5098.92306392047,0.380567,0.566802,0.287449,0.143,0.134
"185","s50d50","s50",50,7,"r05",0.147618433385592,0.14097117594768,0.143433699333689,0.150112200195516,0.144500604344088,0.126082372840417,0.126883920641118,0.144563848972454,6800.89251221862,6754.79834837461,7199.54009316795,6672.17148779062,6678.11980327927,5022.84796843166,5790.76002380898,5056.15457747781,5044.75062374518,0.37247,0.568826,0.263158,0.143,0.134
"186","s50d50","s50",50,8,"r01",0.149474544575277,0.132479673253485,0.147585087623699,0.139172461161113,0.144426229510222,0.137097310105813,0.135088420467787,0.145166799979993,6650.4951981417,6589.27351147904,6991.25483280471,6525.62716897143,6524.7186417351,4239.67652647603,4861.99964693227,4287.6827782281,4279.43391990073,0.404858,0.548583,0.251012,0.143,0.134
"187","s50d50","s50",50,8,"r02",0.145339390451227,0.132136778479222,0.14272393046934,0.146503270094662,0.143253748358304,0.123062376224152,0.129221005444179,0.140836621394625,6634.59030739454,6638.10872542275,7057.41539557367,6520.02094466281,6516.09502115527,4300.0125916932,4927.32548143384,4332.244711565,4300.80121834716,0.437247,0.603239,0.291498,0.143,0.134
"188","s50d50","s50",50,8,"r03",0.14018559954733,0.139297613212669,0.141706784348263,0.13957868297527,0.138873366787053,0.12533874685895,0.134845060615703,0.137251248612446,6596.80887287414,6613.61571705356,6990.88589257671,6461.79986044356,6529.40592147602,4347.24681284658,4946.54738899187,4337.48663765549,4389.88117998777,0.473684,0.607287,0.360324,0.143,0.134
"189","s50d50","s50",50,8,"r04",0.145083800058623,0.141116624436178,0.134405048421256,0.167534983491896,0.143704692847825,0.131161416495343,0.139090057360807,0.141824671858398,6563.74766602191,6527.01142851509,6982.17235071876,6438.19448904652,6432.17811403958,4238.72033269615,5020.15066806103,4297.91004982701,4232.46532684157,0.477733,0.595142,0.34413,0.143,0.134
"190","s50d50","s50",50,8,"r05",0.15184527470929,0.149409965787409,0.144371209800607,0.167129164192202,0.146817736882587,0.137068198224012,0.140884336326674,0.147891012186244,6673.80886605989,6698.19381449579,7109.36201370483,6555.40617836028,6574.7241182575,4280.00481252122,4934.83525864185,4301.59787073014,4275.53543541934,0.481781,0.568826,0.37247,0.143,0.134
"191","s50d50","s50",50,9,"r01",0.141996447911314,0.14810957007956,0.134632062317299,0.173842473347529,0.136299687004919,0.148380567363784,0.145072427733671,0.137344860780106,6963.2652077363,6908.08621144905,7329.57445430861,6829.39637707066,6811.31871628335,4979.7571101208,5668.4789624908,5029.22231605473,5006.88719419727,0.445344,0.623482,0.279352,0.143,0.134
"192","s50d50","s50",50,9,"r02",0.145497533117584,0.138768948758237,0.146820481800581,0.133510673197027,0.141070655018997,0.136748592764666,0.132142284155968,0.143516953701756,6965.38884355546,6877.38342197389,7297.27379299258,6837.1960440219,6828.11067123288,4950.73625909596,5619.55861043081,5024.86685844425,4980.78251421121,0.408907,0.623482,0.315789,0.143,0.134
"193","s50d50","s50",50,9,"r03",0.145296062982319,0.180572201566993,0.142301635742835,0.179031560986046,0.141085652606496,0.170129078311514,0.176521744531922,0.14113964689196,7079.80259731299,7045.34335727716,7357.26769488377,6947.9102296586,6974.60781823726,4993.59017034247,5667.90467524348,5074.16844773195,5062.57072958059,0.453441,0.593117,0.368421,0.143,0.134
"194","s50d50","s50",50,9,"r04",0.139441409107811,0.185409924349555,0.13619121582158,0.19064693423059,0.131925359281078,0.182919495884734,0.191069499927665,0.130331389549763,6782.27105974844,6714.0012684459,7117.67112248367,6646.17801390141,6638.80119130593,4620.29771808002,5289.6596895697,4689.38324983169,4646.33376763025,0.421053,0.558704,0.303644,0.143,0.134
"195","s50d50","s50",50,9,"r05",0.140496139560429,0.166601837033876,0.13881452456431,0.168084922137751,0.136612994620546,0.157025121627197,0.163750765925225,0.136288127502105,7002.98102453851,6924.1904231667,7265.60526478813,6872.805054762,6872.16091243848,4950.46405552844,5589.42644420254,5037.91260382299,4994.4058870345,0.412955,0.534413,0.279352,0.143,0.134
"196","s50d50","s50",50,10,"r01",0.146897350187852,0.132558482049499,0.138959652679871,0.144749762801822,0.137292752334036,0.141131333032912,0.142361720817235,0.136994369382158,6935.69797177633,6962.84067236655,7191.86522034352,6792.28874109573,6872.65735278977,5015.70283383561,5582.43287894632,4937.2455479593,5062.3303871009,0.48583,0.574899,0.408907,0.143,0.134
"197","s50d50","s50",50,10,"r02",0.15107629380888,0.125384611332175,0.141114793673116,0.147531870342042,0.142237370054975,0.130007101943035,0.132759479902065,0.142552268729674,6766.02090212616,6665.52585635017,7132.4162929106,6609.19921499358,6593.72536149977,4529.03683317952,5469.48464487297,4650.8486620654,4583.46187257018,0.425101,0.611336,0.299595,0.143,0.134
"198","s50d50","s50",50,10,"r03",0.16007212248596,0.109268324989721,0.153869681195534,0.119190107682653,0.150996247864032,0.116063515387636,0.123899808330086,0.148633500490061,6926.22892399546,6918.33517946474,7214.67310520227,6788.05587685174,6836.04123961599,4900.14003117999,5486.42576842878,4865.32062525688,4948.04986642544,0.530364,0.609312,0.42915,0.143,0.134
"199","s50d50","s50",50,10,"r04",0.151584083285839,0.116248059285273,0.145017806182539,0.132526128364831,0.148514878204474,0.112366032870538,0.121541972002525,0.145629313318615,6848.91950789664,6727.81259161171,7102.71381101796,6708.6307328392,6676.44241766667,4711.54630913128,5422.73509420059,4813.5518680334,4728.76250493398,0.48583,0.61336,0.360324,0.143,0.134
"200","s50d50","s50",50,10,"r05",0.141512931101714,0.126231183581989,0.130179288978121,0.149893167498865,0.131193616772603,0.137133977446917,0.140044808734439,0.132260889113083,6712.11342773947,6646.70079611785,7134.6663532551,6581.81291770889,6582.41747866167,4727.07955334911,5589.53469736157,4788.47327723222,4746.08334132602,0.469636,0.617409,0.348178,0.143,0.134
"201","s75d25","s75",25,1,"r01",0.0823381692643785,0.264210540329654,0.085018481923003,0.252291464999185,0.0804108694453737,0.214845206076603,0.250726306951798,0.0708574274668215,5575.10573404792,5669.36379826756,6109.86624152502,5424.53778036947,5492.33466518545,3813.21167486865,4395.32847993509,3830.89465560576,3845.3913610402,0.522267,0.587045,0.384615,0.077,0.208
"202","s75d25","s75",25,1,"r02",0.0838127467444994,0.265765836822067,0.0821299722004778,0.265296598161583,0.0846774966998968,0.212021812044352,0.22182103896038,0.0848138776737849,5750.77092619585,5806.88020237302,6473.38096405089,5624.36723353802,5648.35937113795,3981.33823424153,4865.58212314157,4070.80103130644,4011.57422132356,0.566802,0.706478,0.417004,0.077,0.208
"203","s75d25","s75",25,1,"r03",0.0759711784742281,0.261982422093756,0.0854622102781606,0.228518071980047,0.0803658214144781,0.209401309220156,0.225293326098545,0.0772041566640577,5842.05195363992,5942.78592819822,6536.82175220093,5722.27872033453,5771.14439720632,4259.21497017542,5207.67531427454,4232.3143932535,4276.87290853076,0.526316,0.62753,0.315789,0.077,0.208
"204","s75d25","s75",25,1,"r04",0.07556186595597,0.256086455474682,0.083436057713605,0.242645029058009,0.0739827684695606,0.211904510272242,0.227053841019584,0.0720388298341117,5632.01603565498,5674.935276983,6323.19179379166,5501.89554927727,5524.6011223382,3933.35530705784,4831.11800120207,4059.93818564368,3982.54981269791,0.477733,0.692308,0.364372,0.077,0.208
"205","s75d25","s75",25,1,"r05",0.0847411059310408,0.242386414003698,0.0882305831974882,0.228550727798768,0.0821256995596016,0.211748516887488,0.222755756402088,0.0821582382427897,5841.12369577566,5848.51014077521,6393.45874980194,5701.79428347368,5733.86999792974,4136.72147857908,4867.15562128979,4181.07093027462,4166.89903195242,0.473684,0.629555,0.34413,0.077,0.208
"206","s75d25","s75",25,2,"r01",0.0682517523160791,0.255801591552669,0.0647519601609842,0.277614179056887,0.0681115795681119,0.239985114006947,0.251671338587795,0.0630413424398366,6849.73017860566,6810.22270372431,7296.70705097525,6729.64835480997,6735.79629954322,6104.56220334873,6919.0739734118,6081.30047757348,6121.68656039467,0.327935,0.487854,0.157895,0.077,0.208
"207","s75d25","s75",25,2,"r02",0.0773230738966119,0.225581620529526,0.0722788965487072,0.241201596896986,0.0708598203941269,0.215165275458625,0.215851046919724,0.0711424939989859,6660.82079095895,6666.2603830378,7146.70949256977,6533.97062223259,6530.20176887439,5876.70397537166,6681.77080984088,5888.35833099844,5850.75649186431,0.352227,0.431174,0.121457,0.077,0.208
"208","s75d25","s75",25,2,"r03",0.074959478983927,0.223841784523631,0.070099149915412,0.242046005943732,0.0742623570161399,0.209546712472971,0.212715254668847,0.0719794905389457,6765.06205211823,6697.02536193301,7255.48549646994,6642.79358347282,6626.99747321536,5983.26921827166,6936.72562689536,6034.76156370523,6036.48508113053,0.287449,0.52834,0.153846,0.077,0.208
"209","s75d25","s75",25,2,"r04",0.0702375354128305,0.26406676804921,0.0611024393388605,0.302916387849963,0.0684851849850298,0.236595307977386,0.238442116311224,0.067828939445948,6703.38490354217,6737.37944031428,7219.07411261081,6579.02955896089,6567.79441990282,5896.12752154006,6636.5922835585,5886.05419414652,5852.3644831572,0.340081,0.483806,0.182186,0.077,0.208
"210","s75d25","s75",25,2,"r05",0.072182546922237,0.239409042135157,0.0703798420442853,0.259894854590773,0.0673227029306388,0.228687904446744,0.231146220432592,0.0662494149184679,6844.35397883884,6796.32750877843,7325.04371236246,6709.33744635659,6703.46123997488,6047.56565201315,6842.09035441953,6098.38238200393,6074.15128716209,0.291498,0.439271,0.17004,0.077,0.208
"211","s75d25","s75",25,3,"r01",0.0807256100829155,0.254551524642258,0.0753654058213933,0.277217314322664,0.0771939970072396,0.224802952134204,0.232363581949225,0.0767329723540214,6174.34070497312,6184.61381992548,6725.76065723622,6041.54095959376,6071.22893128064,5285.59379812306,6112.3896491279,5293.5173380446,5305.40646060214,0.336032,0.524291,0.206478,0.077,0.208
"212","s75d25","s75",25,3,"r02",0.0773537558032407,0.270363473872965,0.0630110269126149,0.330755188582302,0.0724039292296221,0.244481618556814,0.254166011536643,0.0718159420006685,6110.09558298062,6156.82907550684,6639.70128827821,5979.067896583,6030.37233494629,5178.01641996555,5810.080907387,5152.54752703724,5165.05231254412,0.421053,0.532389,0.259109,0.077,0.208
"213","s75d25","s75",25,3,"r03",0.0852503868418509,0.273208415165828,0.0791668285816455,0.316031691423707,0.0816804354653786,0.236044036390247,0.245149049096567,0.0804729810444656,6138.20946061048,6188.13753262375,6729.1306285161,6007.21144124622,6020.78101539644,5040.77414289205,5774.48488871686,5087.55369300111,5062.85373786749,0.45749,0.560729,0.275304,0.077,0.208
"214","s75d25","s75",25,3,"r04",0.0803659649809648,0.253964480412543,0.0721169052924859,0.294066688524221,0.0720209473421871,0.243216147325432,0.252498576711248,0.0714433889362253,6274.43493325884,6321.75613756878,6763.40582926182,6143.04710132948,6167.33310986284,5448.71777116397,6002.29354669349,5383.81482692135,5386.35421374882,0.445344,0.564777,0.275304,0.077,0.208
"215","s75d25","s75",25,3,"r05",0.0744991332443673,0.277222092993585,0.0720344001332175,0.31353291128774,0.0764191291125033,0.228877687734294,0.250293045575654,0.0751625803006966,6223.28801664366,6276.9989314601,6871.15125643932,6086.24896728363,6157.31506773197,5326.4384453325,6049.62351029377,5273.02718559617,5286.14406256846,0.445344,0.518219,0.356275,0.077,0.208
"216","s75d25","s75",25,4,"r01",0.0815379193107761,0.184743351107612,0.0791095312093976,0.184094089781881,0.074979722917987,0.177440770386107,0.168951377007731,0.078724848433608,6782.01206705842,6844.43624951307,7099.71355799557,6657.57192833459,6717.47091666959,5937.03872729846,6367.75838681,5876.6707602272,5965.25766872895,0.388664,0.47166,0.255061,0.077,0.208
"217","s75d25","s75",25,4,"r02",0.080554475488855,0.194610749372265,0.0803438619515401,0.188664991805812,0.0791725761435182,0.179563455239919,0.181945362902713,0.078538396302149,6720.90428567172,6726.52124129826,7069.19708272385,6591.70998345992,6649.55469188108,5768.76517940138,6286.36261144496,5725.73387929611,5785.73806857574,0.37247,0.469636,0.242915,0.077,0.208
"218","s75d25","s75",25,4,"r03",0.0743607384366081,0.210088200208783,0.0722948286670279,0.20574878113369,0.0678587346453528,0.200562897983593,0.203642061123891,0.0673720082059174,6699.70083243638,6686.37758881252,7023.06886265649,6577.08357390777,6584.51542415136,5742.07761759422,6352.04296875813,5778.83038929612,5771.1757606451,0.380567,0.459514,0.222672,0.077,0.208
"219","s75d25","s75",25,4,"r04",0.0757972805002585,0.226265292035808,0.0658010535392776,0.237935292620547,0.0761411854927385,0.193975726747137,0.206475575758669,0.0742075277991315,6624.28588193954,6610.60574808375,7221.3854048512,6486.55675627393,6533.27205782724,5518.08999886071,6577.41277664196,5499.45786646027,5560.15666243786,0.336032,0.564777,0.259109,0.077,0.208
"220","s75d25","s75",25,4,"r05",0.076020660609284,0.221121735704937,0.0781720559304183,0.208884815918492,0.0687195132330314,0.214002831077915,0.211304238226313,0.0708876785163325,6584.62940764865,6585.41996394649,6925.48958752224,6452.2665006735,6484.91336306817,5428.85935152125,5990.1894548707,5453.03030599707,5451.10876228514,0.356275,0.437247,0.222672,0.077,0.208
"221","s75d25","s75",25,5,"r01",0.0874484976625931,0.217916815061225,0.073819031828828,0.238938862376998,0.0741625845486324,0.220711930872183,0.21661690475783,0.0778914412569705,5798.67587132367,5722.3293113832,6068.89558676183,5658.99685462234,5620.5224660758,3679.93888393328,4268.84356968063,3832.29647090746,3718.13921218051,0.380567,0.589069,0.259109,0.077,0.208
"222","s75d25","s75",25,5,"r02",0.0862864920896198,0.219652137217984,0.0804302835825095,0.221975138601668,0.0750743220334673,0.210816762415867,0.209874026204628,0.076492349680036,5795.34984874704,5766.99857043939,6196.73121075465,5662.85867060355,5631.27141982408,3767.37715763289,4526.68662372565,3890.80938699231,3807.19985719472,0.45749,0.607287,0.299595,0.077,0.208
"223","s75d25","s75",25,5,"r03",0.0911254628586378,0.203804627591557,0.0924770287991064,0.196045898249447,0.0800172963986137,0.201433772546835,0.213057775651016,0.0803674019002992,5626.72281605983,5669.29968224285,6111.17209515309,5494.23923915554,5542.40454514711,3634.7177853369,4314.44380965367,3672.06662295024,3627.53002790613,0.510121,0.649798,0.315789,0.077,0.208
"224","s75d25","s75",25,5,"r04",0.0927728491485972,0.230367407322631,0.0855399094896966,0.232271349968753,0.0688108945450761,0.242070035939911,0.228072026411807,0.0788728769833672,5798.85680538192,5926.79222317461,6347.42939954642,5669.79041752352,5733.01413340469,3846.3734142913,4507.00682784029,3877.93070876742,3863.66936256401,0.534413,0.657895,0.348178,0.077,0.208
"225","s75d25","s75",25,5,"r05",0.077305897399882,0.274530474120819,0.0669909156639291,0.284222135908864,0.0618818307276588,0.2726535293923,0.274672245198025,0.0633918406844216,5836.12329979766,5886.60413442784,6357.04255635782,5705.66177424646,5725.356454424,3782.54947049309,4444.76529851392,3862.76974802401,3825.94337919029,0.473684,0.645749,0.352227,0.077,0.208
"226","s75d25","s75",25,6,"r01",0.094539521027458,0.186178843709199,0.092594347910009,0.184852242714161,0.080410491376784,0.20491150066491,0.20244239867257,0.0842797014139125,6188.3036800595,6101.67302520937,6404.60218067019,6046.86232760196,6046.10932246002,4553.68125785307,5062.12528082173,4651.65109382954,4564.06338924462,0.368421,0.465587,0.271255,0.077,0.208
"227","s75d25","s75",25,6,"r02",0.0812819426196424,0.208253013028693,0.0741439423583317,0.215558118601992,0.070138193098683,0.211989247040303,0.215117035996316,0.0694473790746144,5960.84382308655,5945.79886063713,6359.37558815541,5828.48729791414,5835.42688175022,4466.47644023623,5098.56286654446,4500.13669633217,4502.60587078124,0.425101,0.560729,0.263158,0.077,0.208
"228","s75d25","s75",25,6,"r03",0.0980555465976776,0.180059517135501,0.101868548449404,0.160573940688602,0.0849969378056206,0.189198810453001,0.186343421683207,0.0885876765618435,6088.31029297806,6027.89631007979,6331.55918858533,5952.20087460575,5951.03257201063,4424.2587112028,4877.76479134291,4509.82892777082,4448.54170497472,0.437247,0.487854,0.307692,0.077,0.208
"229","s75d25","s75",25,6,"r04",0.0953402260419436,0.1641501560579,0.0926987039536277,0.161654580972305,0.0774139574098083,0.182775704853998,0.186697351548226,0.0788913971827233,6122.61786140306,6108.39752586119,6551.56198123096,5986.4412278971,5991.13897538832,4631.37123750529,5358.12512773081,4728.89121202911,4663.1545864398,0.465587,0.550607,0.279352,0.077,0.208
"230","s75d25","s75",25,6,"r05",0.0785946334446519,0.217934551495504,0.0785282298143214,0.198459335892377,0.0697391557883976,0.206480104890805,0.214844779137541,0.0709653031996805,5983.07835578607,5969.71819079587,6328.58638801498,5852.20167978472,5860.97258149516,4496.95051781004,5160.99631477326,4604.52484624886,4544.49091634723,0.445344,0.554656,0.279352,0.077,0.208
"231","s75d25","s75",25,7,"r01",0.0818648154111369,0.257935826207799,0.0856583267718743,0.251050957006959,0.0809924121965773,0.234879548976393,0.236452132942125,0.0806531032247648,6928.72904356338,6889.38151141014,7341.30401189222,6776.71562279056,6807.06455097446,5698.94786723767,6377.51287414624,5673.22423494647,5729.90652300809,0.336032,0.449393,0.210526,0.077,0.208
"232","s75d25","s75",25,7,"r02",0.0850418717385506,0.222333544636992,0.0848747010828074,0.219817365515986,0.0880912625158995,0.196896709653501,0.208320350584182,0.0844404417834983,6833.7200940406,6751.33218850487,7150.50542071197,6678.50444143454,6699.83255898238,5599.78206831258,6283.52095087142,5595.95354579483,5614.85860006451,0.303644,0.421053,0.242915,0.077,0.208
"233","s75d25","s75",25,7,"r03",0.0835913361829728,0.245700515828726,0.079568078211503,0.259591732258301,0.0824931952997584,0.212553286512324,0.216375778987219,0.0810112321529764,6946.26797608725,6965.96154477322,7341.14280780019,6802.93652807915,6835.67032301837,5711.06149654237,6394.05213121805,5734.75346395916,5740.78352238939,0.352227,0.463563,0.186235,0.077,0.208
"234","s75d25","s75",25,7,"r04",0.0832155024552656,0.257736844521676,0.0758464325753172,0.278511866272809,0.0775729323148808,0.242189946417352,0.25170810559284,0.0759658712980962,6862.4593418773,6818.98313319606,7108.89496129637,6721.78295488856,6719.63833999369,5566.09162792804,6091.17472542285,5610.25935051859,5584.43311096081,0.356275,0.38664,0.226721,0.077,0.208
"235","s75d25","s75",25,7,"r05",0.0862807093729005,0.254222759703711,0.0846374669917324,0.25014714305418,0.0806103179545972,0.247314076294775,0.249349454308049,0.0815110504530805,6908.19114651321,6884.80121700463,7165.42830357014,6784.96828374055,6826.04044523153,5515.98239584299,5994.21205969148,5559.13000627443,5573.41563667511,0.336032,0.423077,0.182186,0.077,0.208
"236","s75d25","s75",25,8,"r01",0.0840540364523213,0.173796390532986,0.0813262696022421,0.1778507353241,0.0819073853834814,0.163521559977413,0.168162205159506,0.0819959062498847,7057.99106529511,6990.15814002288,7374.59947486589,6919.57957035588,6934.2071181124,5657.04904540446,6264.9687908721,5704.25557435788,5683.24684004084,0.303644,0.425101,0.218623,0.077,0.208
"237","s75d25","s75",25,8,"r02",0.0835322534428502,0.21298329093684,0.0826087647473369,0.22206431188421,0.0801124811205806,0.205018504526181,0.211519973719179,0.0797562164705877,7190.32095749202,7142.78533271057,7468.60176935373,7064.009870627,7078.31275289789,5665.3155907939,6135.55258614721,5712.24239892917,5690.95432171818,0.392713,0.477733,0.234818,0.077,0.208
"238","s75d25","s75",25,8,"r03",0.0758367239841178,0.202674761675046,0.0785347015726185,0.19121226634877,0.073561178869752,0.195626158093997,0.193384571461437,0.0753965789192489,7224.421723084,7184.99154470562,7479.86320729499,7085.75075076507,7127.32771210022,5838.15059080025,6276.4475969901,5835.72601697835,5851.9881244101,0.311741,0.455466,0.267206,0.077,0.208
"239","s75d25","s75",25,8,"r04",0.0872053108306318,0.179715749845125,0.082958467527063,0.198047737800295,0.0776582786117001,0.184500206689138,0.184625258602312,0.0804707422584432,7094.6244054088,7071.67702505098,7576.84570798014,6962.24408839337,6976.92820737123,5655.46033225102,6448.59698156266,5683.2920800871,5657.22068923295,0.352227,0.512146,0.202429,0.077,0.208
"240","s75d25","s75",25,8,"r05",0.0775161140040853,0.197951757047774,0.0781183137566927,0.194564534925494,0.0741215425073651,0.191422847286565,0.193522597280173,0.074354478863844,7164.74672282775,7089.55048032283,7479.31663820757,7014.16984030414,7033.23346209016,5748.7552237317,6311.26631803232,5746.55455424036,5768.97853408158,0.295547,0.48583,0.198381,0.077,0.208
"241","s75d25","s75",25,9,"r01",0.0762732168869492,0.27710531744659,0.0798247496905939,0.262042442504316,0.0747889938145026,0.240395174021266,0.244750988470077,0.0741165202726413,6466.09227857901,6490.05719869595,7132.04828404944,6343.54255245903,6362.56951519014,5316.67281689995,6330.35771383548,5351.41578866356,5358.68005312785,0.396761,0.534413,0.222672,0.077,0.208
"242","s75d25","s75",25,9,"r02",0.0771634220885332,0.233244184527549,0.07002104130883,0.258207475713928,0.070660736508206,0.220841092654272,0.224689590654881,0.0714745892006083,6528.14987644946,6484.08983162995,7107.46418292197,6394.95856866853,6396.04742965925,5486.19185447376,6357.43929532375,5565.17193741499,5522.2805516863,0.340081,0.522267,0.238866,0.077,0.208
"243","s75d25","s75",25,9,"r03",0.0780256719431709,0.22262791289299,0,0.443846017145412,0.0778637193878013,0.193260136642297,0.204456402222,0.0768619462531821,6440.9740414337,6390.22929164266,7023.98526483948,6318.84404684795,6323.21091544997,5378.71943191676,6220.03998801912,5462.11383449718,5404.08866837702,0.275304,0.504049,0.190283,0.077,0.208
"244","s75d25","s75",25,9,"r04",0.0765818125746326,0.240283476223822,0.0790326468820705,0.234817971332142,0.075541945283012,0.214379114804018,0.217075231053937,0.0759815398572404,6510.12705508532,6478.66003459974,7130.85107266455,6373.89458657695,6391.8003896414,5495.50416283751,6509.98228752004,5535.51696214715,5539.51825791458,0.319838,0.52834,0.238866,0.077,0.208
"245","s75d25","s75",25,9,"r05",0.0662235465752875,0.242623503628767,0.0637576345196237,0.252565232990498,0.0632026415200867,0.22463218198002,0.224914664971474,0.0631262438997181,6530.32904793443,6522.9611794147,7096.74303932178,6399.72119082171,6397.49255617282,5633.83560364866,6532.39267321218,5660.88341894327,5631.82527374701,0.311741,0.534413,0.186235,0.077,0.208
"246","s75d25","s75",25,10,"r01",0.0689288041160796,0.242505958071071,0.0654643418060897,0.247626019802971,0.06742233542034,0.207615541818941,0.217145590951387,0.0653752927161322,5722.42423930881,5731.96541133783,6235.27425990227,5594.83355921719,5605.57986515766,4074.08202920604,4822.85691461393,4116.64689945279,4108.03590210761,0.340081,0.548583,0.214575,0.077,0.208
"247","s75d25","s75",25,10,"r02",0.0888057935191567,0.221936049942926,0.0766923760954935,0.243254746511816,0.0842329833597171,0.192090704482162,0.198516301519547,0.0850665002780874,5840.1695732718,5843.87995995733,6574.59308002634,5718.26451884086,5725.86043465464,4107.21726941668,5238.26787085893,4185.34879510322,4133.25339978403,0.388664,0.572874,0.275304,0.077,0.208
"248","s75d25","s75",25,10,"r03",0.0729591005697642,0.243843789186684,0.0651817891862115,0.26332778298212,0.0679419301710197,0.223822434826008,0.229035498421433,0.0678928821216693,5850.61595156087,5828.30455682832,6390.48631215023,5715.45803972376,5722.17420089176,4123.37603561844,4890.63452764753,4190.88569762437,4164.72172420493,0.425101,0.58502,0.267206,0.077,0.208
"249","s75d25","s75",25,10,"r04",0.077403658839743,0.250221538932703,0.0722291421578051,0.259871496738092,0.072512375047228,0.228462615257123,0.244738963697457,0.0706112846936558,5864.56914392536,5876.3342368175,6372.08366927689,5730.13647263548,5770.30951282175,4150.38879114656,4920.83286614902,4200.039577325,4177.51306435995,0.356275,0.552632,0.251012,0.077,0.208
"250","s75d25","s75",25,10,"r05",0.0754905234401733,0.241335704884807,0.0575452529660539,0.273016739560257,0.0712133792926823,0.21411159949942,0.222371844138221,0.0706134424684415,5830.19442415273,5827.22030608713,6455.94271599937,5700.80827691824,5709.76523390199,4137.80493091788,5108.07114693008,4187.08741786272,4178.05248679937,0.45749,0.643725,0.315789,0.077,0.208
