((((((CAGCGTGCATAGGAGC-1:6.236,GAAATGAAGGTGCGAT-1:5.51)I16:2.884,CAGGGCTCAGGTTACT-1:5.093)I15:1.058,GCACGTGGTATGAGCG-1:8.15)I14:2.887,(CAATACGGTACCGTGC-1:5.615,ACACAGTGTGGATCAG-1:7.046)I13:3.268)I12:1.128,((((GGTAATCTCAGGGTAG-1:1.872,((TCCGGGAAGGTACAGC-1:1.005,ATCCACCAGCTCTTCC-1:0.005)I11:3.167,TTTGATCAGGACACTG-1:3.172)I10:2.876)I9:1.128,(((AAGTGAAGTACCTTCC-1:6.039,CAGTTAGGTGAGTAGC-1:3.874)I8:1.126,(GTTGTAGTCGTGTGAT-1:1,GCTGAATGTCGAATGG-1:2)I7:0)I6:0,CGAGTTAAGCAAACAT-1:6)I5:0)I4:1.02,(AGAAGCGTCCTTCTAA-1:7.041,GCACGGTGTGTGAGCA-1:5.157)I3:0.979)I2:2.989,GTGAGCCCAAGCGCTC-1:4.847)I1:1.163)c12:7.991)I0;
I0,0,0,0,0,0,0,0,0,0,0,0,0,0,0,0,0,0,0,0,0,0,0,0,0,0,0,0,0,0,0
c12,0,0,0,0,0,0,0,0,0,3,6,0,0,5,0,0,0,0,0,4,0,0,7,0,0,0,0,-1,-1,-1
I1,0,0,0,0,0:0.01/4:0.99,0,0,0,0,3,6,0,0,5,0,0,0,0,0,4,0,0,7,0,0,0:0.84/19:0.16,0,-1,-1,-1
GTGAGCCCAAGCGCTC-1,0,0,0,0,4,0,3,5,0,3,6,0,0,5,0,0,36,0,7,4,0,0,7,0,0,19,0,-1,-1,-1
I2,0,0,0,0,4,0,0,0,0,3,6,0,0,5,0,0,0,0,0,4,0,0,7,0,0:0.01/-1:0.99,0:0.01/-1:0.99,0:0.01/-1:0.99,-1,-1,-1
I3,0,0,0,0,4,0,0,0,0,3,6,0,0,5,0,0,0:0.88/1:0.12,0,0,4,0,0:0.15/13:0.85,7,0,-1,-1,-1,-1,-1,-1
GCACGGTGTGTGAGCA-1,0,0,0,0,4,0,4,33,0,3,6,0,0,5,0,-1,-1,-1,0,4,0,13,7,0,-1,-1,-1,-1,-1,-1
AGAAGCGTCCTTCTAA-1,-1,-1,-1,3,4,0,11,18,0,3,6,0,0,5,0,0,1,0,0,4,0,13,7,0,-1,-1,-1,-1,-1,-1
I4,0,0,0,0,4,0,0,5,0,3,6,0,0,5,0,0,0,0,0,4,0,0,7,0,-1,-1,-1,-1,-1,-1
I5,0,0,0,0,4,0,0,5,0,3,6,0,0,5,0,0,0,0,0,4,0,0,7,0,-1,-1,-1,-1,-1,-1
CGAGTTAAGCAAACAT-1,14,3,0,6,4,0,0,5,0,3,6,0,0,5,0,-1,-1,-1,0,4,0,0,7,0,-1,-1,-1,-1,-1,-1
I6,0,0,0,0,4,0,0,5,0,3,6,0,0,5,0,0,0,0,0,4,0,0,7,0,-1,-1,-1,-1,-1,-1
I7,0,0,0,0,4,0,0,5,0,3,6,0,0,5,0,0,0,0,0,4,0,0,7,0,-1,-1,-1,-1,-1,-1
GCTGAATGTCGAATGG-1,0,33,0,0,4,0,6,5,0,3,6,0,0,5,0,0,0,0,0,4,0,0,7,0,-1,-1,-1,-1,-1,-1
GTTGTAGTCGTGTGAT-1,0,0,0,0,4,0,0,5,0,3,6,0,29,5,0,0,0,0,0,4,0,0,7,0,-1,-1,-1,-1,-1,-1
I8,0,0,0,0,4,0,0,5,0,3,6,0,0:0.04/3:0.96,5,0,0,0,0,0:0.84/7:0.16,4,0,0,7,0,-1,-1,-1,-1,-1,-1
CAGTTAGGTGAGTAGC-1,0,0,0,0,4,0,6,5,0,3,6,0,3,5,0,0,24,4,7,4,0,0,7,0,-1,-1,-1,-1,-1,-1
AAGTGAAGTACCTTCC-1,0,4,0,0,4,0,3,5,0,3,6,0,3,5,0,0,6,0,-1,-1,-1,0,7,0,-1,-1,-1,-1,-1,-1
I9,0,0,0,0,4,0,0,5,0,3,6,0,0,5,0,0,0:0.84/1:0.16,0,0,4,0,0:0.04/1:0.96,7,0,-1,-1,-1,-1,-1,-1
I10,0,0,0,0,4,0,0,5,0,3,6,0,0,5,0,0:0.05/-1:0.94/1:0.008/2:0.009/6:0.008/8:0.001/9:0.009/10:0.007/12:0.003/15:0.008/18:0.001/19:0.006/22:0.001/24:0.002,0:0.04/-1:0.94/1:0.02,0:0.05/-1:0.94/1:0.006/3:0.001,0,4,0,1,7,0,-1,-1,-1,-1,-1,-1
TTTGATCAGGACACTG-1,0,0,0,0,4,0,0,5,0,3,6,0,0,5,0,-1,-1,-1,-1,-1,-1,1,7,0,-1,-1,-1,-1,-1,-1
I11,-1,-1,-1,0,4,0,0,5,0,3,6,0,0,5,0,-1,-1,-1,0,4,0,1,7,0,-1,-1,-1,-1,-1,-1
ATCCACCAGCTCTTCC-1,-1,-1,-1,0,4,0,0,5,0,3,6,0,0,5,0,-1,-1,-1,0,4,0,1,7,0,-1,-1,-1,-1,-1,-1
TCCGGGAAGGTACAGC-1,-1,-1,-1,3,4,0,0,5,0,3,6,0,0,5,0,-1,-1,-1,0,4,0,1,7,0,-1,-1,-1,-1,-1,-1
GGTAATCTCAGGGTAG-1,0,0,0,18,4,0,0,5,0,3,6,0,0,5,0,0,1,0,0,4,0,1,7,0,-1,-1,-1,-1,-1,-1
I12,0,0,0,0,0,0,0,0:0.03/5:0.97,0,3,6,0,0,5,0,0,0,0,0,4,0,0,7,0,0:0.93/7:0.07,0:0.93/15:0.07,0,-1,-1,-1
I13,0:0.67/10:0.33,0:0.67/16:0.33,0,0,0:0.04/1:0.96,0,0,5,0,3,6,0,6,5,0,0,0,0,0,4,0,0,7,0,0:0.62/7:0.38,0:0.62/15:0.38,0,-1,-1,-1
ACACAGTGTGGATCAG-1,-1,-1,-1,0,1,0,0,5,0,3,6,0,6,5,0,0,6,0,0,4,0,0,7,0,-1,-1,-1,-1,-1,-1
CAATACGGTACCGTGC-1,10,16,0,0,1,0,4,5,0,3,6,0,6,5,0,1,21,0,0,4,0,0,7,0,7,15,0,-1,-1,-1
I14,0,0,0,0,0,0,0,5,0,3,6,0,0,5,0,0,0,0,0,4,0,0,7,0,0:0.04/-1:0.95/7:0.01,0:0.04/-1:0.95/15:0.01,0:0.05/-1:0.95,-1,-1,-1
GCACGTGGTATGAGCG-1,-1,-1,-1,1,12,0,4,5,0,3,6,0,25,5,0,0,34,0,0,4,0,0,7,0,-1,-1,-1,-1,-1,-1
I15,0,0,0,0,0,0,0:0.06/6:0.94,5,0,3,6,0,0,5,0,0,0,0,0,4,0,0,7,0,0:0.01/-1:0.99,0:0.01/-1:0.99,0:0.01/-1:0.99,-1,-1,-1
CAGGGCTCAGGTTACT-1,0,25,0,6,17,0,6,5,0,3,6,0,0,5,0,0,3,0,0,4,0,24,7,0,-1,-1,-1,-1,-1,-1
I16,0,0,0,0,0:0.73/23:0.27,0,6,5,0,3,6,0,0,5,0,0,0,0,0:0.15/-1:0.83/1:0.017/2:0.001/4:0.017/6:0.004/7:0.016/9:0.005/10:0.012/11:0.001/13:0.018/16:0.016/17:0.014/18:0.002,-1:0.83/4:0.17,0:0.15/-1:0.83/1:0.001/3:0.002,0,7,0,-1,-1,-1,-1,-1,-1
GAAATGAAGGTGCGAT-1,0,3,0,-1,-1,-1,6,5,0,3,6,0,0,5,0,0,31,0,-1,-1,-1,0,7,0,-1,-1,-1,-1,-1,-1
CAGCGTGCATAGGAGC-1,0,24,0,0,23,0,6,5,0,3,6,0,17,5,0,9,1,0,-1,-1,-1,23,7,0,-1,-1,-1,-1,-1,-1
((((CCACGAGGTGCAACAG-1:2,((CGTTGGGAGTAGCAAT-1:1,GGGAAGTAGGCGCTCT-1:1)I23:0,TCATTACTCGCATTAG-1:1)I22:0)I21:14.288,TTCTAGTAGTCATGAA-1:14.332)I20:0.75,(((((TAAGCGTGTCCACGCA-1:5,TCCTAATCAATCGTCA-1:0.952)I19:1.048,GGGTGTCGTGTTCATG-1:7)I18:0,(AGAAATGAGGTTCTTG-1:4.009,CCTCAGTTCCGGGACT-1:0.351)I17:10.649)I16:0,GCCGATGAGTAATACG-1:13)I15:0,((CGCCATTAGCTTAGTC-1:4.002,(GTTATGGTCCATTCGC-1:0,ATTCTTGAGTGCGTCC-1:2)I14:0.002)I13:6.999,((((CCTCAACCAGGAACCA-1:15,(CGGGTCAGTGAGTTTC-1:1.666,CATGGATAGTGGACTG-1:11.105)I12:5.334)I11:0,TATGTTCAGACTTCGT-1:14)I10:0,((AAGCCATCACCAGTTA-1:3.045,(GAGAAATTCGTCAAAC-1:3.01,GATTCTTTCCGCTGTT-1:4.01)I9:1.035)I8:3.972,CATGCTCGTCCTTAAG-1:1.539)I7:4.461)I6:0,(TGAACGTGTCACCTTC-1:7.197,ACTGATGAGGTATTGA-1:14.042)I5:0.958)I4:0)I3:3)I2:0)I1:3)I0;
I0,0,0,0,0,0,0,0,0,0,0,0,0,0,0,0,0,0,0,0,0,0,0,0,0,0,0,0,0,0,0
I1,0,0,0,0,0,0,0,0,0,0,0,0,0,0,0,0,0,0,0,0,0,0,0,0,0,0,0,-1,-1,-1
I2,0,0,0,0,0,0,0,0,0,0,0,0,0,0,0,0,0,0,0,0,0,0,0,0,0,0,0,-1,-1,-1
I3,0,0,0,0,0,0,0,0,0,0,0,0,0,0,0,0,0,0,0,0,0,0,0,0,-1,-1,-1,-1,-1,-1
I4,0,0,0,0,0,0,0,0,0,0,0,0,0,0,0,0,0,0,0,0,0,0,0,0,-1,-1,-1,-1,-1,-1
I5,0,0,0,0,0:0.2/3:0.8,0,0,0,0,0,0,0,0,0,0,0,0,0,0,0:0.92/7:0.08,0:0.92/1:0.08,0,0,0,-1,-1,-1,-1,-1,-1
ACTGATGAGGTATTGA-1,6,12,0,0,3,0,8,14,0,8,11,0,9,15,0,8,15,0,0,7,1,10,15,0,-1,-1,-1,-1,-1,-1
TGAACGTGTCACCTTC-1,0,0,0,3,3,0,0,0,0,0,29,0,0,0,0,0,0,0,-1,-1,-1,1,7,0,-1,-1,-1,-1,-1,-1
I6,0,0,0,0,0,0,0,0,0,0,0,0,0,0,0,0,0,0,0,0,0,0,0,0,-1,-1,-1,-1,-1,-1
I7,0,0,0,0,0,0,0,0,0,0,0,0,2,4,0,0,0,0,0,0:0.53/23:0.47,0,0:0.01/4:0.99,6,0,-1,-1,-1,-1,-1,-1
CATGCTCGTCCTTAAG-1,11,0,0,0,0,0,0,0,0,0,0,0,2,4,0,0,0,0,0,23,0,4,6,0,-1,-1,-1,-1,-1,-1
I8,0,0,0,0,0,0,0,0,0,0,5,0,2,4,0,0,0,0,0:0.01/-1:0.99,0:0.01/-1:0.99,0:0.01/-1:0.99,4,6,0,-1,-1,-1,-1,-1,-1
I9,0,0,0,0,0,0,0,36,0,0,5,0,2,4,0,0,0,0,-1,-1,-1,4,6,0,-1,-1,-1,-1,-1,-1
GATTCTTTCCGCTGTT-1,16,0,0,0,0,0,21,36,0,7,5,0,2,4,0,0,6,0,-1,-1,-1,4,6,0,-1,-1,-1,-1,-1,-1
GAGAAATTCGTCAAAC-1,0,0,0,0,0,0,20,36,0,22,5,0,2,4,0,0,33,0,-1,-1,-1,4,6,0,-1,-1,-1,-1,-1,-1
AAGCCATCACCAGTTA-1,0,0,0,0,0,0,1,4,0,0,5,0,2,4,0,0,5,0,-1,-1,-1,4,6,0,-1,-1,-1,-1,-1,-1
I10,0,0,0,0,0,0,0,0,0,0,0,0,0,0,0,0,0,0,0,0,0,0,0,0,-1,-1,-1,-1,-1,-1
TATGTTCAGACTTCGT-1,0,1,0,22,1,0,11,18,0,19,32,0,8,45,0,21,37,0,0,14,0,2,32,0,-1,-1,-1,-1,-1,-1
I11,0,0,0,0,0,0,0,0,0,0,0,0,0,0,0,0,0,0,0,0,0,0,0,0,-1,-1,-1,-1,-1,-1
I12,0,0:0.01/8:0.99,0,0,0,0,0,0:0.03/10:0.97,0,0,0:0.03/10:0.97,0,0,0:0.01/1:0.99,0,0,0,0,0,0:0.56/28:0.44,0,0,0:0.03/10:0.97,0,-1,-1,-1,-1,-1,-1
CATGGATAGTGGACTG-1,1,8,0,0,24,0,3,10,0,19,10,0,1,1,0,2,25,5,-1,-1,-1,0,10,0,-1,-1,-1,-1,-1,-1
CGGGTCAGTGAGTTTC-1,0,8,0,0,0,0,0,10,0,0,10,0,0,1,0,0,24,0,0,28,0,0,10,0,-1,-1,-1,-1,-1,-1
CCTCAACCAGGAACCA-1,13,28,0,3,10,0,19,32,0,1,23,0,18,2,0,15,28,0,0,24,0,27,37,0,-1,-1,-1,-1,-1,-1
I13,0,20,0,0,0,0,0,25,0,12,13,0,0,27,0,0,6,0,0,15,0,0,0,0,-1,-1,-1,-1,-1,-1
I14,0,20,0,0,0,0,0,25,0,12,13,0,0,27,0,0,6,0,0,15,0,0,0,0,-1,-1,-1,-1,-1,-1
ATTCTTGAGTGCGTCC-1,0,20,0,0,0,0,0,25,0,12,13,0,0,27,0,0,6,0,0,15,0,15,2,0,-1,-1,-1,-1,-1,-1
GTTATGGTCCATTCGC-1,0,20,0,0,0,0,0,25,0,12,13,0,0,27,0,0,6,0,0,15,0,0,0,0,-1,-1,-1,-1,-1,-1
CGCCATTAGCTTAGTC-1,0,20,0,0,16,0,0,25,0,12,13,0,0,27,0,0,6,0,0,15,0,-1,-1,-1,-1,-1,-1,-1,-1,-1
I15,0,0,0,0,0,0,0,0,0,0,0,0,0,0,0,0,0,0,0,0,0,0,0,0,0,0,0,-1,-1,-1
GCCGATGAGTAATACG-1,18,32,0,7,35,0,22,37,0,0,12,0,0,0,0,0,35,0,-1,-1,-1,0,46,0,0,26,0,-1,-1,-1
I16,0,0,0,0,0,0,0,0,0,0,0,0,0,0,0,0,0,0,0,0,0,0,0,0,0,0,0,-1,-1,-1
I17,0,14,0,0,11,0,9,17,0,0,5,0,0,16,0,0,4,0,0,9,0,0,7,0,0:0.17/9:0.83,0:0.17/19:0.83,0,-1,-1,-1
CCTCAGTTCCGGGACT-1,0,14,0,0,11,0,9,17,0,0,5,0,0,16,0,0,4,0,0,9,0,0,7,0,9,19,0,-1,-1,-1
AGAAATGAGGTTCTTG-1,0,14,0,0,11,0,9,17,0,0,5,0,0,16,0,0,4,0,4,9,0,0,7,0,-1,-1,-1,-1,-1,-1
I18,0,0,0,0,0,0,0,0,0,0,0,0,0,0,0,0,0,0,0,0,0,0,0,0,0,0,0,-1,-1,-1
GGGTGTCGTGTTCATG-1,0,0,0,0,0,0,0,0,0,0,29,0,0,0,0,0,6,0,17,14,0,-1,-1,-1,0,0,0,-1,-1,-1
I19,0,0,0,0,0,0,0,0,0,0,0,0,0,0,0,0,0,0,0,0,0,0,0,0,0:0.48/1:0.52,0:0.48/1:0.52,0,-1,-1,-1
TCCTAATCAATCGTCA-1,0,0,0,0,0,0,0,0,0,0,0,0,0,0,0,0,0,0,0,0,0,0,0,0,1,1,0,-1,-1,-1
TAAGCGTGTCCACGCA-1,0,0,0,0,10,0,0,0,0,0,29,0,0,0,0,0,0,0,0,0,0,0,0,0,-1,-1,-1,-1,-1,-1
I20,0,0,0,0,0,0,0,0,0,0,0,0,0,0,0,0,0,0,0:0.76/-1:0.22/1:0.017/2:0.001/4:0.017/6:0.004/7:0.016/9:0.005/10:0.012/11:0.001/13:0.018/16:0.016/17:0.014/18:0.002,0:0.76/-1:0.22/1:0.018/2:0.015/4:0.017/5:0.008/6:0.002/7:0.001/8:0.006/9:0.011/10:0.003/12:0.001/13:0.002/14:0.018/15:0.001/16:0.006/17:0.002/18:0.001/19:0.012/20:0.003/21:0.003/22:0.005/23:0.018/24:0.003/26:0.012/29:0.01/33:0.008/34:0.002/35:0.002/36:0.001/38:0.001,0:0.76/-1:0.22/1:0.001/3:0.002,0,0,0,0,0:0.96/17:0.04,0,-1,-1,-1
TTCTAGTAGTCATGAA-1,4,6,0,6,7,0,0,8,0,0,9,0,0,2,0,0,1,0,-1,-1,-1,0,8,0,-1,-1,-1,-1,-1,-1
I21,0,0,0,0,6,0,17,30,0,7,21,0,19,29,0,16,26,0,-1,-1,-1,25,34,0,0,17,0,-1,-1,-1
I22,0,0,0,0,6,0,17,30,0,7,21,0,19,29,0,16,26,0,-1,-1,-1,25,34,0,0,17,0,-1,-1,-1
TCATTACTCGCATTAG-1,0,21,0,0,6,0,17,30,0,7,21,0,19,29,0,16,26,0,-1,-1,-1,25,34,0,0,17,0,-1,-1,-1
I23,0,0,0,0,6,0,17,30,0,7,21,0,19,29,0,16,26,0,-1,-1,-1,25,34,0,0,17,0,-1,-1,-1
GGGAAGTAGGCGCTCT-1,0,3,0,0,6,0,17,30,0,7,21,0,19,29,0,16,26,0,-1,-1,-1,25,34,0,0,17,0,-1,-1,-1
CGTTGGGAGTAGCAAT-1,0,30,0,0,6,0,17,30,0,7,21,0,19,29,0,16,26,0,-1,-1,-1,25,34,0,0,17,0,-1,-1,-1
CCACGAGGTGCAACAG-1,12,17,0,0,6,0,17,30,0,7,21,0,19,29,0,16,26,0,-1,-1,-1,25,34,0,0,17,0,-1,-1,-1
((((GGAGGATCACCACATA-1:2.013,GCTTTCGCAGTTACCA-1:1.013)I20:11.99,(TGCTTCGTCACCGGGT-1:4.016,AGGCCACAGCTGGTGA-1:4.467)I19:2.533)I18:0,(((TCTCTGGTCAGCCCAG-1:0.174,TCGATTTTCATGCAGT-1:3.004)I17:7.877,(((ACCAAACAGCGTCTCG-1:3.006,TCTTAGTCACAGCGCT-1:0.006)I16:0.998,(CCCTGATCATAGAATG-1:2,(((((((CGAGGAACATTCCTAT-1:2.017,ATTCTTGCACACGGAA-1:2.017)I15:0.983,AGAAATGCACTAAACC-1:4)I14:0,AACTTCTTCTAGAACC-1:2)I13:0,TTCGGTCCAAACTCTG-1:2)I12:0,TCATTACCAATTCTCT-1:2)I11:0,CGAATTGAGGAAGAAC-1:2)I10:0,GGTGTTAGTGCCAAGA-1:2)I9:0)I8:2.003)I7:2.048,TCGCTCAGTGAGTAAT-1:15.051)I6:0)I5:2.954,((CGAGAAGTCGGTCTAA-1:3.501,TGGGATTAGCGTTCCG-1:6.501)I4:5.122,(CACGTTCGTGAGATAT-1:2.554,TCAGTGACAGAGATTA-1:4.015)I3:9.545)I2:0.901)I1:0)c7:3)I0;
I0,0,0,0,0,0,0,0,0,0,0,0,0,0,0,0,0,0,0,0,0,0,0,0,0,0,0,0,0,0,0
c7,0,0,0,0,0,0,0,0,0,0,0,0,0,0,0,0,0,0,0,0,0,0,0,0,0,0,0,-1,-1,-1
I1,0,0,0,0,0,0,0,0,0,0,0,0,0,0,0,0,0,0,0,0,0,0,0,0,0,0,0,-1,-1,-1
I2,0,0,0,0,0,0,0,0,0,0,0,0,0,0,0,0,0:0.1/23:0.9,0,0,0,0,0,0,0,0,0,0,-1,-1,-1
I3,0,22,0,0,21,0,15,5,0,0,20,0,0,11,0,0,23,0,0,19,0,0,33,0,0:0.27/2:0.73,0:0.27/16:0.73,0,-1,-1,-1
TCAGTGACAGAGATTA-1,0,22,0,0,21,0,15,5,0,14,20,0,0,11,0,0,23,0,0,19,0,0,33,0,-1,-1,-1,-1,-1,-1
CACGTTCGTGAGATAT-1,0,22,0,0,21,0,15,5,0,16,20,0,0,11,0,2,23,0,0,19,0,0,33,0,2,16,0,-1,-1,-1
I4,0,0,0,0,0,0,0,0:0.01/33:0.99,0,0,26,0,0,32,0,0,23,0,0,0:0.48/38:0.52,0,0,0:0.02/10:0.98,0,0,0:0.48/21:0.52,0,-1,-1,-1
TGGGATTAGCGTTCCG-1,0,0,0,3,13,0,0,33,0,0,26,0,0,32,0,0,23,0,0,38,0,1,10,0,-1,-1,-1,-1,-1,-1
CGAGAAGTCGGTCTAA-1,0,0,0,0,0,0,0,33,0,0,26,0,0,32,0,0,23,0,-1,-1,-1,0,10,0,0,21,0,-1,-1,-1
I5,0,0,0,0,0,0,0,0,0,0,0,0,0,0,0,0,0,0,0:0.02/-1:0.98,0:0.02/-1:0.98,0:0.02/-1:0.98,0,0,0,0,0,0,-1,-1,-1
I6,0,0,0,0,0,0,0,0,0,0,0,0,0,0,0,0,0,0,0:0.02/-1:0.98,0:0.02/-1:0.98,0:0.02/-1:0.98,0,0,0,0,0,0,-1,-1,-1
TCGCTCAGTGAGTAAT-1,-1,-1,-1,0,39,0,0,13,6,0,0,0,30,2,6,9,24,0,-1,-1,-1,0,2,0,-1,-1,-1,-1,-1,-1
I7,0,0,0,0,0,0,0,0,0,0,4,0,0,0,0,0,4,0,-1,-1,-1,0,0,0,0,0,0,-1,-1,-1
I8,0,0,0,0,1,0,0,3,0,0,4,0,0,0,0,0,4,0,-1,-1,-1,0,0,0,0,0,0,-1,-1,-1
I9,0,0,0,0,1,0,0,3,0,0,4,0,0,0,0,0,4,0,-1,-1,-1,0,0,0,0,0,0,-1,-1,-1
GGTGTTAGTGCCAAGA-1,0,0,0,0,1,0,0,3,0,24,4,0,0,0,0,0,4,0,-1,-1,-1,0,25,0,0,0,0,-1,-1,-1
I10,0,0,0,0,1,0,0,3,0,0,4,0,0,0,0,0,4,0,-1,-1,-1,0,0,0,0,0,0,-1,-1,-1
CGAATTGAGGAAGAAC-1,0,0,0,0,1,0,0,3,0,0,4,0,0,0,0,0,4,0,-1,-1,-1,28,2,0,0,0,0,-1,-1,-1
I11,0,0,0,0,1,0,0,3,0,0,4,0,0,0,0,0,4,0,-1,-1,-1,0,0,0,0,0,0,-1,-1,-1
TCATTACCAATTCTCT-1,0,0,0,0,1,0,0,3,0,0,4,0,0,0,0,0,4,0,-1,-1,-1,11,16,0,0,0,0,-1,-1,-1
I12,0,0,0,0,1,0,0,3,0,0,4,0,0,0,0,0,4,0,-1,-1,-1,0,0,0,0,0,0,-1,-1,-1
TTCGGTCCAAACTCTG-1,0,0,0,0,1,0,0,3,0,0,4,0,0,0,0,0,4,0,-1,-1,-1,7,12,0,0,0,0,-1,-1,-1
I13,0,0,0,0,1,0,0,3,0,0,4,0,0,0,0,0,4,0,-1,-1,-1,0,0,0,0,0,0,-1,-1,-1
AACTTCTTCTAGAACC-1,0,0,0,0,1,0,0,3,0,0,4,0,0,0,0,0,4,0,-1,-1,-1,3,5,0,0,0,0,-1,-1,-1
I14,0,0,0,0,1,0,0,3,0,0,4,0,0,0,0,0,4,0,-1,-1,-1,0,0,0,0,0,0,-1,-1,-1
AGAAATGCACTAAACC-1,0,4,0,0,1,0,10,3,0,0,4,0,0,0,0,0,4,0,-1,-1,-1,2,19,0,0,0,0,-1,-1,-1
I15,0,0,0,0,1,0,0,3,0,0:0.02/14:0.98,4,0,0,0,0,0,4,0,-1,-1,-1,0,0,0,0,0,0,-1,-1,-1
ATTCTTGCACACGGAA-1,0,0,0,0,1,0,0,3,0,14,4,0,0,0,0,0,4,0,-1,-1,-1,21,30,0,0,0,0,-1,-1,-1
CGAGGAACATTCCTAT-1,0,0,0,0,1,0,0,3,0,14,4,0,0,0,0,0,4,0,-1,-1,-1,5,22,0,0,0,0,-1,-1,-1
CCCTGATCATAGAATG-1,0,0,0,0,1,0,0,3,0,0,4,0,0,0,0,0,4,0,-1,-1,-1,0,35,0,0,18,0,-1,-1,-1
I16,0,0,0,0,0,0,0,0,0,0,4,0,0,0,0,0,4,0,-1,-1,-1,0,0:0.01/10:0.99,0,0,0,0,-1,-1,-1
TCTTAGTCACAGCGCT-1,0,0,0,0,0,0,0,0,0,0,4,0,0,0,0,0,4,0,-1,-1,-1,0,10,0,0,0,0,-1,-1,-1
ACCAAACAGCGTCTCG-1,0,0,0,0,0,0,0,9,0,7,4,0,0,0,0,0,4,0,-1,-1,-1,6,10,0,0,0,0,-1,-1,-1
I17,0,0,0,3,13,0,0,33,0,0,26,0,0,32,0,0,23,0,-1,-1,-1,0,0:0.17/2:0.83,0,0,21,0,-1,-1,-1
TCGATTTTCATGCAGT-1,0,0,0,3,13,0,0,33,0,0,26,0,0,32,0,0,23,0,-1,-1,-1,-1,-1,-1,0,21,0,-1,-1,-1
TCTCTGGTCAGCCCAG-1,0,0,0,3,13,0,0,33,0,0,26,0,0,32,0,0,23,0,-1,-1,-1,0,2,0,0,21,0,-1,-1,-1
I18,0,0,0,0,0,0,0,0,0,0,0,0,0,0,0,0,0,0,0,0,0,0,0,0,0,0,0,-1,-1,-1
I19,0,0,0,0,0,0,0,0,0,0,4,0,0,0,0,0,0:0.02/4:0.98,0,0,0,0,0,0:0.45/7:0.55,0,0,0,0,-1,-1,-1
AGGCCACAGCTGGTGA-1,0,0,0,0,1,0,10,3,0,0,4,0,0,0,0,0,4,0,0,12,0,0,7,0,0,0,0,-1,-1,-1
TGCTTCGTCACCGGGT-1,0,0,0,0,0,0,0,9,0,0,4,0,0,0,0,0,4,0,0,0,0,-1,-1,-1,0,0,0,-1,-1,-1
I20,0,0,0,16,6,0,0,36,0,0,28,0,1,40,0,0,31,0,0,14,0,0,2,0,-1,-1,-1,-1,-1,-1
GCTTTCGCAGTTACCA-1,0,0,0,16,6,0,0,36,0,0,28,0,1,40,0,0,31,0,0,14,0,35,2,0,-1,-1,-1,-1,-1,-1
GGAGGATCACCACATA-1,0,0,0,16,6,0,0,36,0,0,28,0,1,40,0,9,31,0,0,14,0,20,2,0,-1,-1,-1,-1,-1,-1
((AAGTACCCAGCGAGTA-1:7.656,(((GACTCAACAACCGTAT-1:6.098,GAATCGTAGGTTGCCC-1:4.744)I4:1.26,(GTGCAGCTCGCAATTG-1:5.954,TCATGGACACTCATAG-1:5.793)I3:1.371)I2:0.015,AACCTTTTCAACCTCC-1:6.018)I1:3.115)c5:10.369)I0;
I0,0,0,0,0,0,0,0,0,0,0,0,0,0,0,0,0,0,0,0,0,0,0,0,0,0,0,0,0,0,0
c5,0,0:0.01/3:0.99,0,0,0:0.01/2:0.99,0,0,2,0,0,0:0.01/2:0.99,0,0,0,0,3,2,0,0,0:0.52/1:0.48,0,0,3,0,0,0,0,0:0.03/-1:0.97,0:0.03/-1:0.97,0:0.03/-1:0.97
I1,0,3,0,0,2,0,0,2,0,0,2,0,0,0,0,3,2,0,0:0.01/-1:0.99,-1:0.99/1:0.01,0:0.01/-1:0.99,0,3,0,0,0,0,-1,-1,-1
AACCTTTTCAACCTCC-1,0,3,0,-1,-1,-1,0,2,0,1,2,0,0,0,0,3,2,0,-1,-1,-1,1,3,0,0,2,0,-1,-1,-1
I2,0,3,0,0,2,0,0,2,0,0,2,0,0,0,0,3,2,0,-1,-1,-1,0,3,0,0,0,0,-1,-1,-1
I3,0,3,0,0,2,0,0,2,0,0:0.11/7:0.89,2,0,0,0:0.84/43:0.16,0,3,2,0,-1,-1,-1,0,3,0,0:0.84/11:0.16,0:0.84/25:0.16,0,-1,-1,-1
TCATGGACACTCATAG-1,0,3,0,0,2,0,3,2,0,7,2,0,-1,-1,-1,3,2,0,-1,-1,-1,0,3,0,11,25,0,-1,-1,-1
GTGCAGCTCGCAATTG-1,0,3,0,6,2,0,0,2,0,7,2,0,0,43,0,3,2,0,-1,-1,-1,2,3,0,-1,-1,-1,-1,-1,-1
I4,0,3,0,0,2,0,0,2,0,0,2,0,0,0,0,3,2,0,-1,-1,-1,0:0.1/5:0.9,3,0,0:0.82/6:0.18,0:0.82/20:0.18,0,-1,-1,-1
GAATCGTAGGTTGCCC-1,0,3,0,0,2,0,0,2,0,3,2,0,8,35,0,3,2,0,-1,-1,-1,5,3,0,6,20,0,-1,-1,-1
GACTCAACAACCGTAT-1,0,3,0,10,2,0,0,2,0,0,2,0,23,11,0,3,2,0,-1,-1,-1,5,3,0,-1,-1,-1,-1,-1,-1
AAGTACCCAGCGAGTA-1,2,3,0,3,2,0,2,2,0,0,2,0,0,0,0,3,2,0,0,1,0,5,3,0,-1,-1,-1,-1,-1,-1
(((TACGTCCAGGTACCTT-1:9.087,(TCGGGACAGACGGATC-1:3.73,CCTTCAGTCGGTTAGT-1:6.05)I6:2.72)I5:8.006,(((AACCATGGTAATGCGG-1:1.008,TTACCGCAGCAAATCA-1:2.008)I4:2.248,TTGTGTTAGCCGGATA-1:7.256)I3:2.806,(TGTTCATCATGGGTTT-1:1.538,AGATCGTTCTGCTGAA-1:5.107)I2:5.638)I1:7.297)c4:3.584)I0;
I0,0,0,0,0,0,0,0,0,0,0,0,0,0,0,0,0,0,0,0,0,0,0,0,0,0,0,0,0,0,0
c4,0,0,0,0,0,0,0,0,0,0,0,0,0,0,0,0,0,0,0,0,0,0,3,0,0,0,0,0:0.14/-1:0.85/1:0.009,0:0.14/-1:0.85/1:0.005/2:0.005/3:0.009,0:0.14/-1:0.85/1:0.001
I1,0,0:0.01/3:0.99,0,0,0:0.01/2:0.99,0,0,2,0,0,0:0.01/2:0.99,0,0,0,0,3,2,0,0:0.56/13:0.44,0:0.56/9:0.44,0,0,3,0,0,0,0,-1:0.99/1:0.009,-1:0.99/1:0.005/2:0.005/3:0.009,-1:0.99/1:0.001
I2,0,3,0,0,2,0,12,2,0,0,2,0,0,0,0,3,2,0,0:0.22/13:0.78,0:0.22/9:0.78,0,0:0.01/5:0.99,3,0,0:0.03/-1:0.97,0:0.03/-1:0.97,0:0.03/-1:0.97,-1,-1,-1
AGATCGTTCTGCTGAA-1,0,3,0,0,2,0,12,2,0,0,2,0,10,18,0,3,2,0,-1,-1,-1,5,3,0,-1,-1,-1,-1,-1,-1
TGTTCATCATGGGTTT-1,0,3,0,0,2,0,12,2,0,0,2,0,0,11,0,3,2,0,13,9,0,5,3,0,-1,-1,-1,-1,-1,-1
I3,0,3,0,0,2,0,0,2,0,0,2,0,0,0,0,3,2,0,0:0.04/-1:0.92/13:0.04,0:0.04/-1:0.92/9:0.04,0:0.07/-1:0.92/3:0.001,0,3,0,0,0,0,-1,-1,-1
TTGTGTTAGCCGGATA-1,0,3,0,6,2,0,5,2,0,0,2,0,32,50,0,3,2,0,-1,-1,-1,5,3,0,16,5,0,-1,-1,-1
I4,0,3,0,0,2,0,0,2,0,1,2,0,0,0,0,3,2,0,-1,-1,-1,0,3,0,0,2,0,-1,-1,-1
TTACCGCAGCAAATCA-1,0,3,0,0,2,0,0,2,0,1,2,0,31,47,0,3,2,0,-1,-1,-1,0,3,0,0,2,0,-1,-1,-1
AACCATGGTAATGCGG-1,0,3,0,2,2,0,0,2,0,1,2,0,0,0,0,3,2,0,-1,-1,-1,0,3,0,0,2,0,-1,-1,-1
I5,0,0:0.01/16:0.99,0,0,26,0:0.01/1:0.99,0,0,0,0,0,0,0,0:0.01/11:0.99,0,0:0.02/1:0.98,0:0.01/24:0.99,0,0,0:0.3/24:0.7,0,0,3,0,0:0.53/4:0.47,0:0.53/22:0.47,0,0:0.01/-1:0.99,0:0.01/-1:0.99,0:0.01/-1:0.99
I6,0,16,0,0,26,1,0,2,0,0:0.04/14:0.96,0,0,0,11,0,1,24,0,0,24,0,0,3,0,0:0.34/4:0.66,0:0.34/22:0.66,0,-1,-1,-1
CCTTCAGTCGGTTAGT-1,0,16,0,0,26,1,0,2,0,14,15,0,21,11,0,1,24,0,0,24,0,4,3,0,-1,-1,-1,-1,-1,-1
TCGGGACAGACGGATC-1,0,16,0,23,26,1,0,2,0,14,2,0,0,11,0,1,24,0,0,24,0,13,3,0,4,22,0,-1,-1,-1
TACGTCCAGGTACCTT-1,0,16,0,0,26,1,25,15,0,0,31,0,0,11,0,1,24,0,-1,-1,-1,0,3,0,-1,-1,-1,-1,-1,-1
(((GTGTTCCAGTCTCTGA-1:4.18,(GTATTGGGTTGCTCAA-1:1,((CGGAGAACAACTTGGT-1:2,(ATCATTCGTCACTAGT-1:1,(AAAGTGATCGTAGCCG-1:0,ACTACGAAGAACTCCT-1:2)I9:0)I8:2)I7:0,GACATCAAGCGTGCTC-1:2)I6:0)I5:8.09)I4:6.902,((ACAAGCTGTGAGTCAG-1:1.165,CATCGCTCAACAGTGG-1:3.004)I3:7.793,(CTGCTCATCCAAACCA-1:7.619,AAACCCATCTGGTTGA-1:8.009)I2:3.142)I1:1.123)c3:3.93)I0;
I0,0,0,0,0,0,0,0,0,0,0,0,0,0,0,0,0,0,0,0,0,0,0,0,0,0,0,0,0,0,0
c3,0,0,0,0,0,0,0,0,0,0,0,0,0,0,0,0,0:0.01/1:0.99,0,0,0,0,0,0,0,0,0,0,0:0.02/-1:0.97/1:0.009,0:0.02/-1:0.97/1:0.005/2:0.005/3:0.009,0:0.02/-1:0.97/1:0.001
I1,0,0,0,0,0,0,0,0,0,0,0,0,0,0,0,0,1,0,0,0:0.06/1:0.94,0,0,0,0,0,0:0.88/4:0.12,0,-1:0.99/1:0.009,-1:0.99/1:0.005/2:0.005/3:0.009,-1:0.99/1:0.001
I2,0,0,0,0,0,0,0,0,0,0,0,0,0,0,0,0,1,0,0,1,0,0:0.69/1:0.31,0:0.69/1:0.31,0,0:0.18/-1:0.8/1:0.012/2:0.017/3:0.004/4:0.016/5:0.001/6:0.018/7:0.016/8:0.001/9:0.012/10:0.014/11:0.001/12:0.001/13:0.017/14:0.004/15:0.004/16:0.001,0:0.16/-1:0.8/4:0.04,0:0.18/-1:0.8/1:0.001/2:0.011,-1,-1,-1
AAACCCATCTGGTTGA-1,1,1,0,0,0,0,0,0,0,0,1,0,0,1,0,1,1,0,1,1,0,1,1,0,-1,-1,-1,-1,-1,-1
CTGCTCATCCAAACCA-1,0,16,0,0,30,0,4,0,0,0,13,0,0,0,0,0,1,0,0,1,0,-1,-1,-1,-1,-1,-1,-1,-1,-1
I3,4,6,0,0,7,0,0,8,0,0,9,0,0,8,0,0,1,0,0,1,0,0,8,0,0,0:0.16/4:0.84,0,-1,-1,-1
CATCGCTCAACAGTGG-1,4,6,0,0,7,0,0,8,0,0,9,0,0,8,0,0,1,0,0,1,0,0,8,0,-1,-1,-1,-1,-1,-1
ACAAGCTGTGAGTCAG-1,4,6,0,0,7,0,0,8,0,6,9,0,0,8,0,0,1,0,0,1,0,0,8,0,0,4,0,-1,-1,-1
I4,0,0,0,0,0:0.02/1:0.98,0,0,1,1,0,0:0.02/1:0.98,0,0,0:0.02/2:0.98,0,0,1,0,0:0.54/9:0.46,0:0.54/22:0.46,0,0,0:0.02/2:0.98,0,0,0,0,-1,-1,-1
I5,0,0,0,1,1,0,0,1,1,0,1,0,1,2,0,2,1,0,-1,-1,-1,0,2,0,1,1,0,-1,-1,-1
I6,0,0,0,1,1,0,0,1,1,0,1,0,1,2,0,2,1,0,-1,-1,-1,0,2,0,1,1,0,-1,-1,-1
GACATCAAGCGTGCTC-1,0,3,0,1,1,0,3,1,1,0,1,0,1,2,0,2,1,0,-1,-1,-1,0,2,0,1,1,0,-1,-1,-1
I7,0,0,0,1,1,0,0,1,1,0,1,0,1,2,0,2,1,0,-1,-1,-1,0,2,0,1,1,0,-1,-1,-1
I8,0,2,1,1,1,0,0,1,1,0,1,0,1,2,0,2,1,0,-1,-1,-1,0,2,0,1,1,0,-1,-1,-1
I9,0,2,1,1,1,0,0,1,1,0,1,0,1,2,0,2,1,0,-1,-1,-1,0,2,0,1,1,0,-1,-1,-1
ACTACGAAGAACTCCT-1,5,2,1,1,1,0,3,1,1,0,1,0,1,2,0,2,1,0,-1,-1,-1,0,2,0,1,1,0,-1,-1,-1
AAAGTGATCGTAGCCG-1,0,2,1,1,1,0,0,1,1,0,1,0,1,2,0,2,1,0,-1,-1,-1,0,2,0,1,1,0,-1,-1,-1
ATCATTCGTCACTAGT-1,7,2,1,1,1,0,0,1,1,0,1,0,1,2,0,2,1,0,-1,-1,-1,0,2,0,1,1,0,-1,-1,-1
CGGAGAACAACTTGGT-1,0,17,0,1,1,0,0,1,1,19,1,0,1,2,0,2,1,0,-1,-1,-1,0,2,0,1,1,0,-1,-1,-1
GTATTGGGTTGCTCAA-1,0,9,0,1,1,0,0,1,1,0,1,0,1,2,0,2,1,0,-1,-1,-1,0,2,0,1,1,0,-1,-1,-1
GTGTTCCAGTCTCTGA-1,0,0,0,20,1,0,0,1,1,14,1,0,0,2,0,15,1,0,9,22,0,0,2,0,0,0,0,-1,-1,-1
(((AGTTCCCGTGTTCAGT-1:11.012,(TCGCTTGAGTTGCTGT-1:2.026,(GGGACAATCACCCTTG-1:0.729,TAGGTACCAGCACGAA-1:3.044)I6:4.303)I5:2.133)I4:2.908,(CATCCACGTTTCGTTT-1:3.199,((TACTGCCAGTTCGCAT-1:0,GACTATGTCTTAGTTC-1:0)I3:2.097,AGGTTACAGAAGCTGC-1:3.097)I2:4.113)I1:3.897)c24:9.945)I0;
I0,0,0,0,0,0,0,0,0,0,0,0,0,0,0,0,0,0,0,0,0,0,0,0,0,0,0,0,0,0,0
c24,0,16,0,0,0,0,13,19,0,0,16,0,0,24,0,12,6,0,0,0,0,0,0,0,0,0,0,0:0.01/-1:0.98/1:0.009,0:0.01/-1:0.98/1:0.005/2:0.005/3:0.009,0:0.01/-1:0.98/1:0.001
I1,0,16,0,0:0.05/-1:0.94/1:0.008/2:0.002/3:0.009/4:0.006/6:0.009/7:0.008/9:0.002/10:0.008/11:0.001/16:0.007/17:0.001/19:0.002/20:0.001/21:0.002/22:0.006/23:0.003/24:0.001/25:0.003/26:0.001,0:0.05/-1:0.94/1:0.009/2:0.008/3:0.006/4:0.001/5:0.006/6:0.004/10:0.009/11:0.008/12:0.003/13:0.003/14:0.004/15:0.001/16:0.004/17:0.009/19:0.001/20:0.002/21:0.002/22:0.001/23:0.002/29:0.003/30:0.004/31:0.001/32:0.001/35:0.001/36:0.002/37:0.002/40:0.001/41:0.003/42:0.001/43:0.001,0:0.05/-1:0.94/4:0.001,13,19,0,0,16,0,0,24,0,12,6,0,0,0,0,0,0:0.01/4:0.99,0,0,0,0,-1,-1,-1
I2,0,16,0,-1,-1,-1,13,19,0,0,16,0,0,24,0,12,6,0,0,0,0,0:0.01/1:0.99,4,0,0:0.02/-1:0.97/1:0.006/2:0.008/3:0.002/4:0.008/6:0.009/7:0.008/9:0.006/10:0.007/13:0.009/14:0.002/15:0.002,0:0.02/-1:0.97/1:0.006/2:0.001/3:0.004/4:0.005/5:0.002/6:0.009/8:0.008/9:0.005/10:0.006/11:0.004/12:0.009/13:0.001/15:0.001/16:0.009/19:0.001/20:0.003/21:0.003/22:0.008/24:0.003/27:0.002/28:0.001/29:0.002/30:0.001,0:0.02/-1:0.97/2:0.006,-1,-1,-1
AGGTTACAGAAGCTGC-1,0,16,0,-1,-1,-1,13,19,0,0,16,0,0,24,1,12,6,0,0,13,3,1,4,0,-1,-1,-1,-1,-1,-1
I3,0,16,0,-1,-1,-1,13,19,0,0,16,0,0,24,0,12,6,0,10,26,0,1,4,0,-1,-1,-1,-1,-1,-1
GACTATGTCTTAGTTC-1,0,16,0,-1,-1,-1,13,19,0,0,16,0,0,24,0,12,6,0,10,26,0,1,4,0,-1,-1,-1,-1,-1,-1
TACTGCCAGTTCGCAT-1,0,16,0,-1,-1,-1,13,19,0,0,16,0,0,24,0,12,6,0,10,26,0,1,4,0,-1,-1,-1,-1,-1,-1
CATCCACGTTTCGTTT-1,0,16,0,-1,-1,-1,13,19,0,18,16,0,0,24,0,12,6,0,8,21,0,0,4,0,0,0,0,-1,-1,-1
I4,0,16,0,0,0,0,13,19,0,0,16,0,0,24,0,12,6,0,0:0.57/10:0.43,0:0.57/26:0.43,0,19,27,0,0,0,0,-1,-1,-1
I5,0,16,0,0,0,0,13,19,0,0,16,0,27,24,0,12,6,0,0:0.01/10:0.99,0:0.01/26:0.99,0,19,27,0,0,0,0,-1,-1,-1
I6,0,16,0,0:0.34/17:0.66,0:0.34/10:0.66,0,13,19,0,0,16,0,27,24,0,12,6,0,10,26,0,19,27,0,0:0.01/-1:0.99,0:0.01/-1:0.99,0:0.01/-1:0.99,-1,-1,-1
TAGGTACCAGCACGAA-1,0,16,0,-1,-1,-1,13,19,0,0,16,0,27,24,0,12,6,0,10,26,0,19,27,0,-1,-1,-1,-1,-1,-1
GGGACAATCACCCTTG-1,0,16,0,17,10,0,13,19,0,0,16,0,27,24,0,12,6,0,10,26,0,19,27,0,-1,-1,-1,-1,-1,-1
TCGCTTGAGTTGCTGT-1,0,16,0,0,30,0,13,19,0,12,16,0,27,24,0,12,6,0,10,26,0,19,27,0,0,0,0,-1,-1,-1
AGTTCCCGTGTTCAGT-1,5,16,0,-1,-1,-1,13,19,0,0,16,0,14,24,0,12,6,0,-1,-1,-1,19,27,0,-1,-1,-1,-1,-1,-1
(((((CCAAGCGAGTGGATTA-1:2.559,(AGGTAGGGTATAGCTC-1:3.052,(ACTTTCAGTTCTCAGA-1:1,(GGGAGATGTGATCGTT-1:0,(CTCCCTCTCGGCTCTT-1:0,TTATTGCTCGAGAGCA-1:1)I12:1)I11:0)I10:1.052)I9:2.952)I8:1.446,(TACCTCGTCCGATCGG-1:6.009,GCTGCAGTCGGCGATC-1:0.009)I7:0.996)I6:5.868,(GTGCAGCTCACCTGTC-1:0.314,CCTTGTGTCACCCATC-1:3.018)I5:10.8)I4:2.223,((TGGTACAAGCAACTCT-1:1.006,AGGATAATCTTAGCCC-1:5.006)I3:2.051,(GAGTTTGTCAGGTGTT-1:4.051,TCACAAGCATCTGCGG-1:4.051)I2:3.006)I1:5.049)c20:5.919)I0;
I0,0,0,0,0,0,0,0,0,0,0,0,0,0,0,0,0,0,0,0,0,0,0,0,0,0,0,0,0,0,0
c20,0,0,0,0,0,0,9,17,0,0,0,0,0,0,0,0,0:0.01/4:0.99,0,0,0,0,0,0,0,0,0,0,0:0.02/-1:0.97/1:0.009,0:0.02/-1:0.97/1:0.005/2:0.005/3:0.009,0:0.02/-1:0.97/1:0.001
I1,0,14,0,0,11,0,9,17,0,0,0,0,0,0,0,0,4,0,0,0,0,0,0,0,0:0.01/-1:0.98/1:0.006/2:0.008/3:0.002/4:0.008/6:0.009/7:0.008/9:0.006/10:0.007/13:0.009/14:0.002/15:0.002,0:0.01/-1:0.98/1:0.006/2:0.001/3:0.004/4:0.005/5:0.002/6:0.009/8:0.008/9:0.005/10:0.006/11:0.004/12:0.009/13:0.001/15:0.001/16:0.009/19:0.001/20:0.003/21:0.003/22:0.008/24:0.003/27:0.002/28:0.001/29:0.002/30:0.001,0:0.01/-1:0.98/2:0.006,-1,-1,-1
I2,0,14,0,0,11,0,9,17,0,0,0:0.02/5:0.98,0,0,0:0.01/16:0.99,0,0,4,0,0,0:0.01/9:0.99,0,0,0,0,-1,-1,-1,-1,-1,-1
TCACAAGCATCTGCGG-1,0,14,0,0,11,0,9,17,0,0,5,0,10,16,0,6,4,0,0,9,0,40,7,0,-1,-1,-1,-1,-1,-1
GAGTTTGTCAGGTGTT-1,0,14,0,0,11,0,9,17,0,0,5,0,21,16,0,0,4,0,16,9,0,1,2,0,-1,-1,-1,-1,-1,-1
I3,0,14,0,0,11,0,9,17,0,0,0,0,0,21,0,11,4,0,0,0,0,0,0,0,-1,-1,-1,-1,-1,-1
AGGATAATCTTAGCCC-1,0,14,0,0,11,0,9,17,0,0,0,0,0,21,0,11,4,0,5,11,2,13,2,0,-1,-1,-1,-1,-1,-1
TGGTACAAGCAACTCT-1,0,14,0,0,11,0,9,17,0,0,0,0,0,21,0,11,4,0,0,0,0,0,10,0,-1,-1,-1,-1,-1,-1
I4,0,0,0,0,0,0,9,17,0,0,0,0,0,17,0,0,4,0,0,0:0.76/8:0.24,0,0,0:0.09/7:0.91,0,0,0,0,0:0.01/-1:0.99,0:0.01/-1:0.99,0:0.01/-1:0.99
I5,0,14,0,0,27,0,9,17,0,21,25,0,0,17,0,15,4,0,-1,-1,-1,4,7,0,0:0.15/6:0.85,0:0.15/12:0.85,0,-1,-1,-1
CCTTGTGTCACCCATC-1,0,14,0,0,27,0,9,17,0,21,25,0,0,17,0,15,4,0,-1,-1,-1,4,7,0,-1,-1,-1,-1,-1,-1
GTGCAGCTCACCTGTC-1,0,14,0,0,27,0,9,17,0,21,25,0,0,17,0,15,4,0,-1,-1,-1,4,7,0,6,12,0,-1,-1,-1
I6,0,0,0,4,5,0,9,17,0,9,5,0,1,17,0,0,4,0,0,8,0,0,7,0,0,0,0,-1,-1,-1
I7,0,0,0,4,5,0,9,17,0,9,5,0,1,17,0,0,4,0,0,8,0,0:0.01/17:0.99,7,0,0,0,0,-1,-1,-1
GCTGCAGTCGGCGATC-1,0,0,0,4,5,0,9,17,0,9,5,0,1,17,0,0,4,0,0,8,0,17,7,0,0,0,0,-1,-1,-1
TACCTCGTCCGATCGG-1,21,36,4,4,5,0,9,17,0,9,5,0,1,17,0,0,4,0,0,8,0,17,7,0,-1,-1,-1,-1,-1,-1
I8,0,14,0,4,5,0,9,17,0,9,5,0,1,17,0,0,4,0,0,8,0,0,7,0,0:0.78/2:0.22,0:0.78/3:0.22,0,-1,-1,-1
I9,0,14,0,4,5,0,9,17,0,9,5,0,1,17,0,0,4,0,0,8,0,0,7,0,0:0.01/-1:0.98/2:0.01,0:0.01/-1:0.98/3:0.01,0:0.02/-1:0.98,-1,-1,-1
I10,0,14,0,4,5,0,9,17,0,9,5,0,1,17,0,6,4,0,0,8,0,0,7,0,-1,-1,-1,-1,-1,-1
I11,0,14,0,4,5,0,9,17,0,9,5,0,1,17,0,6,4,0,0,8,0,0,7,0,-1,-1,-1,-1,-1,-1
I12,0,14,0,4,5,0,9,17,0,9,5,0,1,17,0,6,4,0,0,8,0,20,7,0,-1,-1,-1,-1,-1,-1
TTATTGCTCGAGAGCA-1,24,14,0,4,5,0,9,17,0,9,5,0,1,17,0,6,4,0,0,8,0,20,7,0,-1,-1,-1,-1,-1,-1
CTCCCTCTCGGCTCTT-1,0,14,0,4,5,0,9,17,0,9,5,0,1,17,0,6,4,0,0,8,0,20,7,0,-1,-1,-1,-1,-1,-1
GGGAGATGTGATCGTT-1,0,14,0,4,5,0,9,17,0,9,5,0,1,17,0,6,4,0,0,8,0,0,7,0,-1,-1,-1,-1,-1,-1
ACTTTCAGTTCTCAGA-1,0,14,0,4,5,0,9,17,0,9,5,0,1,17,0,6,4,0,4,8,0,0,7,0,-1,-1,-1,-1,-1,-1
AGGTAGGGTATAGCTC-1,0,14,0,4,5,0,9,17,0,9,5,0,1,17,0,10,4,0,4,8,0,5,7,0,-1,-1,-1,-1,-1,-1
CCAAGCGAGTGGATTA-1,0,14,0,4,5,0,9,17,0,9,5,0,1,17,0,6,4,0,0,8,0,0,7,0,2,3,0,-1,-1,-1
((((GAAGCGACAACACAAA-1:14.75,(TCTACCGTCTCTAGGA-1:5.001,((GTTACGAGTTTACGAC-1:3,(CGTCCATAGTTACTCG-1:0,GTTAGTGCACGTTGGC-1:3)I13:0)I12:1.001,(TAGAGTCCAATAACGA-1:3.006,(TAACCAGCATAGATGA-1:3,((((GCCAACGGTCTTGAAC-1:4.999,ACGTAGTTCTAGTGTG-1:4)I11:0.001,GTGATGTTCCATTGTT-1:3)I10:0,CTCCATGTCGAGAAGC-1:3)I9:0,CGGGTCAGTCAAACGG-1:6)I8:0)I7:1.006)I6:0.995)I5:0)I4:4.887)I3:2.377,GATTGGTTCGTGGTAT-1:13.028)I2:0.981,(GTCAAACCACGCTATA-1:3.009,ATGAGGGAGCGCCGTT-1:13.009)I1:0)c17:2.993)I0;
I0,0,0,0,0,0,0,0,0,0,0,0,0,0,0,0,0,0,0,0,0,0,0,0,0,0,0,0,0,0,0
c17,0,0,0,0,0,0,0,0,0,0,0,0,0,0,0,0,0,0,0,0,0,0,0,0,-1,-1,-1,0,0,0
I1,0,0,0,0,0,0,0,0,0,0,0,0,0,0,0,0,0,0,0,0,0,0,0,0,-1,-1,-1,0,0,0
ATGAGGGAGCGCCGTT-1,8,18,0,0,11,0,3,24,0,7,1,0,0,0,0,0,1,0,1,14,0,11,16,0,-1,-1,-1,0,1,0
GTCAAACCACGCTATA-1,0,17,0,0,0,0,0,0,0,0,28,0,0,0,0,0,0,0,0,0,0,0,2,0,-1,-1,-1,0,0,0
I2,0,0,0,0,0,0,0,0:0.08/13:0.92,0,0,0,0,0,0,0,0,0,0,0,0,0,0,0,0,-1,-1,-1,0,0:0.95/2:0.05,0
GATTGGTTCGTGGTAT-1,17,31,0,0,6,0,6,13,0,7,14,0,0,37,4,9,24,0,0,23,0,0,44,0,-1,-1,-1,0,2,0
I3,0,0,0,0,0,0,0,0:0.01/13:0.99,0,0,0,0,0,0,0,0,0,0,0,0:0.86/24:0.14,0,0,0,0,-1,-1,-1,0:0.28/-1:0.71/1:0.009,0:0.26/-1:0.71/2:0.03,0:0.28/-1:0.71/1:0.001
I4,0,11,0,0,0,0,0,13,0,0,0,0,0,0,0,0,0,0,-1,-1,-1,0,0,0,-1,-1,-1,-1,-1,-1
I5,0,11,0,0,0,0,0,13,0,0,0,0,0,0,0,0,0,0,-1,-1,-1,0,0,0,-1,-1,-1,-1,-1,-1
I6,0,11,0,0,0,0,0,13,0,0,0,0,0,0,0,0,0:0.01/14:0.99,0,-1,-1,-1,0,0,0,-1,-1,-1,-1,-1,-1
I7,0,11,0,0,0,0,0,13,0,0,0,0,0,14,0,0,14,0,-1,-1,-1,0,0,0,-1,-1,-1,-1,-1,-1
I8,0,11,0,0,0,0,0,13,0,0,0,0,0,14,0,0,14,0,-1,-1,-1,0,0,0,-1,-1,-1,-1,-1,-1
CGGGTCAGTCAAACGG-1,0,11,0,-1,-1,-1,0,13,0,0,0,0,0,14,0,0,14,0,-1,-1,-1,-1,-1,-1,-1,-1,-1,-1,-1,-1
I9,0,11,0,0,0,0,0,13,0,0,0,0,0,14,0,0,14,0,-1,-1,-1,0,0,0,-1,-1,-1,-1,-1,-1
CTCCATGTCGAGAAGC-1,0,11,0,0,17,0,0,13,0,0,0,0,0,14,0,0,14,0,-1,-1,-1,1,7,0,-1,-1,-1,-1,-1,-1
I10,0,11,0,0,0,0,0,13,0,0,0,0,0,14,0,0,14,0,-1,-1,-1,0,0,0,-1,-1,-1,-1,-1,-1
GTGATGTTCCATTGTT-1,0,11,0,19,36,0,0,13,0,0,0,0,0,14,0,0,14,0,-1,-1,-1,0,2,0,-1,-1,-1,-1,-1,-1
I11,0,11,0,0,0,0,0,13,0,0,0,0,0,14,0,0,14,0,-1,-1,-1,0,0,0,-1,-1,-1,-1,-1,-1
ACGTAGTTCTAGTGTG-1,0,11,0,0,11,0,0,13,0,0,0,0,0,14,0,0,14,0,-1,-1,-1,-1,-1,-1,-1,-1,-1,-1,-1,-1
GCCAACGGTCTTGAAC-1,0,11,0,4,5,0,0,13,0,23,0,0,0,14,0,0,14,0,-1,-1,-1,33,33,0,-1,-1,-1,-1,-1,-1
TAACCAGCATAGATGA-1,0,11,0,21,37,0,0,13,0,0,0,0,0,14,0,0,14,0,-1,-1,-1,0,48,0,-1,-1,-1,-1,-1,-1
TAGAGTCCAATAACGA-1,0,11,0,0,0,0,0,13,0,0,10,0,0,0,0,0,14,0,-1,-1,-1,37,51,0,-1,-1,-1,-1,-1,-1
I12,0,11,0,0,0,0,0,13,0,0,0,0,0,0,0,0,22,0,-1,-1,-1,0,0,0,-1,-1,-1,-1,-1,-1
I13,0,11,0,0,0,0,0,13,0,0,0,0,0,0,0,0,22,0,-1,-1,-1,0,0,0,-1,-1,-1,-1,-1,-1
GTTAGTGCACGTTGGC-1,0,11,0,10,10,0,0,13,0,0,0,0,0,0,0,0,22,0,-1,-1,-1,0,7,0,-1,-1,-1,-1,-1,-1
CGTCCATAGTTACTCG-1,0,11,0,0,0,0,0,13,0,0,0,0,0,0,0,0,22,0,-1,-1,-1,0,0,0,-1,-1,-1,-1,-1,-1
GTTACGAGTTTACGAC-1,0,11,0,-1,-1,-1,0,13,0,0,0,0,0,0,0,0,22,0,-1,-1,-1,0,0,0,-1,-1,-1,-1,-1,-1
TCTACCGTCTCTAGGA-1,0,11,0,24,40,0,0,13,0,0,0,0,0,0,0,0,0,0,-1,-1,-1,-1,-1,-1,-1,-1,-1,-1,-1,-1
GAAGCGACAACACAAA-1,13,28,0,-1,-1,-1,4,13,0,1,23,0,18,2,0,15,28,0,0,24,0,0,37,0,-1,-1,-1,-1,-1,-1
CATCGCTTCTCCGTGT-1:0.6907719620851541;
CATCGCTTCTCCGTGT-1,1,26,0,0,1,0,0,1,1,14,1,0,18,2,0,15,1,0,9,22,0,0,2,0,-1,-1,-1,-1,-1,-1
((((TTGTTTGGTCTGTAAC-1:1.01,ACCATTTGTAGTAAGT-1:2.01)I4:1.079,(TATCCTATCATTGAGC-1:7.053,CACGTTCAGACTTGTC-1:3.239)I3:2.851)I2:2.92,(TCATATCCAGAGAGGG-1:5.003,CCACGTTTCATACAGC-1:3.003)I1:0)c16:11.998)I0;
I0,0,0,0,0,0,0,0,0,0,0,0,0,0,0,0,0,0,0,0,0,0,0,0,0,0,0,0,0,0,0
c16,0,1,0,0,10,0,0,4,0,4,7,0,0,10,0,0,0,0,0,0,0,7,12,0,0,5,0,-1,-1,-1
I1,0,1,0,0,10,0,0,4,0,4,7,0,0,10,0,0,0,0,0,0,0,7,12,0,0,5,0,-1,-1,-1
CCACGTTTCATACAGC-1,0,1,0,0,10,0,6,4,0,4,7,0,0,10,0,15,0,0,0,1,0,7,12,0,0,5,0,-1,-1,-1
TCATATCCAGAGAGGG-1,0,1,0,10,10,0,1,4,0,4,7,0,0,10,0,1,1,0,0,36,0,7,12,0,0,5,0,-1,-1,-1
I2,0,1,0,0,10,0,0,4,0,4,7,0,0,10,0,0,0,0,0:0.03/-1:0.97,0:0.03/-1:0.97,0:0.03/-1:0.97,7,12,0,0,5,0,-1,-1,-1
I3,0,1,0,0:0.04/10:0.96,10,0,1,4,0,4,7,0,0,10,0,0,0:0.73/22:0.27,0:0.73/1:0.27,-1,-1,-1,7,12,0,0:0.73/4:0.27,5,0,-1,-1,-1
CACGTTCAGACTTGTC-1,0,1,0,10,10,0,1,4,0,4,7,0,0,10,0,0,22,1,-1,-1,-1,7,12,4,4,5,0,-1,-1,-1
TATCCTATCATTGAGC-1,0,1,0,10,10,0,1,4,0,4,7,0,21,10,0,-1,-1,-1,-1,-1,-1,7,12,0,-1,-1,-1,-1,-1,-1
I4,0,1,0,0,10,0,0:0.01/6:0.99,4,0,4,7,0,0,10,0,0,0,0,-1,-1,-1,7,12,0,0,5,0,-1,-1,-1
ACCATTTGTAGTAAGT-1,0,1,0,0,10,0,6,4,0,4,7,0,0,10,0,6,12,0,-1,-1,-1,7,12,0,0,5,0,-1,-1,-1
TTGTTTGGTCTGTAAC-1,0,1,0,0,10,0,6,4,0,4,7,0,0,10,0,0,6,0,-1,-1,-1,7,12,0,0,5,0,-1,-1,-1
(((GTAGCTAAGCCAGAGT-1:5.017,(TTGCATTCAGACGGAT-1:0.132,GTCCCATCATCCTTCG-1:3.035)I7:4.24)I6:13.851,((TGTACAGAGAGATCGC-1:1.197,TGTTGAGTCGTTAGAC-1:8.197)I5:10.976,((TAATCTCCAAACTCGT-1:2.246,TGACCCTAGGCTCCCA-1:3.046)I4:14.995,(CGGGCATCAAACACCT-1:10.23,CCACGAGCAGGGCTTC-1:8.23)I3:0)I2:2.925)I1:1.054)c50:2.82)I0;
I0,0,0,0,0,0,0,0,0,0,0,0,0,0,0,0,0,0,0,0,0,0,0,0,0,0,0,0,0,0,0
c50,0,0,0,0,0,0,0,0,0,0,0,0,0,0,0,0,0,0,0,0,0,0,0,0,0,0,0,0:0.06/-1:0.94,0:0.06/-1:0.94,0:0.06/-1:0.94
I1,0,0,0,0,0,0,0,0,0,0,0,0,0,0,0,0,0,0,0,0,0,0,0:0.09/7:0.91,0,0,0,0,0:0.02/-1:0.98,0:0.02/-1:0.98,0:0.02/-1:0.98
I2,0,0,0,0,0,0,0,0,0,0,0,0,0,0,0,0,0,0,0,0,0,0,7,0,0:0.07/-1:0.92/1:0.006/2:0.008/3:0.002/4:0.008/6:0.009/7:0.008/9:0.006/10:0.007/13:0.009/14:0.002/15:0.002,0:0.07/-1:0.92/1:0.006/2:0.001/3:0.004/4:0.005/5:0.002/6:0.009/8:0.008/9:0.005/10:0.006/11:0.004/12:0.009/13:0.001/15:0.001/16:0.009/19:0.001/20:0.003/21:0.003/22:0.008/24:0.003/27:0.002/28:0.001/29:0.002/30:0.001,0:0.07/-1:0.92/2:0.006,-1,-1,-1
I3,0,0,0,0,0,0,0,0,0,0,0,0,0,0,0,0,0,0,0,0,0,0,7,0,0:0.07/-1:0.92/1:0.006/2:0.008/3:0.002/4:0.008/6:0.009/7:0.008/9:0.006/10:0.007/13:0.009/14:0.002/15:0.002,0:0.07/-1:0.92/1:0.006/2:0.001/3:0.004/4:0.005/5:0.002/6:0.009/8:0.008/9:0.005/10:0.006/11:0.004/12:0.009/13:0.001/15:0.001/16:0.009/19:0.001/20:0.003/21:0.003/22:0.008/24:0.003/27:0.002/28:0.001/29:0.002/30:0.001,0:0.07/-1:0.92/2:0.006,-1,-1,-1
CCACGAGCAGGGCTTC-1,0,10,0,0,13,0,4,5,0,0,13,0,8,2,0,0,1,0,0,0,0,0,7,0,-1,-1,-1,-1,-1,-1
CGGGCATCAAACACCT-1,15,29,0,0,28,2,0,34,0,0,27,0,0,33,0,2,6,0,0,27,0,0,7,0,-1,-1,-1,-1,-1,-1
I4,1,27,0,12,25,0,18,31,0,0,0,0,20,30,0,17,27,6,0:0.01/-1:0.99,0:0.01/-1:0.99,0:0.01/-1:0.99,0:0.2/1:0.8,7,0,-1,-1,-1,-1,-1,-1
TGACCCTAGGCTCCCA-1,1,27,0,12,25,0,18,31,0,0,0,0,20,30,0,17,27,6,-1,-1,-1,-1,-1,-1,-1,-1,-1,-1,-1,-1
TAATCTCCAAACTCGT-1,1,27,0,12,25,0,18,31,0,0,30,2,20,30,0,17,27,6,-1,-1,-1,1,7,0,-1,-1,-1,-1,-1,-1
I5,23,38,0:0.04/5:0.96,0,0,0,0,46,0,0,0:0.01/35:0.99,0,0,0:0.01/16:0.99,0,0,0:0.01/6:0.99,0,0:0.03/-1:0.96/1:0.008/2:0.001/4:0.009/6:0.002/7:0.008/9:0.003/10:0.006/11:0.001/13:0.009/16:0.008/17:0.007/18:0.001,0:0.03/-1:0.96/1:0.009/2:0.008/4:0.008/5:0.004/6:0.001/8:0.003/9:0.005/10:0.001/13:0.001/14:0.009/16:0.003/17:0.001/19:0.006/20:0.001/21:0.001/22:0.003/23:0.009/24:0.001/26:0.006/29:0.005/33:0.004/34:0.001/35:0.001/36:0.001,0:0.03/-1:0.96/3:0.001,0:0.01/13:0.99,7,0,0,0,0,-1,-1,-1
TGTTGAGTCGTTAGAC-1,23,38,5,-1,-1,-1,0,46,0,14,35,0,0,16,0,24,6,0,-1,-1,-1,13,7,0,-1,-1,-1,-1,-1,-1
TGTACAGAGAGATCGC-1,23,38,5,0,0,0,29,46,0,0,35,0,0,16,0,0,6,0,-1,-1,-1,13,7,0,0,0,0,-1,-1,-1
I6,0,13,0,0:0.01/16:0.99,0:0.01/10:0.99,0,0:0.32/4:0.68,0:0.32/13:0.68,0:0.32/3:0.68,0,12,0,0:0.01/24:0.99,41,0,20,0:0.01/24:0.99,0,0,33,0,32,0:0.01/10:0.99,0,0,0:0.32/3:0.68,0,-1,-1,-1
I7,5,13,0,16,10,0,-1:0.99/4:0.01,-1:0.99/13:0.01,-1:0.99/3:0.01,0,12,0,24,41,0,20,24,0,0,33,0,32,10,0,0,0:0.1/3:0.9,0,-1,-1,-1
GTCCCATCATCCTTCG-1,5,13,0,16,10,0,-1,-1,-1,0,12,0,24,41,0,20,24,0,0,33,0,32,10,0,-1,-1,-1,-1,-1,-1
TTGCATTCAGACGGAT-1,5,13,0,16,10,0,-1,-1,-1,0,12,0,24,41,0,20,24,0,0,33,0,32,10,0,0,3,0,-1,-1,-1
GTAGCTAAGCCAGAGT-1,0,13,0,16,10,0,4,13,3,3,12,0,24,41,0,20,24,0,0,33,0,32,10,0,-1,-1,-1,-1,-1,-1
(((GCCAGTGAGCGACATG-1:11,((((CGTAAGTAGGTGCAGT-1:5.06,AGACCATGTGGTAATA-1:4.06)I21:0.94,(GAAATGAGTCCACGCA-1:3,TCCGTGTTCACACCCT-1:6)I20:0)I19:0,((AGCTTCCTCGAAGAAT-1:5.01,CCATAAGTCACCATAG-1:0.01)I18:0.818,(TCTTAGTCACGTTGGC-1:2.078,TGAGCATAGTTTGAGA-1:2.078)I17:9.003)I16:1.172)I15:0,((((CACGTTCCACAAACGG-1:1.856,GTCTACCCAACAGCCC-1:5.049)I14:1.19,TGTTGAGTCGGCCAAC-1:2.047)I13:2.968,(CATACCCAGAAGTCCG-1:2.036,TCTACCGCAACAACAA-1:4.036)I12:0.976)I11:0.989,((GTGGTTACAGATCATC-1:5,((ATCACAGGTATCGCTA-1:2,(ACGGTCGGTGTAGGAC-1:2,ATACCGAGTAGGTAGC-1:2)I10:0)I9:0,TGCAGTACAAGTGTCT-1:4)I8:0)I7:0,(ATCTCTACAGACCATT-1:3.089,TAAGCGTCAGCCTTCT-1:2.089)I6:2.919)I5:0)I4:3)I3:0)I2:3.037,TGGATGTGTATATGGA-1:8.706)I1:5.294)I0;
I0,0,0,0,0,0,0,0,0,0,0,0,0,0,0,0,0,0,0,0,0,0,0,0,0,0,0,0,0,0,0
I1,0,0:0.01/10:0.99,0,0,13,0,0,0,0,0,0,0,0,0:0.01/2:0.99,0,0,0:0.01/1:0.99,0,0,0,0,0,0,0,0,0,0,0:0.56/1:0.44,0:0.56/3:0.44,0:0.56/1:0.44
TGGATGTGTATATGGA-1,0,10,0,0,13,0,28,24,0,0,13,0,0,2,0,0,1,0,0,37,0,0,0,0,-1,-1,-1,1,3,1
I2,0,10,0,0,13,0,0,0,0,0,0,0,0,2,0,0,1,0,0,0,0,0,0,0,0,0,0,-1,-1,-1
I3,0,10,0,0,13,0,0,0,0,0,0,0,0,2,0,0,1,0,0,0,0,0,0,0,0,0,0,-1,-1,-1
I4,0,10,0,0,13,0,0,0,0,0,0,0,0,2,0,0,1,0,0,0,0,0,0,0,-1,-1,-1,-1,-1,-1
I5,0,10,0,0,13,0,0,0,0,0,0,0,0,2,0,0,1,0,0,0,0,0,0,0,-1,-1,-1,-1,-1,-1
I6,0,10,0,0,13,0,0:0.03/-1:0.97,0:0.03/-1:0.97,0:0.03/-1:0.97,0,0,0,0,2,0,0,1,0,0,0,0,0,0,0,-1,-1,-1,-1,-1,-1
TAAGCGTCAGCCTTCT-1,0,10,0,0,13,0,-1,-1,-1,0,0,0,0,2,0,0,1,0,0,0,0,13,49,0,-1,-1,-1,-1,-1,-1
ATCTCTACAGACCATT-1,0,10,0,0,13,0,-1,-1,-1,0,0,0,0,2,0,0,1,0,0,0,0,20,29,3,-1,-1,-1,-1,-1,-1
I7,0,10,0,0,13,0,0,0,0,0,0,0,0,2,0,0,1,0,0,0,0,0,0,0,-1,-1,-1,-1,-1,-1
I8,0,10,0,0,13,0,0,0,0,0,0,0,0,2,0,0,1,0,0,0,0,0,0,0,-1,-1,-1,-1,-1,-1
TGCAGTACAAGTGTCT-1,0,10,0,0,13,0,27,45,0,0,0,0,0,2,0,0,1,0,0,0,0,1,2,0,-1,-1,-1,-1,-1,-1
I9,0,10,0,0,13,0,0,0,0,0,0,0,0,2,0,0,1,0,0,0,0,0,0,0,-1,-1,-1,-1,-1,-1
I10,0,10,0,0,13,0,0,0,0,0,0,0,0,2,0,0,1,0,0,0,0,0,0,0,-1,-1,-1,-1,-1,-1
ATACCGAGTAGGTAGC-1,0,10,0,0,13,0,0,21,0,0,0,0,0,2,0,0,1,0,0,0,0,0,28,0,-1,-1,-1,-1,-1,-1
ACGGTCGGTGTAGGAC-1,0,10,0,0,13,0,0,0,0,0,0,0,0,2,0,6,1,0,0,6,0,0,0,0,-1,-1,-1,-1,-1,-1
ATCACAGGTATCGCTA-1,0,10,0,0,13,0,0,0,0,0,0,0,0,2,0,0,1,0,0,0,0,2,10,0,-1,-1,-1,-1,-1,-1
GTGGTTACAGATCATC-1,0,10,0,0,13,0,5,10,0,0,0,0,0,2,0,0,1,0,0,0,0,-1,-1,-1,-1,-1,-1,-1,-1,-1
I11,0,10,0,0,13,0,0,0,0,0,0:0.01/13:0.99,0,0,2,0,0,1,0,0,0,0,0,0,0,-1,-1,-1,-1,-1,-1
I12,0,10,0,0,13,0,0,0,0,0,13,0,0,2,0,0,1,0,0,0,0,0:0.04/5:0.96,0,0,-1,-1,-1,-1,-1,-1
TCTACCGCAACAACAA-1,0,10,0,0,13,0,6,43,0,0,13,0,8,2,0,0,1,0,0,0,0,5,2,0,-1,-1,-1,-1,-1,-1
CATACCCAGAAGTCCG-1,0,10,0,0,13,0,0,29,0,0,13,0,0,2,0,0,1,0,0,0,0,5,10,0,-1,-1,-1,-1,-1,-1
I13,0,10,0,0,13,0,0,0,0,0,13,0,0,2,0,0,1,0,0:0.01/-1:0.98/1:0.008/2:0.001/4:0.009/6:0.002/7:0.008/9:0.003/10:0.006/11:0.001/13:0.009/16:0.008/17:0.007/18:0.001,0:0.01/-1:0.98/1:0.009/2:0.008/4:0.008/5:0.004/6:0.001/8:0.003/9:0.005/10:0.001/13:0.001/14:0.009/16:0.003/17:0.001/19:0.006/20:0.001/21:0.001/22:0.003/23:0.009/24:0.001/26:0.006/29:0.005/33:0.004/34:0.001/35:0.001/36:0.001,0:0.01/-1:0.98/3:0.001,0,0,0,-1,-1,-1,-1,-1,-1
TGTTGAGTCGGCCAAC-1,0,10,0,0,13,0,0,33,0,0,13,0,0,2,0,0,1,0,-1,-1,-1,0,33,0,-1,-1,-1,-1,-1,-1
I14,0,10,0,0,13,0,0,0:0.81/5:0.19,0,0,13,0,0:0.04/8:0.96,2,0,0,1,0,-1,-1,-1,0,0,0,-1,-1,-1,-1,-1,-1
GTCTACCCAACAGCCC-1,0,10,0,0,13,0,-1,-1,-1,0,13,0,8,2,0,0,1,0,-1,-1,-1,36,0,5,-1,-1,-1,-1,-1,-1
CACGTTCCACAAACGG-1,0,10,0,0,13,0,0,5,0,0,13,0,8,2,0,0,1,0,-1,-1,-1,0,10,0,-1,-1,-1,-1,-1,-1
I15,0,10,0,0,13,0,0,0,0,0,0,0,0,2,0,0,1,0,0,0,0,0,0,0,0,0,0,-1,-1,-1
I16,0,10,0,0,13,0,0,0,0,0,0,0,0,2,0,0:0.07/6:0.93,1,0,0,0,0,0,0:0.76/22:0.24,0,0,0,0,-1,-1,-1
I17,0,10,0,0,13,0,0,0,0,0,0,0,0,2,0,6,1,0,0:0.01/-1:0.99,0:0.01/-1:0.99,0:0.01/-1:0.99,0:0.01/-1:0.99,0:0.01/-1:0.99,0:0.01/-1:0.99,0:0.01/-1:0.99,0:0.01/-1:0.99,0:0.01/-1:0.99,-1,-1,-1
TGAGCATAGTTTGAGA-1,0,10,0,0,13,0,17,30,0,0,0,0,0,2,0,6,1,0,-1,-1,-1,-1,-1,-1,-1,-1,-1,-1,-1,-1
TCTTAGTCACGTTGGC-1,0,10,0,0,13,0,4,44,0,0,0,0,0,2,0,6,1,0,-1,-1,-1,-1,-1,-1,-1,-1,-1,-1,-1,-1
I18,0,10,0,0,13,0,0,0,0,0,0,0,0,2,0,6,1,0,0,0,0,0,0:0.01/22:0.99,0,0,0,0,-1,-1,-1
CCATAAGTCACCATAG-1,0,10,0,0,13,0,0,0,0,0,0,0,0,2,0,6,1,0,0,0,0,0,22,0,0,0,0,-1,-1,-1
AGCTTCCTCGAAGAAT-1,0,10,0,0,13,0,-1,-1,-1,0,0,0,0,2,0,6,1,0,0,0,0,17,22,0,0,9,0,-1,-1,-1
I19,0,10,0,0,13,0,0,0,0,0,0,0,0,2,0,0,1,0,0,0,0,0,0,0,0,0,0,-1,-1,-1
I20,0,10,0,0,13,0,0,0,0,0,0,0,0,2,0,0,1,0,0,0,0,0,0,0,0,0,0,-1,-1,-1
TCCGTGTTCACACCCT-1,0,10,0,0,13,0,4,40,0,0,0,0,0,2,0,0,1,0,0,0,0,8,13,0,7,15,0,-1,-1,-1
GAAATGAGTCCACGCA-1,0,10,0,0,13,0,0,0,0,0,0,0,0,2,0,0,1,0,0,0,0,0,0,0,-1,-1,-1,-1,-1,-1
I21,0,10,0,0,13,0,0,0,0,0,0,0,0,2,0,0,1,0,0,0,0,0,0:0.06/2:0.94,0,0,0,0,-1,-1,-1
AGACCATGTGGTAATA-1,0,10,0,0,13,0,0,0,0,0,13,0,0,2,0,0,1,0,0,0,0,15,2,0,4,8,0,-1,-1,-1
CGTAAGTAGGTGCAGT-1,0,10,0,0,13,0,0,13,0,0,0,0,0,2,0,0,1,0,0,29,0,10,2,0,2,22,0,-1,-1,-1
GCCAGTGAGCGACATG-1,0,10,0,0,13,0,-1,-1,-1,0,0,0,0,2,0,0,1,0,-1,-1,-1,-1,-1,-1,11,25,0,-1,-1,-1
(((TCGCTCAGTGTGGTCC-1:11.488,TCAATTCAGCTTCTAG-1:15.443)I40:0.557,(((((TGGGATTTCCATCACC-1:15.361,TGTCAGATCAAGAGGC-1:9.251)I39:0.75,(((AGGCCACAGTGGATTA-1:9.783,((GAGATGGGTTCAGCGC-1:3.001,CCGTAGGCAACCGCCA-1:2.001)I38:0.001,TGATTCTGTGAATAAC-1:3.003)I37:12.781)I36:1.278,(AATTTCCTCGAGAACG-1:9.06,TCAAGCAAGCTGTACT-1:6.435)I35:3.566)I34:0,AATCGTGTCGGATAAA-1:13.001)I33:0)I32:2.999,((ATGGTTGTCCGCATAA-1:15.136,((ATACTTCGTCGACGCT-1:5.128,CTTAGGACACAAGCAG-1:4.852)I31:2.3,CCTTGTGAGGGACTGT-1:6.151)I30:8.088)I29:0.866,(((TTCAATCAGCGAGGAG-1:3.12,(ACGATGTCATCGGAAG-1:4.021,TTTCAGTCACTCTAGA-1:1.476)I28:4.644)I27:0.888,(CTCAATTTCCGGCAAC-1:2.959,(AGATGCTTCTCTAGGA-1:1.02,(TACGGGCAGATACGAT-1:0.002,CTAACCCTCTGCCCTA-1:1.002)I26:1.018)I25:2.996)I24:5.049)I23:6.995,(((AAGTTCGGTGCTCTCT-1:3.006,CACCAAACATCGCTAA-1:2.006)I22:1.03,CTGATCCAGCTTTGTG-1:5.036)I21:9.139,(ATGCGATGTGAGATTA-1:6.027,AGCCAGCTCTAAGGAA-1:6.05)I20:6.147)I19:0.828)I18:0)I17:2.998)I16:0,(ATACTTCCATAACGGG-1:7.85,GGAGGTAGTGTACAGG-1:6.565)I15:12.721)I14:0,(((GAGAGGTGTGTCCTAA-1:6.008,((GGGCTCAGTCTAATCG-1:3.264,GGGTTTAGTATTGGCT-1:6.002)I13:1.743,TTGTTCAAGGTCTTTG-1:8.008)I12:0.001)I11:12.182,((ATCGGCGCACTGCGTG-1:8.683,(CCTTTGGTCGACTCCT-1:4.113,(GACTTCCCATGGCTAT-1:2.376,GTGACGCTCGTTAGTG-1:4.033)I10:1.737)I9:2.952)I8:2.331,(TGGTTAGAGTCTGGTT-1:2.092,(TTGATGGCAAGCAATA-1:2.004,ACCCTCACAGTGGGTA-1:2.004)I7:3.088)I6:2.94)I5:5.174)I4:0.813,(GGCGTCACATTCTCCG-1:11.001,GCCAGCACACACCGCA-1:12.002)I3:0)I2:0.998)I1:0)missing_3:3)I0;
I0,0,0,0,0,0,0,0,0,0,0,0,0,0,0,0,0,0,0,0,0,0,0,0,0,0,0,0,0,0,0
missing_3,0,0,0,0,0,0,0,0,0,0,0,0,0,0,0,0,0,0,0,0,0,0,0,0,0,0,0,-1,-1,-1
I1,0,0,0,0,0,0,0,0,0,0,0,0,0,0,0,0,0,0,0,0,0,0,0,0,0,0,0,-1,-1,-1
I2,0,0,0,0,0,0,0,0,0,0,0,0,0,0,0,0,6,0,0,0,0,0,0,0,0,0,0,-1,-1,-1
I3,0,0,0,0,0,0,0,0,0,0,0,0,0,0,0,0,6,0,0,0,0,0,0,0,0,0,0,-1,-1,-1
GCCAGCACACACCGCA-1,-1,-1,-1,0,34,0,0,0,0,0,0,0,0,38,0,0,6,0,-1,-1,-1,34,45,0,10,24,0,-1,-1,-1
GGCGTCACATTCTCCG-1,15,29,0,0,28,2,0,34,0,0,27,0,0,33,0,2,6,0,0,27,0,0,0,0,14,27,0,-1,-1,-1
I4,0,0,0,0,0,0,0,0,0,0,0:0.19/10:0.81,0,0,0,0,0,6,0,0,0,0,0,0,0,0,0,0,-1,-1,-1
I5,0,0:0.01/1:0.99,0,0,0,0,0,11,0,0,10,0,0,0,0,0,6,0,0,0:0.01/4:0.99,0,8,13,0,0,0,0,-1,-1,-1
I6,0,1,0,0,0,0,0,11,0,0,10,0,0,0,0,0,6,0,0,4,0,8,13,0,0:0.02/-1:0.97/1:0.006/2:0.008/3:0.002/4:0.008/6:0.009/7:0.008/9:0.006/10:0.007/13:0.009/14:0.002/15:0.002,0:0.02/-1:0.97/1:0.006/2:0.001/3:0.004/4:0.005/5:0.002/6:0.009/8:0.008/9:0.005/10:0.006/11:0.004/12:0.009/13:0.001/15:0.001/16:0.009/19:0.001/20:0.003/21:0.003/22:0.008/24:0.003/27:0.002/28:0.001/29:0.002/30:0.001,0:0.02/-1:0.97/2:0.006,-1,-1,-1
I7,0,1,0,0,0,0,7,11,0,0,10,0,0,0,0,7,6,0,3,4,0,8,13,0,-1,-1,-1,-1,-1,-1
ACCCTCACAGTGGGTA-1,0,1,0,0,11,0,7,11,0,0,10,0,0,11,0,7,6,0,3,4,0,8,13,0,-1,-1,-1,-1,-1,-1
TTGATGGCAAGCAATA-1,0,1,0,26,43,0,7,11,0,0,10,0,0,0,0,7,6,0,3,4,0,8,13,0,-1,-1,-1,-1,-1,-1
TGGTTAGAGTCTGGTT-1,0,1,0,0,0,0,18,11,0,0,10,0,0,0,0,2,6,0,0,4,0,8,13,0,-1,-1,-1,-1,-1,-1
I8,0,1,0,0:0.81/8:0.19,0:0.81/18:0.19,0,0:0.05/4:0.95,11,0,0,10,0,0,0,0,14,6,0,0,4,0,8,13,0,0,0,0,-1,-1,-1
I9,0,1,0,0:0.03/-1:0.96/8:0.01,0:0.03/-1:0.96/18:0.01,0:0.03/-1:0.96/4:0.001,4,11,0,0,10,0,0,0,0,14,6,0,0,4,0,8,13,0,0,0,0,-1,-1,-1
I10,0,1,0,-1,-1,-1,4,11,0,0,10,0,0:0.02/24:0.98,0,0,14,6,0,0,4,0,8,13,0,0:0.67/7:0.33,0:0.67/15:0.33,0,-1,-1,-1
GTGACGCTCGTTAGTG-1,0,1,0,-1,-1,-1,4,11,0,0,10,0,24,42,0,14,6,0,0,4,0,8,13,0,-1,-1,-1,-1,-1,-1
GACTTCCCATGGCTAT-1,0,1,0,-1,-1,-1,4,11,0,0,10,0,24,11,0,14,6,0,0,4,0,8,13,0,7,15,0,-1,-1,-1
CCTTTGGTCGACTCCT-1,0,1,0,-1,-1,-1,4,11,0,0,10,0,22,31,0,14,6,0,0,4,0,8,13,0,6,20,0,-1,-1,-1
ATCGGCGCACTGCGTG-1,0,1,0,8,18,0,4,11,0,11,10,0,-1,-1,-1,14,6,0,0,4,0,8,13,0,-1,-1,-1,-1,-1,-1
I11,0,0,0,14,33,3,0,0,0,12,10,0,0,36,3,9,6,0,15,32,0,0,0,0,-1,-1,-1,-1,-1,-1
I12,0,0,0,14,33,3,0,0,0,12,10,0,0,36,3,9,6,0,15,32,0,0,0,0,-1,-1,-1,-1,-1,-1
TTGTTCAAGGTCTTTG-1,-1,-1,-1,14,33,3,8,14,0,12,10,0,0,36,3,9,6,1,15,32,0,44,2,0,-1,-1,-1,-1,-1,-1
I13,0,34,0,14,33,3,0:0.75/24:0.25,0:0.75/38:0.25,0:0.75/4:0.25,12,10,0,0,36,3,9,6,0,15,32,0,0,0,0,-1,-1,-1,-1,-1,-1
GGGTTTAGTATTGGCT-1,0,34,0,14,33,3,-1,-1,-1,12,10,0,1,36,3,9,6,0,15,32,0,1,31,0,-1,-1,-1,-1,-1,-1
GGGCTCAGTCTAATCG-1,0,34,0,14,33,3,24,38,4,12,10,0,28,36,3,9,6,0,15,32,0,0,0,0,-1,-1,-1,-1,-1,-1
GAGAGGTGTGTCCTAA-1,0,0,0,14,33,3,-1,-1,-1,12,10,0,0,36,3,9,6,1,15,32,0,5,42,0,-1,-1,-1,-1,-1,-1
I14,0,0,0,0,0,0,0,0,0,0,0,0,0,0,0,0,0,0,0,0,0,0,0,0,0,0,0,-1,-1,-1
I15,0,0:0.43/9:0.57,0,0:0.02/7:0.98,0:0.02/17:0.98,0,14,22,0,0,0,0,0:0.02/15:0.98,26,0,0:0.03/1:0.97,0:0.02/13:0.98,0,0:0.43/5:0.57,0:0.43/11:0.57,0:0.43/2:0.57,0,0:0.43/10:0.57,0,0:0.02/7:0.98,13,0,-1,-1,-1
GGAGGTAGTGTACAGG-1,0,9,0,7,17,0,14,22,0,0,0,0,15,26,0,1,13,0,-1,-1,-1,-1,-1,-1,7,13,0,-1,-1,-1
ATACTTCCATAACGGG-1,-1,-1,-1,7,17,0,14,22,0,-1,-1,-1,15,26,0,1,13,0,5,11,2,0,10,0,7,13,0,-1,-1,-1
I16,0,0,0,0,0,0,0,0,0,0,0,0,0,0,0,0,0,0,0,0,0,0,0,0,0,0,0,-1,-1,-1
I17,0,0,0,0,0,0,0,0,0,0,0,0,0,0,0,0,0,0,0,0,0,0,0,0,-1,-1,-1,-1,-1,-1
I18,0,0,0,0,0,0,0,0,0,0,0,0,0,0,0,0,0,0,0,0,0,0,0,0,-1,-1,-1,-1,-1,-1
I19,0,0,0,0,0,0,0,0,0,0,0,0,0,0,0,0,0,0,0,0,0,0,0:0.17/2:0.83,0,-1,-1,-1,-1,-1,-1
I20,0,0,0,0,15,0,0,0:0.02/5:0.98,0,0,0:0.01/14:0.99,0,0,0:0.01/20:0.99,0,0:0.49/2:0.51,0:0.49/19:0.51,0,0,10,0,0,2,0,-1,-1,-1,-1,-1,-1
AGCCAGCTCTAAGGAA-1,0,15,2,0,15,0,0,5,0,0,14,0,0,20,0,-1,-1,-1,0,10,0,1,2,0,-1,-1,-1,-1,-1,-1
ATGCGATGTGAGATTA-1,2,19,0,6,15,0,0,5,2,12,14,0,0,20,0,2,19,0,0,10,0,0,2,0,-1,-1,-1,-1,-1,-1
I21,0,5,0,0,0,0,4,6,0,4,7,0,0,6,0,4,7,0:0.03/1:0.97,0,0,0,0,2,0,-1,-1,-1,-1,-1,-1
CTGATCCAGCTTTGTG-1,14,5,0,0,14,0,4,6,0,4,7,0,0,6,0,4,7,1,12,31,4,0,2,0,-1,-1,-1,-1,-1,-1
I22,0,5,0,0,0,0,4,6,0,4,7,0,0,6,0,4,7,0:0.01/1:0.99,0,3,0,0,2,0,-1,-1,-1,-1,-1,-1
CACCAAACATCGCTAA-1,0,5,0,9,20,0,4,6,0,4,7,0,0,6,0,4,7,1,0,3,0,0,2,0,-1,-1,-1,-1,-1,-1
AAGTTCGGTGCTCTCT-1,0,5,0,4,5,0,4,6,0,4,7,0,0,6,0,4,7,1,0,3,0,5,2,0,-1,-1,-1,-1,-1,-1
I23,0,4,0,0,6,0,0,7,0,5,8,0,0,0,0,0,8,0,0,0,0,0,7,0,-1,-1,-1,-1,-1,-1
I24,0,4,0,0,6,0,0:0.01/3:0.99,7,0,5,8,0,11,19,0,0,8,0,0:0.47/11:0.53,0:0.47/19:0.53,0,16,7,0,-1,-1,-1,-1,-1,-1
I25,0,4,0,0,6,0,3,7,0,5,8,0,11,19,0,0,8,0,-1:0.99/11:0.01,-1:0.99/19:0.01,0:0.01/-1:0.99,16,7,0,-1,-1,-1,-1,-1,-1
I26,0,4,0,0,6,0,3,7,0,5,8,0,11,19,0,2,8,0,-1,-1,-1,16,7,0,-1,-1,-1,-1,-1,-1
CTAACCCTCTGCCCTA-1,0,4,0,6,6,0,3,7,0,5,8,0,11,19,0,2,8,0,-1,-1,-1,16,7,0,-1,-1,-1,-1,-1,-1
TACGGGCAGATACGAT-1,0,4,0,0,6,0,3,7,0,5,8,0,11,19,0,2,8,0,-1,-1,-1,16,7,0,-1,-1,-1,-1,-1,-1
AGATGCTTCTCTAGGA-1,0,4,0,0,6,0,3,7,0,5,8,0,11,19,0,9,8,0,-1,-1,-1,16,7,0,-1,-1,-1,-1,-1,-1
CTCAATTTCCGGCAAC-1,0,4,0,6,6,0,3,7,0,5,8,0,11,19,0,2,8,0,11,19,0,16,7,0,-1,-1,-1,-1,-1,-1
I27,0,4,0,0,6,0,0,7,0,5,8,0,0,0,0,0,8,0,0,0:0.12/23:0.88,0,0,7,0,-1,-1,-1,-1,-1,-1
I28,0,4,0,0,6,0,0,7,0,5,8,0,0:0.01/8:0.99,13,0,0:0.01/1:0.99,8,0,0:0.41/13:0.59,0:0.05/23:0.95,0,9,7,0,-1,-1,-1,-1,-1,-1
TTTCAGTCACTCTAGA-1,0,4,0,0,6,0,18,7,0,5,8,0,8,13,0,1,8,0,13,23,0,9,7,0,-1,-1,-1,-1,-1,-1
ACGATGTCATCGGAAG-1,0,4,0,0,6,0,3,7,0,5,8,0,8,13,0,1,8,0,-1,-1,-1,9,7,0,-1,-1,-1,-1,-1,-1
TTCAATCAGCGAGGAG-1,0,4,0,6,6,0,0,7,0,5,8,0,0,48,0,10,8,0,0,23,0,0,7,0,-1,-1,-1,-1,-1,-1
I29,0,0,0,0,0,0,0,0:0.21/23:0.79,0,0:0.96/13:0.04,0:0.96/18:0.04,0,0,0,0,0,0,0,0,0,0,0,0,0,-1,-1,-1,-1,-1,-1
I30,0,17,0,0,0,0,0,23,0,0:0.03/-1:0.96/13:0.01,0:0.03/-1:0.96/18:0.01,0:0.03/-1:0.96/2:0.001,0,0,0,0:0.01/6:0.99,0:0.01/1:0.99,0,0,0,0,0:0.01/6:0.99,0:0.01/2:0.99,0,-1,-1,-1,-1,-1,-1
CCTTGTGAGGGACTGT-1,0,17,0,-1,-1,-1,0,23,0,-1,-1,-1,0,1,0,6,1,0,10,26,0,6,2,0,-1,-1,-1,-1,-1,-1
I31,0:0.06/5:0.94,17,0,0,0,0,0,23,0,-1:0.99/13:0.01,-1:0.99/18:0.01,-1:0.99/2:0.001,0,0:0.04/2:0.96,0,6,1,0,0,0:0.72/19:0.28,0,6,2,0,-1,-1,-1,-1,-1,-1
CTTAGGACACAAGCAG-1,5,17,0,13,31,0,4,23,0,-1,-1,-1,1,2,0,6,1,0,0,19,0,6,2,0,-1,-1,-1,-1,-1,-1
ATACTTCGTCGACGCT-1,5,17,0,0,2,0,0,23,0,-1,-1,-1,15,2,0,6,1,0,-1,-1,-1,6,2,0,-1,-1,-1,-1,-1,-1
ATGGTTGTCCGCATAA-1,5,16,0,6,19,0,2,23,0,13,18,0,16,16,0,2,20,0,-1,-1,-1,0,4,0,-1,-1,-1,-1,-1,-1
I32,0,0,0,0,0,0,0,0,0,0,0,0,0,0,0,0,0,0,-1,-1,-1,0,0,0,0,0,0,-1,-1,-1
I33,0,0,0,0,0,0,0,0,0,0,0,0,0,0,0,0,0,0,-1,-1,-1,0,0,0,0,0,0,-1,-1,-1
AATCGTGTCGGATAAA-1,3,4,0,0,6,0,0,7,0,5,8,0,4,7,0,2,8,0,-1,-1,-1,0,7,0,2,3,0,-1,-1,-1
I34,0,0,0,0,0,0,0,0,0,0,0,0,0,0,0,0,0,0,-1,-1,-1,0,0,0,0,0,0,-1,-1,-1
I35,0,0:0.05/7:0.95,0,0,8,0,0,0,0,0,0,0,0,0,0,0,0:0.01/10:0.99,0,-1,-1,-1,0,0,0,0:0.69/6:0.31,0:0.69/20:0.31,0,-1,-1,-1
TCAAGCAAGCTGTACT-1,0,7,0,0,8,0,0,0,0,-1,-1,-1,8,2,0,0,10,0,-1,-1,-1,0,0,0,6,20,0,-1,-1,-1
AATTTCCTCGAGAACG-1,0,7,0,0,8,0,-1,-1,-1,0,0,0,5,9,0,0,10,0,-1,-1,-1,0,9,0,-1,-1,-1,-1,-1,-1
I36,0,0,0,0,0,0,0,0,0,0,0,0,0,0,0,0,0,0,-1,-1,-1,0,0,0,0:0.57/-1:0.41/6:0.02,0:0.57/-1:0.41/20:0.02,0:0.57/-1:0.41/1:0.001/2:0.011,-1,-1,-1
I37,1,27,0,12,25,0,18,31,0,0,0,0,20,30,0,17,27,6,-1,-1,-1,0,0,0,-1,-1,-1,-1,-1,-1
TGATTCTGTGAATAAC-1,1,27,0,12,25,0,18,31,0,15,10,0,20,30,0,17,27,6,-1,-1,-1,0,11,0,-1,-1,-1,-1,-1,-1
I38,1,27,0,12,25,0,18,31,0,0,0,0,20,30,0,17,27,6,-1,-1,-1,0,0,0,-1,-1,-1,-1,-1,-1
CCGTAGGCAACCGCCA-1,1,27,0,12,25,0,18,31,0,20,22,0,20,30,0,17,27,6,-1,-1,-1,0,0,0,-1,-1,-1,-1,-1,-1
GAGATGGGTTCAGCGC-1,1,27,0,12,25,4,18,31,0,0,0,0,20,30,0,17,27,6,-1,-1,-1,32,10,0,-1,-1,-1,-1,-1,-1
AGGCCACAGTGGATTA-1,4,6,0,0,0,0,6,10,0,0,0,0,0,22,0,0,6,0,-1,-1,-1,0,24,2,-1,-1,-1,-1,-1,-1
I39,0,0,0,0,0,0,0,0:0.36/5:0.64,0,0,0,0,0,0,0,0,0,0,-1,-1,-1,0,0,0,0:0.94/15:0.06,0:0.94/29:0.06,0,-1,-1,-1
TGTCAGATCAAGAGGC-1,0,39,0,0,42,0,0,5,0,0,1,0,0,0,0,0,39,1,-1,-1,-1,1,57,0,15,29,0,-1,-1,-1
TGGGATTTCCATCACC-1,22,37,0,25,41,0,3,5,0,25,34,0,0,25,0,23,24,0,-1,-1,-1,42,56,0,-1,-1,-1,-1,-1,-1
I40,0,0,0,0,0,0,0:0.49/18:0.51,0,0,0,0,0,0,0,0,0,0,0,0,0,0,0,0,0,0,0:0.96/28:0.04,0,-1,-1,-1
TCAATTCAGCTTCTAG-1,0,8,0,1,10,0,18,10,5,0,10,0,20,30,0,9,19,0,18,35,0,39,52,0,0,28,0,-1,-1,-1
TCGCTCAGTGTGGTCC-1,0,0,0,0,0,0,18,41,0,19,1,0,0,46,0,0,38,0,0,0,0,41,55,6,-1,-1,-1,-1,-1,-1
(((ATTGTTCCAATCCAGT-1:8.011,((((GACTATGGTCTCTCAC-1:1.835,TCCAGAAGTTTCACAG-1:6.254)I11:3.202,TCGGGTGGTATTGACC-1:6.798)I10:2.263,(ATACCTTGTACTCCCT-1:1.009,GTCTAGACAATAGTGA-1:1.009)I9:9.054)I8:0.95,(CTCAACCGTATCGATC-1:4.013,((AGATAGACAACCCTCT-1:3.006,TTCCGGTAGAATAACC-1:1.588)I7:2.415,(ATGTCTTTCCGGTAGC-1:1,CCTATCGTCCAAATGC-1:0)I6:0.003)I5:2.01)I4:6.998)I3:0)I2:3.355,TTTGGAGAGTGTTGAA-1:8.065)I1:5.989)I0;
I0,0,0,0,0,0,0,0,0,0,0,0,0,0,0,0,0,0,0,0,0,0,0,0,0,0,0,0,0,0,0
I1,0,0,0,0,0,0,0,0,0,0,0,0,0,0,0,0,0,0,0:0.05/-1:0.94/1:0.008/2:0.001/4:0.009/6:0.002/7:0.008/9:0.003/10:0.006/11:0.001/13:0.009/16:0.008/17:0.007/18:0.001,0:0.05/-1:0.94/1:0.009/2:0.008/4:0.008/5:0.004/6:0.001/8:0.003/9:0.005/10:0.001/13:0.001/14:0.009/16:0.003/17:0.001/19:0.006/20:0.001/21:0.001/22:0.003/23:0.009/24:0.001/26:0.006/29:0.005/33:0.004/34:0.001/35:0.001/36:0.001,0:0.05/-1:0.94/3:0.001,0,0,0,0,0:0.7/21:0.3,0,0:0.05/-1:0.94/1:0.009,0:0.05/-1:0.94/1:0.005/2:0.005/3:0.009,0:0.05/-1:0.94/1:0.001
TTTGGAGAGTGTTGAA-1,0,0,0,3,13,0,0,33,0,0,26,0,0,32,0,0,23,0,-1,-1,-1,0,7,0,0,21,0,-1,-1,-1
I2,0,0,0,0,0,0,0,0,0,0,0,0,0,0,0,0,0,0,-1,-1,-1,0,0,0,-1,-1,-1,-1,-1,-1
I3,0,0,0,0,0,0,0,0,0,0,0,0,0,0,0,0,0,0,-1,-1,-1,0,0,0,-1,-1,-1,-1,-1,-1
I4,0,4,0,0,6,0,0,0,0,5,8,0,4,7,0,0,0,0,-1,-1,-1,0,0:0.01/7:0.99,0,-1,-1,-1,-1,-1,-1
I5,0,4,0,0,6,0,0,7,0,5,8,0,4,7,0,0,8,0,-1,-1,-1,0,7,0,-1,-1,-1,-1,-1,-1
I6,0,4,0,0,6,0,0,7,0,5,8,0,4,7,0,0,8,0,-1,-1,-1,0,7,0,-1,-1,-1,-1,-1,-1
CCTATCGTCCAAATGC-1,0,4,0,0,6,0,0,7,0,5,8,0,4,7,0,0,8,0,-1,-1,-1,0,7,0,-1,-1,-1,-1,-1,-1
ATGTCTTTCCGGTAGC-1,0,4,0,0,6,0,0,7,0,5,8,0,4,7,0,2,8,0,-1,-1,-1,0,7,0,-1,-1,-1,-1,-1,-1
I7,3,4,0,0,6,0,0,7,0,5,8,0,4,7,0,0:0.58/6:0.42,8,0,-1,-1,-1,0:0.01/10:0.99,7,0,-1,-1,-1,-1,-1,-1
TTCCGGTAGAATAACC-1,3,4,0,1,6,0,0,7,0,5,8,0,4,7,0,6,8,0,-1,-1,-1,10,7,0,-1,-1,-1,-1,-1,-1
AGATAGACAACCCTCT-1,3,4,0,0,6,0,0,7,0,5,8,0,4,7,0,-1,-1,-1,-1,-1,-1,10,7,0,-1,-1,-1,-1,-1,-1
CTCAACCGTATCGATC-1,3,4,0,0,6,0,0,15,0,5,8,0,4,7,0,0,30,0,-1,-1,-1,1,7,0,-1,-1,-1,-1,-1,-1
I8,0,0:0.06/7:0.94,0,0,0,0,0,0,0,0,0,0,0,0,0,0,0,0,-1,-1,-1,0,0,0,-1,-1,-1,-1,-1,-1
I9,0,7,0,0,11,0,0,0,0,10,17,0,0,25,0,13,0,3,-1,-1,-1,-1,-1,-1,-1,-1,-1,-1,-1,-1
GTCTAGACAATAGTGA-1,0,7,3,0,11,0,0,0,0,10,17,0,0,25,0,13,0,3,-1,-1,-1,-1,-1,-1,-1,-1,-1,-1,-1,-1
ATACCTTGTACTCCCT-1,0,7,0,0,11,0,0,16,0,10,17,0,0,25,0,13,0,3,-1,-1,-1,-1,-1,-1,-1,-1,-1,-1,-1,-1
I10,0,7,0,0,8,0,0,0,0,0,0:0.79/33:0.21,0,0,0,0,0,10,0,-1,-1,-1,0,0,0,-1,-1,-1,-1,-1,-1
TCGGGTGGTATTGACC-1,0,7,0,0,8,0,5,42,0,0,33,0,-1,-1,-1,0,10,0,-1,-1,-1,0,22,0,-1,-1,-1,-1,-1,-1
I11,0,7,0,0,8,0,0,0,0,0:0.07/-1:0.92/1:0.008/3:0.007/4:0.006/5:0.001/7:0.008/8:0.002/9:0.001/11:0.003/12:0.005/14:0.009/15:0.009/16:0.001/17:0.006/18:0.002/19:0.008/20:0.002/22:0.001/23:0.003,0:0.06/-1:0.92/33:0.02,0:0.07/-1:0.92/2:0.001,0,0,0,0,10,0,-1,-1,-1,0,0:0.58/10:0.42,0,-1,-1,-1,-1,-1,-1
TCCAGAAGTTTCACAG-1,0,7,0,0,8,0,0,39,0,-1,-1,-1,1,5,0,0,10,0,-1,-1,-1,-1,-1,-1,-1,-1,-1,-1,-1,-1
GACTATGGTCTCTCAC-1,0,7,0,0,8,0,0,0,0,-1,-1,-1,0,11,0,0,10,0,-1,-1,-1,0,10,0,-1,-1,-1,-1,-1,-1
ATTGTTCCAATCCAGT-1,0,1,0,7,11,0,0,10,0,0,19,0,0,28,0,0,3,0,-1,-1,-1,0,2,0,-1,-1,-1,-1,-1,-1
((((((((AGACCCGGTGGCTAGA-1:0.001,((TTGCGTCTCTTCCGTG-1:0,CATTGCCGTCCAAATC-1:0)I23:0,GATGCTATCGCGTGAC-1:0)I22:0.001)I21:3.04,AGCTTCCTCTTTCGAT-1:0.417)I20:3.588,(TAAGCGTAGACTAGAT-1:5,GCCGTGACACAATGTC-1:2.951)I19:0.05)I18:2.001,(ACTTCCGAGCTCATAC-1:6.964,(CTCCTTTGTCGGTGAA-1:0.238,CATGGATCACTAGTAC-1:3.023)I17:5.749)I16:0.055)I15:3.801,CCTCACATCTCACGAA-1:13.013)I14:1.207,((((GATGATCGTACCTAGT-1:3.148,AGCTTCCTCACTACGA-1:3.148)I13:3.105,CTCAAGACATCTAGAC-1:5.238)I12:2.792,TTGCGTCCAGCGGTCT-1:5.613)I11:2.226,ACTTATCAGGCCTAAG-1:13.042)I10:3.169)I9:1.021,((((GGGACCTAGTATTCCG-1:4.038,AGGTTACAGGCCTTCG-1:3.193)I8:3.13,GCTGGGTCACAGCTTA-1:9.047)I7:5.09,AACGGGAAGCATCAAA-1:10.413)I6:0.589,(CAACAGTCAGCGAACA-1:1.001,((TTACGTTTCAAGCTGT-1:0.004,AATGGAAAGGCGACAT-1:3.004)I5:8.243,TACATTCGTGATTCAC-1:9.246)I4:0.754)I3:0.001)I2:3.028)I1:2.974)I0;
I0,0,0,0,0,0,0,0,0,0,0,0,0,0,0,0,0,0,0,0,0,0,0,0,0,0,0,0,0,0,0
I1,0,0,0,0,0,0,0,0,0,0,0,0,0,0,0,0,0,0,0,0,0,0,0,0,0,0,0,0:0.01/-1:0.99,0:0.01/-1:0.99,0:0.01/-1:0.99
I2,0,0,0,0,0,0,0,0,0,0,0,0,0,0,0,0,0,0,0,0,0,0,0,0,-1,-1,-1,-1,-1,-1
I3,0,0,0,0,0,0,0,0,0,0,0,0,0,0,0,0,0,0,0,0,0,0,0,0,-1,-1,-1,-1,-1,-1
I4,0,0,0,0,0,0,0,0,0,0,0,0,0,0,0,0,0,0,0,0:0.25/1:0.75,0,0,0,0,-1,-1,-1,-1,-1,-1
TACATTCGTGATTCAC-1,20,35,0,3,38,0,0,0,0,0,0,0,1,44,0,1,0,0,0,1,0,13,50,0,-1,-1,-1,-1,-1,-1
I5,4,6,0,0,7,0,5,8,0,0,9,0,0,8,0,0,0,0,0,1,0,0,8,0,-1,-1,-1,-1,-1,-1
AATGGAAAGGCGACAT-1,4,6,0,0,7,0,5,8,0,0,9,0,0,8,0,5,9,2,0,1,0,0,8,0,-1,-1,-1,-1,-1,-1
TTACGTTTCAAGCTGT-1,4,6,0,0,7,0,5,8,0,0,9,0,0,8,0,0,0,0,0,1,0,0,8,0,-1,-1,-1,-1,-1,-1
CAACAGTCAGCGAACA-1,0,0,0,0,0,0,0,26,0,0,0,0,0,0,0,0,0,0,0,0,0,0,0,0,-1,-1,-1,-1,-1,-1
I6,0,0,0,0,0,0,0,0,0,0,0,0,0,0,0,0,0,0,0,0:0.41/2:0.59,0,0,0,0,-1,-1,-1,-1,-1,-1
AACGGGAAGCATCAAA-1,2,1,0,3,3,0,0,0,0,2,3,0,0,3,0,0,3,0,0,2,0,2,4,0,-1,-1,-1,-1,-1,-1
I7,0,0:0.01/13:0.99,0,0,0:0.02/10:0.98,0,0,0,0,0,0:0.02/10:0.98,0,0,0,0,0,17,0,0,0:0.28/2:0.72,0,0,26,0,-1,-1,-1,-1,-1,-1
GCTGGGTCACAGCTTA-1,0,13,0,0,10,0,23,24,0,15,10,0,26,39,5,0,17,0,-1,-1,-1,0,26,0,-1,-1,-1,-1,-1,-1
I8,0,13,0,0,10,0,0,20,0,0,10,0,0,0:0.01/16:0.99,0,0:0.03/9:0.97,17,0,0,0:0.15/2:0.85,0,0,26,0,-1,-1,-1,-1,-1,-1
AGGTTACAGGCCTTCG-1,2,13,0,6,10,0,0,20,0,0,10,0,13,16,0,9,17,0,0,2,0,0,26,0,-1,-1,-1,-1,-1,-1
GGGACCTAGTATTCCG-1,0,13,0,0,10,0,10,20,0,0,10,0,0,16,0,9,17,0,-1,-1,-1,0,26,0,-1,-1,-1,-1,-1,-1
I9,0,0,0,0,0,0,0,0,0,0,0,0,0,0:0.01/16:0.99,0,0,0,0,0,0,0,0,0,0,0,0,0,-1,-1,-1
I10,0,0:0.01/13:0.99,0,0,0,0,0,0:0.03/15:0.97,0,0,12,0,0,16,0,0,0,0,0,0,0,0,0,0,0,0:0.8/30:0.2,0,-1,-1,-1
ACTTATCAGGCCTAAG-1,0,13,0,5,14,0,0,15,0,0,12,0,0,16,0,9,16,1,-1,-1,-1,12,17,0,-1,-1,-1,-1,-1,-1
I11,0,13,0,0,0:0.01/16:0.99,0,0,15,0,0,12,0,0,16,0,0,17,0,0,0,0,0,0,0,0,0:0.6/30:0.4,0,-1,-1,-1
TTGCGTCCAGCGGTCT-1,0,13,0,0,16,0,0,15,0,15,12,0,0,16,0,0,17,0,19,33,0,1,31,0,0,30,0,-1,-1,-1
I12,0,13,0,0,16,0,0,15,0,0,12,0,0,16,0,0,17,0,0,0,0,0,0,0,0:0.07/-1:0.92/1:0.006/2:0.008/3:0.002/4:0.008/6:0.009/7:0.008/9:0.006/10:0.007/13:0.009/14:0.002/15:0.002,0:0.04/-1:0.92/30:0.04,0:0.07/-1:0.92/2:0.006,-1,-1,-1
CTCAAGACATCTAGAC-1,0,13,0,0,16,0,0,15,0,1,12,0,0,16,0,18,17,0,0,0,0,29,39,4,-1,-1,-1,-1,-1,-1
I13,0,13,0,0,16,0,0,15,0,0,12,0,0,16,0,0,17,0,0:0.04/-1:0.95/1:0.008/2:0.001/4:0.009/6:0.002/7:0.008/9:0.003/10:0.006/11:0.001/13:0.009/16:0.008/17:0.007/18:0.001,0:0.04/-1:0.95/1:0.009/2:0.008/4:0.008/5:0.004/6:0.001/8:0.003/9:0.005/10:0.001/13:0.001/14:0.009/16:0.003/17:0.001/19:0.006/20:0.001/21:0.001/22:0.003/23:0.009/24:0.001/26:0.006/29:0.005/33:0.004/34:0.001/35:0.001/36:0.001,0:0.04/-1:0.95/3:0.001,0,0,0,-1,-1,-1,-1,-1,-1
AGCTTCCTCACTACGA-1,7,13,0,0,16,0,0,15,0,0,12,0,0,16,0,2,17,0,-1,-1,-1,0,22,0,-1,-1,-1,-1,-1,-1
GATGATCGTACCTAGT-1,0,13,0,15,16,0,0,15,0,15,12,0,0,16,0,0,17,0,-1,-1,-1,0,31,0,-1,-1,-1,-1,-1,-1
I14,0,0,0,0,0:0.79/3:0.21,0,0,0:0.01/16:0.99,0,0,0,0,0,16,0,0,0,0,0,0,0,0,0,0,0,0,0,-1,-1,-1
CCTCACATCTCACGAA-1,0,16,0,-1,-1,-1,0,16,0,3,24,0,0,16,0,0,29,0,0,25,0,4,4,0,-1,-1,-1,-1,-1,-1
I15,0,7,0,0,3,0,0,16,0,0,3,0,0,16,0,0,3,0,0,0,0,0,0,0,0,0,0,-1,-1,-1
I16,0,7,0,0,3,0,0,16,0,0,3,0,0,16,0,0,3,0,0,0:0.98/30:0.02,0,0,0,0,0:0.98/3:0.02,0:0.98/6:0.02,0,-1,-1,-1
I17,0,7,0,0,3,0,0,16,0,0,3,0,0,16,0,0,3,0,0,0:0.21/30:0.79,0,11,16,0,0:0.01/-1:0.99,0:0.01/-1:0.99,0:0.01/-1:0.99,-1,-1,-1
CATGGATCACTAGTAC-1,0,7,0,0,3,0,0,16,0,0,3,0,0,16,0,0,3,0,-1,-1,-1,11,16,0,-1,-1,-1,-1,-1,-1
CTCCTTTGTCGGTGAA-1,0,7,0,0,3,0,0,16,0,0,3,0,0,16,0,0,3,0,0,30,0,11,16,0,-1,-1,-1,-1,-1,-1
ACTTCCGAGCTCATAC-1,0,7,0,0,3,0,0,16,0,0,3,0,0,16,0,0,3,0,-1,-1,-1,6,18,0,3,6,0,-1,-1,-1
I18,0,7,0,0,3,0,0,16,0,0,3,0,0,16,0,0,3,0,0,0,0,0,21,1,0,0,0,-1,-1,-1
I19,0,7,0,0,3,0,0,16,0,0,3,0,0,16,0,0,3,0,0,0,0,0,21,1,0:0.98/12:0.02,0:0.98/6:0.02,0,-1,-1,-1
GCCGTGACACAATGTC-1,0,7,0,0,3,0,0,16,0,0,3,0,0,16,0,0,3,0,0,23,0,0,21,1,12,6,0,-1,-1,-1
TAAGCGTAGACTAGAT-1,0,7,0,0,3,0,0,16,0,0,3,0,0,16,0,0,3,0,17,2,0,0,21,1,-1,-1,-1,-1,-1,-1
I20,0,7,0,0,3,0,0,16,0,0,3,0,0,16,0,0,3,0,0:0.01/-1:0.99,0:0.01/-1:0.99,0:0.01/-1:0.99,0,21,1,0,0:0.38/10:0.62,0,-1,-1,-1
AGCTTCCTCTTTCGAT-1,0,7,0,0,3,0,0,16,0,0,3,0,0,16,0,0,3,0,-1,-1,-1,0,21,1,0,10,0,-1,-1,-1
I21,0,7,0,0,3,0,0,16,0,0,3,0,0,16,0,0,3,0,-1,-1,-1,0,21,1,-1,-1,-1,-1,-1,-1
I22,0,7,0,0,3,0,0,16,0,0,3,0,0,16,0,0,3,0,-1,-1,-1,0,21,1,-1,-1,-1,-1,-1,-1
GATGCTATCGCGTGAC-1,0,7,0,0,3,0,0,16,0,0,3,0,0,16,0,0,3,0,-1,-1,-1,0,21,1,-1,-1,-1,-1,-1,-1
I23,0,7,0,0,3,0,0,16,0,0,3,0,0,16,0,0,3,0,-1,-1,-1,0,21,1,-1,-1,-1,-1,-1,-1
CATTGCCGTCCAAATC-1,0,7,0,0,3,0,0,16,0,0,3,0,0,16,0,0,3,0,-1,-1,-1,0,21,1,-1,-1,-1,-1,-1,-1
TTGCGTCTCTTCCGTG-1,0,7,0,0,3,0,0,16,0,0,3,0,0,16,0,0,3,0,-1,-1,-1,0,21,1,-1,-1,-1,-1,-1,-1
AGACCCGGTGGCTAGA-1,0,7,0,0,3,0,0,16,0,0,3,0,0,16,0,0,3,0,-1,-1,-1,0,21,1,-1,-1,-1,-1,-1,-1
((((GAAGGGTCACTAGGCC-1:3,((TAGGTACCAACCGCCA-1:1.999,((GACCAATTCCACATAG-1:0,TATCAGGAGTTCCAGT-1:0)I61:0.003,CACTGGGGTTCTAACG-1:1.003)I60:2.997)I59:0,(GTAACCAGTAACTTCG-1:1,(GACGCTGGTCATGCAT-1:1,GTAAGTCGTGTCATCA-1:0)I58:0)I57:3)I56:0)I55:11.329,(TTCGCTGGTGAGAACC-1:14.327,CAAGCTATCTACTGCC-1:18.024)I54:0.002)I53:1.671,(((((TCGCACTTCTACGCGG-1:8.06,(CTCCCAACAATTTCCT-1:3.106,GGACGTCGTCCAAATC-1:8.093)I52:1.954)I51:6.94,(AGGCCACTCTCATTTG-1:14,(((((TCACAAGCAAGAGATT-1:1.009,ATTCTTGGTGACTGAG-1:2.009)I50:0.998,TCCCAGTGTATCACCA-1:1.007)I49:0.993,((GACTCTCCAAGGTCGA-1:2,TATACCTAGTTTGTCG-1:0)I48:0,TTACTGTTCAGTGCGC-1:2)I47:0)I46:3.007,CAACGGCCAACTTCTT-1:1.909)I45:8.091,((GAGTTACCAGGTCCCA-1:9,((AGTACTGAGCCTCGTG-1:5.002,(CCCTCAAAGGGCAGAG-1:3.002,(TCATATCAGCATTGAA-1:0.528,ACCTGAACATCACCAA-1:3)I44:1.473)I43:0)I42:8.999,(((AGAAGTAAGTGCTCAT-1:9,(((CAGTTCCCACTAGGTT-1:0,GGAGGATAGGGTGAAA-1:1)I41:0,((AGGACGAAGAGGACTC-1:1.998,TTACTGTGTCTCAGAT-1:3)I40:0.001,TATTGGGTCGATGCTA-1:3)I39:0.001)I38:12,((CACTGTCCATTCATCT-1:0.002,TTCTAACAGCCACCGT-1:1.002)I37:11.998,(GTAATGCTCACCTTAT-1:11,(CGAATTGGTGTTAAAG-1:12,(CGGAATTTCCGAAGGA-1:10,(AGGGCTCTCGTCCTCA-1:9,(GACTATGGTACGATCT-1:14.863,GAATAGAAGAGTAACT-1:9)I36:0.027)I35:0.027)I34:0.027)I33:0)I32:0.027)I31:0)I30:0.028)I29:0,TGAGACTGTCTTGCTC-1:7)I28:0,(TCCTTTCCAAGTGCTT-1:3.023,CTCATGCTCTTCCAGC-1:1.023)I27:9.982)I26:0)I25:0)I24:0,(CATCGCTTCATCTCTA-1:4.004,(ACTGATGTCTGGGCCA-1:2,(((ACTTTGTAGACGCCCT-1:2.004,TCGAAGTGTGAGCAGT-1:0.004)I23:0.996,(TGGGCTGGTCGTACAT-1:1.004,TCAAGTGCAGGCTATT-1:1.004)I22:0.996)I21:0,(TAACGACCATACCACA-1:0,ATTTCACCAACCTAAC-1:1)I20:0)I19:0)I18:0.004)I17:7.997)I16:0)I15:0)I14:0)I13:0,TACAGGTAGGTATTGA-1:14)I12:0,AGGTTACGTCCACGCA-1:15)I11:0,((((TCCGAAACACCGCTGA-1:3,((((GGAGGTATCGCGTGCA-1:1,CAATGACTCGGTAGAG-1:1)I10:0,TGGAACTGTAAGATAC-1:1)I9:0,CGTGCTTTCAGCAATC-1:2)I8:0,GTGAGGAAGCAACAGC-1:2)I7:0)I6:3.001,ACCAAACCACTAGAGG-1:2.648)I5:1.274,(CCTATCGCAAGATTGA-1:4.113,CGTGTCTGTGTCCTAA-1:2.558)I4:5.459)I3:1.182,CCCTTAGTCGATTCCC-1:8.057)I2:9.906)I1:0)c14:3)I0;
I0,0,0,0,0,0,0,0,0,0,0,0,0,0,0,0,0,0,0,0,0,0,0,0,0,0,0,0,0,0,0
c14,0,0,0,0,0,0,0,0,0,0,0,0,0,0,0,0,0,0,0,0,0,0,0,0,0,0,0,-1,-1,-1
I1,0,0,0,0,0,0,0,0,0,0,0,0,0,0,0,0,0,0,0,0,0,0,0,0,0,0,0,-1,-1,-1
I2,0,8,0,0,0,0,0,10,0,0,10,0,7,1,0,0,11,0,0:0.52/2:0.48,0:0.52/5:0.48,0,0,0,0,0:0.01/-1:0.98/1:0.006/2:0.008/3:0.002/4:0.008/6:0.009/7:0.008/9:0.006/10:0.007/13:0.009/14:0.002/15:0.002,0:0.01/-1:0.98/1:0.006/2:0.001/3:0.004/4:0.005/5:0.002/6:0.009/8:0.008/9:0.005/10:0.006/11:0.004/12:0.009/13:0.001/15:0.001/16:0.009/19:0.001/20:0.003/21:0.003/22:0.008/24:0.003/27:0.002/28:0.001/29:0.002/30:0.001,0:0.01/-1:0.98/2:0.006,-1,-1,-1
CCCTTAGTCGATTCCC-1,0,8,0,11,10,0,6,10,0,0,10,0,7,1,0,0,11,0,-1,-1,-1,26,36,0,-1,-1,-1,-1,-1,-1
I3,0,8,0,0,0,0,0,10,0,0,10,0,7,1,0,0,11,0,0:0.46/2:0.54,0:0.46/5:0.54,0,0,11,0,-1,-1,-1,-1,-1,-1
I4,0,8,0,9,20,0,0:0.44/4:0.56,10,0,0,10,0,7,1,0,0,11,0,0:0.01/-1:0.96/2:0.03,0:0.01/-1:0.96/5:0.03,0:0.03/-1:0.96/3:0.001,0,11,0,-1,-1,-1,-1,-1,-1
CGTGTCTGTGTCCTAA-1,0,8,0,9,20,0,4,10,0,15,10,0,7,1,0,6,11,0,-1,-1,-1,0,11,0,-1,-1,-1,-1,-1,-1
CCTATCGCAAGATTGA-1,0,8,0,9,20,0,-1,-1,-1,0,10,0,7,1,0,2,11,0,-1,-1,-1,0,11,0,-1,-1,-1,-1,-1,-1
I5,0,8,0,0,9,0,0,10,0,0,10,0,7,1,0,0,11,0,0:0.32/2:0.68,0:0.32/5:0.68,0,0,11,0,-1,-1,-1,-1,-1,-1
ACCAAACCACTAGAGG-1,0,8,0,0,9,0,5,10,0,0,10,0,7,1,0,6,11,0,2,5,0,0,11,0,-1,-1,-1,-1,-1,-1
I6,0,8,0,0,9,0,0,10,0,0,10,0,7,1,0,0,11,0,-1,-1,-1,0,11,0,-1,-1,-1,-1,-1,-1
I7,0,8,0,0,9,0,0,10,0,0,10,0,7,1,0,0,11,0,-1,-1,-1,0,11,0,-1,-1,-1,-1,-1,-1
GTGAGGAAGCAACAGC-1,19,8,0,0,9,0,0,10,0,0,10,0,7,1,0,6,11,0,-1,-1,-1,0,11,0,-1,-1,-1,-1,-1,-1
I8,0,8,0,0,9,0,0,10,0,0,10,0,7,1,0,0,11,0,-1,-1,-1,0,11,0,-1,-1,-1,-1,-1,-1
CGTGCTTTCAGCAATC-1,0,8,0,0,9,0,5,10,3,0,10,0,7,1,0,0,11,0,-1,-1,-1,0,11,0,-1,-1,-1,-1,-1,-1
I9,0,8,0,0,9,0,0,10,0,0,10,0,7,1,0,0,11,0,-1,-1,-1,0,11,0,-1,-1,-1,-1,-1,-1
TGGAACTGTAAGATAC-1,0,8,0,0,9,0,0,10,0,0,10,0,7,1,0,9,11,0,-1,-1,-1,0,11,0,-1,-1,-1,-1,-1,-1
I10,0,8,0,0,9,0,0,10,0,0,10,0,7,1,0,0,11,0,-1,-1,-1,0,11,0,-1,-1,-1,-1,-1,-1
CAATGACTCGGTAGAG-1,0,8,0,0,9,0,0,10,0,0,10,0,7,1,0,2,11,0,-1,-1,-1,0,11,0,-1,-1,-1,-1,-1,-1
GGAGGTATCGCGTGCA-1,0,8,0,0,9,0,0,10,0,0,10,0,7,1,0,6,11,0,-1,-1,-1,0,11,0,-1,-1,-1,-1,-1,-1
TCCGAAACACCGCTGA-1,0,8,0,0,9,0,18,10,5,0,10,0,7,1,0,0,11,0,-1,-1,-1,1,11,0,-1,-1,-1,-1,-1,-1
I11,0,0,0,0,0,0,0,0,0,0,0,0,0,0,0,0,0,0,0,0,0,0,0,0,0,0,0,-1,-1,-1
AGGTTACGTCCACGCA-1,3,4,0,0,6,0,6,7,0,5,8,0,4,7,0,9,8,0,0,9,0,0,7,0,5,11,0,-1,-1,-1
I12,0,0,0,0,0,0,0,0,0,0,0,0,0,0,0,0,0,0,0,0,0,0,0,0,0,0,0,-1,-1,-1
TACAGGTAGGTATTGA-1,0,14,0,0,11,0,9,17,0,0,0,0,0,21,0,11,4,0,13,34,0,1,22,0,-1,-1,-1,-1,-1,-1
I13,0,0,0,0,0,0,0,0,0,0,0,0,0,0,0,0,0,0,0,0,0,0,0,0,0,0,0,-1,-1,-1
I14,0,0,0,0,0,0,0,0,0,0,0,0,0,0,0,0,0,0,0,0,0,0,0,0,0,0,0,-1,-1,-1
I15,0,0,0,0,0,0,0,0,0,0,0,0,0,0,0,0,0,0,0,0,0,0,0,0,0,0,0,-1,-1,-1
I16,0,0,0,0,0,0,0,0,0,0,0,0,0,0,0,0,0,0,0,0,0,0,0,0,0,0,0,-1,-1,-1
I17,0,9,0,0,12,0,0,12,0,0,0,0,0,12,0,0,13,0,0,0,0,0,0,0,-1,-1,-1,-1,-1,-1
I18,0,9,0,0,12,0,0,12,0,0,0,0,0,12,0,0,13,0,0,0,0,0,0,0,-1,-1,-1,-1,-1,-1
I19,0,9,0,0,12,0,0,12,0,0,0,0,0,12,0,0,13,0,0,0,0,0,0,0,-1,-1,-1,-1,-1,-1
I20,0,9,0,0,12,0,0,12,0,0,0,0,0,12,0,0,13,0,0,0,0,0,0,0,-1,-1,-1,-1,-1,-1
ATTTCACCAACCTAAC-1,0,9,0,0,12,0,0,12,0,0,0,0,0,12,0,0,13,0,0,17,0,0,0,0,-1,-1,-1,-1,-1,-1
TAACGACCATACCACA-1,0,9,0,0,12,0,0,12,0,0,0,0,0,12,0,0,13,0,0,0,0,0,0,0,-1,-1,-1,-1,-1,-1
I21,0,9,0,0,12,0,0,12,0,0,0,0,0,12,0,0,13,0,0,0,0,0,0,0,-1,-1,-1,-1,-1,-1
I22,0,9,0,0,12,0,0,12,0,0,0,0,0,12,0,0,13,0,0,0,0,0,2,0,-1,-1,-1,-1,-1,-1
TCAAGTGCAGGCTATT-1,0,9,0,0,12,0,0,12,0,0,0,0,0,12,0,0,13,0,0,0,0,38,2,0,-1,-1,-1,-1,-1,-1
TGGGCTGGTCGTACAT-1,0,9,0,0,12,0,0,12,0,0,0,0,0,12,0,0,13,0,0,0,0,1,2,0,-1,-1,-1,-1,-1,-1
I23,0,9,0,0,12,0,0,12,0,0,0,0,0,12,0,0,13,0,0,0,0,0,10,0,-1,-1,-1,-1,-1,-1
TCGAAGTGTGAGCAGT-1,0,9,0,0,12,0,0,12,0,0,0,0,0,12,0,0,13,0,0,0,0,0,10,0,-1,-1,-1,-1,-1,-1
ACTTTGTAGACGCCCT-1,0,9,0,0,12,0,0,12,0,0,1,0,0,12,0,10,13,0,0,0,0,0,10,0,-1,-1,-1,-1,-1,-1
ACTGATGTCTGGGCCA-1,0,9,0,0,12,0,0,12,0,0,0,0,0,12,0,0,13,0,0,0,0,11,16,0,-1,-1,-1,-1,-1,-1
CATCGCTTCATCTCTA-1,0,9,0,0,12,0,0,12,0,0,0,0,0,12,0,0,13,0,0,16,0,-1,-1,-1,-1,-1,-1,-1,-1,-1
I24,0,0,0,0,0,0,0,0,0,0,0,0,0,0,0,0,0,0,0,0,0,0,0,0,0,0,0,-1,-1,-1
I25,0,0,0,0,0,0,0,0,0,0,0,0,0,0,0,0,0,0,0,0,0,0,0,0,0,0,0,-1,-1,-1
I26,0,0,0,0,0,0,0,0,0,0,0,0,0,0,0,0,0,0,0,0,0,0,0,0,0,0,0,-1,-1,-1
I27,0,9,0,0,12,0,0,12,0,0,1,0,0,12,0,10,13,0,0,0,0,0,0,0,-1:0.99/1:0.006/2:0.008/3:0.002/4:0.008/6:0.009/7:0.008/9:0.006/10:0.007/13:0.009/14:0.002/15:0.002,-1:0.99/1:0.006/2:0.001/3:0.004/4:0.005/5:0.002/6:0.009/8:0.008/9:0.005/10:0.006/11:0.004/12:0.009/13:0.001/15:0.001/16:0.009/19:0.001/20:0.003/21:0.003/22:0.008/24:0.003/27:0.002/28:0.001/29:0.002/30:0.001,-1:0.99/2:0.006,-1,-1,-1
CTCATGCTCTTCCAGC-1,0,9,0,0,12,0,0,12,0,0,1,0,0,12,0,10,13,0,0,0,0,0,10,0,-1,-1,-1,-1,-1,-1
TCCTTTCCAAGTGCTT-1,0,9,0,0,12,0,26,12,0,0,1,0,0,12,0,10,13,0,0,0,0,3,5,0,-1,-1,-1,-1,-1,-1
I28,0,0,0,0,0,0,0,0,0,0,0,0,0,0,0,0,0,0,0,0,0,0,0,0,0,0,0,-1,-1,-1
TGAGACTGTCTTGCTC-1,0,9,0,0,12,0,0,12,0,0,1,0,0,12,0,0,13,0,0,0,0,0,0,0,0,4,0,-1,-1,-1
I29,0,0,0,0,0,0,0,0,0,0,0,0,0,0,0,0,0,0,0,0,0,0,0,0,0,0,0,-1,-1,-1
I30,0,0,0,0,0,0,0,0,0,0,0,0,0,0,0,0,0,0,0,0,0,0,0,0,0:0.99/10:0.01,0:0.99/24:0.01,0,-1,-1,-1
I31,0,0,0,0,0,0,0,0,0,0,0,0,0,0,0,0,0,0,0,0,0,0,0,0,0:0.99/10:0.01,0:0.99/24:0.01,0,-1,-1,-1
I32,0,0,0,0,0,0,0,0,0,0,0,0,0,0,0,0,0,0,0,0,0,0,0,0,0:0.97/10:0.03,0:0.97/24:0.03,0,-1,-1,-1
I33,0,0,0,0,0,0,0,0,0,0,0,0,0,0,0,0,0,0,0,0,0,0,0,0,0:0.97/10:0.03,0:0.97/24:0.03,0,-1,-1,-1
I34,0,0,0,0,0,0,0,0,0,0,0,0,0,0,0,0,0,0,0,0,0,0,0,0,0:0.96/10:0.04,0:0.96/24:0.04,0,-1,-1,-1
I35,0,0,0,0,0,0,0,0,0,0,0,0,0,0,0,0,0,0,0,0,0,0,0,0,0:0.95/10:0.05,0:0.95/24:0.05,0,-1,-1,-1
I36,0,0,0,0,0,0,0,0,0,0,0,0,0,0,0,0,0,0,0,0,0,0,0,0,0:0.93/10:0.07,0:0.93/24:0.07,0,-1,-1,-1
GAATAGAAGAGTAACT-1,0,9,0,0,12,0,0,12,0,0,1,0,0,12,0,0,13,0,0,0,0,0,0,0,-1,-1,-1,-1,-1,-1
GACTATGGTACGATCT-1,2,23,0,0,32,0,0,35,0,4,7,0,0,34,0,19,32,0,14,14,0,30,40,0,10,24,0,-1,-1,-1
AGGGCTCTCGTCCTCA-1,0,9,0,0,12,0,0,12,0,0,1,0,0,12,0,0,13,0,0,0,0,0,0,0,-1,-1,-1,-1,-1,-1
CGGAATTTCCGAAGGA-1,0,9,0,0,12,0,0,12,0,0,1,0,0,12,0,0,13,0,0,0,0,0,38,0,-1,-1,-1,-1,-1,-1
CGAATTGGTGTTAAAG-1,0,9,0,0,12,0,0,12,0,0,1,0,0,12,0,0,13,0,-1,-1,-1,0,0,0,-1,-1,-1,-1,-1,-1
GTAATGCTCACCTTAT-1,0,9,0,0,12,0,0,12,0,0,1,0,0,12,0,0,13,0,0,0,0,1,22,0,-1,-1,-1,-1,-1,-1
I37,0,9,0,0,12,0,0,12,0,0,1,0,0,12,0,0,13,0,0,0,0,-1,-1,-1,-1,-1,-1,-1,-1,-1
TTCTAACAGCCACCGT-1,0,9,0,0,12,0,0,12,0,0,1,0,0,12,0,10,13,0,0,0,0,-1,-1,-1,-1,-1,-1,-1,-1,-1
CACTGTCCATTCATCT-1,0,9,0,0,12,0,0,12,0,0,1,0,0,12,0,0,13,0,0,0,0,-1,-1,-1,-1,-1,-1,-1,-1,-1
I38,0,9,0,0,12,0,0,12,0,0,1,0,0,12,0,0,13,0,-1,-1,-1,0,0,0,-1,-1,-1,-1,-1,-1
I39,0,9,0,0,12,0,0,12,0,0,1,0,0,12,0,0,13,0,-1,-1,-1,0,0,0,-1,-1,-1,-1,-1,-1
TATTGGGTCGATGCTA-1,0,9,0,0,12,0,0,12,0,0,1,0,0,12,0,0,13,0,-1,-1,-1,-1,-1,-1,-1,-1,-1,-1,-1,-1
I40,0,9,0,0,12,0,0,12,0,0,1,0,0,12,0,0,13,0,-1,-1,-1,0,0,0,-1,-1,-1,-1,-1,-1
TTACTGTGTCTCAGAT-1,0,9,0,0,12,0,0,12,0,0,1,0,0,12,0,0,13,0,-1,-1,-1,-1,-1,-1,-1,-1,-1,-1,-1,-1
AGGACGAAGAGGACTC-1,0,9,0,0,12,0,0,12,0,0,1,0,0,12,0,0,13,0,-1,-1,-1,18,23,0,-1,-1,-1,-1,-1,-1
I41,0,9,0,0,12,0,0,12,0,0,1,0,0,12,0,0,13,0,-1,-1,-1,0,0,0,-1,-1,-1,-1,-1,-1
GGAGGATAGGGTGAAA-1,0,9,0,0,12,0,0,12,0,0,1,0,0,12,0,0,13,0,-1,-1,-1,0,47,0,-1,-1,-1,-1,-1,-1
CAGTTCCCACTAGGTT-1,0,9,0,0,12,0,0,12,0,0,1,0,0,12,0,0,13,0,-1,-1,-1,0,0,0,-1,-1,-1,-1,-1,-1
AGAAGTAAGTGCTCAT-1,0,9,0,0,12,0,0,12,0,0,1,0,0,12,0,0,13,0,0,0,0,14,20,0,0,7,0,-1,-1,-1
I42,0,9,0,0,12,0,0,12,0,0,1,0,0,12,0,0,13,0,-1,-1,-1,0,0,0,0,0,0,-1,-1,-1
I43,0,9,0,0,12,0,0,12,0,0,1,0,0,12,0,0,13,0,-1,-1,-1,0,0,0,0,0,0,-1,-1,-1
I44,0,9,0,0,12,0,0,12,0,0,1,0,0,12,0,0,13,0,-1,-1,-1,0,14,0,0,0:0.53/8:0.47,0,-1,-1,-1
ACCTGAACATCACCAA-1,0,9,0,0,12,0,0,12,0,0,1,0,0,12,0,0,13,0,-1,-1,-1,0,14,0,-1,-1,-1,-1,-1,-1
TCATATCAGCATTGAA-1,0,9,0,0,12,0,0,12,0,0,1,0,0,12,0,0,13,0,-1,-1,-1,0,14,0,0,8,0,-1,-1,-1
CCCTCAAAGGGCAGAG-1,0,9,0,0,12,0,0,12,0,0,1,0,0,12,0,0,13,0,-1,-1,-1,0,0,0,-1,-1,-1,-1,-1,-1
AGTACTGAGCCTCGTG-1,0,9,0,0,12,0,0,12,0,0,1,0,0,12,0,0,13,0,-1,-1,-1,-1,-1,-1,6,12,0,-1,-1,-1
GAGTTACCAGGTCCCA-1,0,9,0,0,12,0,0,12,0,0,0,0,0,12,0,0,13,0,0,0,0,2,43,0,2,22,0,-1,-1,-1
I45,0,9,0,0,12,0,0,12,0,0,0,0,0,12,0,0,13,0,0,16,0,0,0,0,0:0.3/8:0.7,0:0.3/14:0.7,0:0.3/1:0.7,-1,-1,-1
CAACGGCCAACTTCTT-1,0,9,0,0,12,0,0,12,0,0,0,0,0,12,0,0,13,0,0,16,0,0,4,0,8,14,1,-1,-1,-1
I46,0,9,0,0,12,0,0,12,0,0,0,0,0,12,0,0,13,0,0,16,0,0,0,0,-1,-1,-1,-1,-1,-1
I47,0,9,0,0,12,0,0,12,0,0,0,0,0,12,0,0,13,0,0,16,0,0,0,0,-1,-1,-1,-1,-1,-1
TTACTGTTCAGTGCGC-1,0,9,0,0,12,0,0,12,0,0,0,0,0,12,0,0,13,0,0,16,0,43,2,0,-1,-1,-1,-1,-1,-1
I48,0,9,0,0,12,0,0,12,0,0,0,0,0,12,0,0,13,0,0,16,0,0,0,0,-1,-1,-1,-1,-1,-1
TATACCTAGTTTGTCG-1,0,9,0,0,12,0,0,12,0,0,0,0,0,12,0,0,13,0,0,16,0,0,0,0,-1,-1,-1,-1,-1,-1
GACTCTCCAAGGTCGA-1,0,9,0,0,12,0,0,12,0,0,0,0,0,12,0,0,13,0,0,16,0,31,41,0,-1,-1,-1,-1,-1,-1
I49,0,9,0,0,12,0,0,12,0,0,0,0:0.01/1:0.99,0,12,0,0,13,0,0,16,0,0,0,0,-1,-1,-1,-1,-1,-1
TCCCAGTGTATCACCA-1,0,9,0,0,12,0,0,12,0,0,0,1,0,12,0,0,13,0,0,16,0,0,54,0,-1,-1,-1,-1,-1,-1
I50,0:0.01/9:0.99,9,0,0,12,0,0,12,0,0,0,1,0,12,0,0,13,0,0,16,0,0,0,0,-1,-1,-1,-1,-1,-1
ATTCTTGGTGACTGAG-1,9,9,0,0,12,0,0,12,0,0,0,1,0,12,0,0,13,0,0,16,0,22,31,0,-1,-1,-1,-1,-1,-1
TCACAAGCAAGAGATT-1,9,9,0,0,12,0,0,12,0,0,0,1,0,12,0,0,13,0,0,16,0,0,53,0,-1,-1,-1,-1,-1,-1
AGGCCACTCTCATTTG-1,0,9,0,0,12,0,-1,-1,-1,0,15,0,12,23,0,0,18,0,0,4,0,0,25,0,-1,-1,-1,-1,-1,-1
I51,0,0:0.01/24:0.99,0,0,0,0,0,0:0.01/13:0.99,0,0,0,0,0,0:0.01/34:0.99,0,0,0:0.01/1:0.99,0,0,0:0.02/29:0.98,0,0:0.01/11:0.99,0:0.01/16:0.99,0,0,0,0,-1,-1,-1
I52,0,24,0,0,0:0.02/29:0.98,0,0,13,0,0,0,0,0,34,0,0:0.07/10:0.93,1,0,0,0:0.01/29:0.99,0,11,16,0,0,0,0,-1,-1,-1
GGACGTCGTCCAAATC-1,0,24,0,0,29,0,0,13,0,-1,-1,-1,0,34,0,10,1,0,-1,-1,-1,11,16,0,13,21,0,-1,-1,-1
CTCCCAACAATTTCCT-1,0,24,0,0,29,0,5,13,0,0,0,0,0,34,0,10,1,0,0,29,0,11,16,0,6,19,0,-1,-1,-1
TCGCACTTCTACGCGG-1,0,24,0,0,2,0,4,13,0,1,1,0,0,34,0,22,1,0,0,29,0,11,16,0,-1,-1,-1,-1,-1,-1
I53,0:0.03/2:0.97,0,0,0,0,0,0,0,0,0,0,0,0,0,0,0,0:0.3/6:0.7,0,0,0,0,0,0,0,0,0,0,-1,-1,-1
I54,0:0.03/2:0.97,0,0,0,0,0,0,0,0,0,0,0,0,0,0,0,0:0.3/6:0.7,0,0,0,0,0,0,0,0,0,0,-1,-1,-1
CAAGCTATCTACTGCC-1,2,21,0,-1,-1,-1,0,27,0,15,9,0,0,25,2,-1,-1,-1,0,18,0,1,32,0,-1,-1,-1,-1,-1,-1
TTCGCTGGTGAGAACC-1,2,3,0,0,3,0,18,47,0,0,0,0,23,49,0,0,6,0,-1,-1,-1,41,58,0,-1,-1,-1,-1,-1,-1
I55,2,23,0,10,22,0,16,28,0,17,12,0,0,1,0,2,6,0,0,20,0,0,28,0,0,0,0,-1,-1,-1
I56,2,23,0,10,22,0,16,28,0,17,12,0,0,1,0,2,6,0,0,20,0,0,28,0,0,0,0,-1,-1,-1
I57,2,23,0,10,22,0,16,28,0,17,12,0,0,1,0,2,6,0,0,20,0,0,28,0,-1,-1,-1,-1,-1,-1
I58,2,23,0,10,22,0,16,28,0,17,12,0,0,1,0,2,6,0,0,20,0,0,28,0,-1,-1,-1,-1,-1,-1
GTAAGTCGTGTCATCA-1,2,23,0,10,22,0,16,28,0,17,12,0,0,1,0,2,6,0,0,20,0,0,28,0,-1,-1,-1,-1,-1,-1
GACGCTGGTCATGCAT-1,2,23,0,10,22,0,16,28,0,17,12,0,0,1,0,2,6,0,13,20,0,0,28,0,-1,-1,-1,-1,-1,-1
GTAACCAGTAACTTCG-1,2,23,0,10,22,0,16,28,0,17,12,0,1,1,0,2,6,0,0,20,0,0,28,0,-1,-1,-1,-1,-1,-1
I59,2,23,0,10,22,0,16,28,0,17,12,0,0,1,0,2,6,0,0,20,0,0,28,0,0,0,0,-1,-1,-1
I60,2,23,0,10,22,0,16,28,0,17,12,0,0,1,0,2,6,0,0,20,0,0,28,0,-1,-1,-1,-1,-1,-1
CACTGGGGTTCTAACG-1,2,23,0,10,22,0,16,28,0,17,12,0,0,1,0,2,6,0,6,20,0,0,28,0,-1,-1,-1,-1,-1,-1
I61,2,23,0,10,22,0,16,28,0,17,12,0,0,1,0,2,6,0,0,20,0,0,28,0,-1,-1,-1,-1,-1,-1
TATCAGGAGTTCCAGT-1,2,23,0,10,22,0,16,28,0,17,12,0,0,1,0,2,6,0,0,20,0,0,28,0,-1,-1,-1,-1,-1,-1
GACCAATTCCACATAG-1,2,23,0,10,22,0,16,28,0,17,12,0,0,1,0,2,6,0,0,20,0,0,28,0,-1,-1,-1,-1,-1,-1
TAGGTACCAACCGCCA-1,2,23,0,10,22,0,16,28,0,17,12,0,8,1,0,2,6,0,0,20,0,0,28,0,0,12,0,-1,-1,-1
GAAGGGTCACTAGGCC-1,2,23,0,10,22,0,16,28,0,17,12,0,0,1,1,2,6,0,0,20,0,0,28,0,0,23,2,-1,-1,-1
