[&R] ((((((GTTCCGTCACATTCGA-1:5.912,TCAGGGCTCCTGTACC-1:7.173)I33:1.126,(TAAGCGTCATGACTTG-1:3.002,CAATTTCAGAGGGTGG-1:2.002)I32:2.036)I31:2.998,TCTCACGCATCCTCAC-1:10.635)I30:5.437,TGGTACAAGCCTAACT-1:17.252)I29:0.929,(TCGGGCAAGTCCCGGT-1:18,((TCGACCTCAGTCAGTT-1:16.049,(((TTGCATTGTACTCGAT-1:3.095,((((ATCCATTAGCGGGTAT-1:3.15,TGGGTTACAATTGCCA-1:2.15)I28:1.373,GACTCTCAGGCGAACT-1:5.522)I27:0.478,(((CTCATTATCAAGCTGT-1:3,AGATGCTAGACGAAGA-1:3)I26:0,TACTTGTAGAAGGTAG-1:1)I25:0,(CACTGAAGTATCGTGT-1:3.845,AACAGGGTCAATGTCG-1:3.061)I24:1.155)I23:0)I22:1.06,(TAGATCGAGGTGCTGA-1:4.262,CTTACCGTCTTCGGTC-1:4.262)I21:3.825)I20:2.99)I19:2.994,(CTTCAATGTAAGGCCA-1:4.094,(ACGCACGTCATCCTAT-1:6.189,GCATGATCAGCGAGTA-1:0.765)I18:3.306)I17:3.996)I16:3.406,ACGGAAGCATCTCCCA-1:7.108)I15:2.211)I14:3.294,(((AAAGGATGTTCCTACC-1:8.223,GTACAGTGTGGTCAAG-1:8.686)I13:7.24,(((((TACAACGAGCATTTGC-1:2.036,TATTGGGTCAATCCGA-1:3.036)I12:1.038,(GTAGGAGAGGATATAC-1:8.041,(TGCACGGCAACACAGG-1:5.031,CACAGATGTAACTTCG-1:4.031)I11:0.011)I10:3.023)I9:3.956,AACGTCAGTTCGGCGT-1:7.441)I8:1.53,ATTCCATCAAAGGTTA-1:13.027)I7:6.698,CAAGCTACACAGTCCG-1:1.669)I6:0.331)I5:0,AGCGATTGTGAAGCGT-1:15)I4:0)I3:0.856)I2:0.143)I1:0)I0;
I0,0,0,0,0,0,0,0,0,0,0,0,0,0,0,0,0,0,0,0,0,0,0,0,0,0,0,0
I1,0,0,0,0,0,0,0,0,0,0,0,0,0,0,0,0,0,0,0,0,0,0,0,0,0,0,0
I2,0,0,0,0,0,0,0,0,0,0,0,0,0,0,0,0,0,0,0,0,0,0,0,0,0,0:0.86/3:0.14,0
I3,0,0,0,0,0,0,0,0,0,0,0,0,0,0,0,0,0,0,0,0,0,0,0,0,0,3,0
I4,0,0,0,0,0,0,0,0,0,0,0,0,0,0,0,0,0,0,0,0,0,0,0,0,0,3,0
AGCGATTGTGAAGCGT-1,12,13,0,0,17,0,13,13,0,0,12,0,0,7,0,11,13,0,-1,-1,-1,11,7,0,3,3,0
I5,0,0,0,0,0,0,0,0,0,0,0,0,0,0,0,0,0,0,0,0,0,0,0,0,0,3,0
I6,0,0,0,0,0,0,0,0,0,0,0,0,0,0,0,0,0,0,0,0,0,0,0,0,0:0.67/2:0.33,3,0
CAAGCTACACAGTCCG-1,0,0,0,0,0,0,0,0,0,0,0,0,0,0,0,0,0,0,0,3,0,0,0,0,2,3,0
I7,0:0.02/5:0.98,0:0.01/5:0.99,0,0,0,0,0,0:0.23/8:0.77,0,0,7,0,0,0,0,0,0,0,0,0:0.24/4:0.76,0,5,6,0,0:0.47/2:0.53,3,0
ATTCCATCAAAGGTTA-1,5,5,0,0,22,0,-1,-1,-1,1,7,0,0,8,0,0,4,0,-1,-1,-1,5,6,0,-1,-1,-1
I8,5,5,0,0,0,0,0,8,0,0,7,0,0,0,0,0,6,0,0,0:0.02/4:0.98,0,5,6,0,0:0.41/2:0.59,3,0
AACGTCAGTTCGGCGT-1,5,5,0,5,7,0,7,8,0,8,7,0,4,5,1,0,6,0,0,4,0,5,6,0,2,3,0
I9,5,5,0,0,0,0,0:0.01/5:0.99,8,0,0,7,0,0,0,0,0,6,0,0,0:0.01/4:0.99,0,5,6,0,0:0.01/-1:0.98/2:0.01,-1:0.98/3:0.02,0:0.02/-1:0.98
I10,5,5,0,0,0,0,5,8,0,0,7,0,0,0,0,0,6,0,0:0.01/-1:0.99,-1:0.99/4:0.01,0:0.01/-1:0.99,5,6,0,-1,-1,-1
I11,5,5,0,0,0,0,5,8,0,0,7,0,0,0,0,0,6,0,0:0.01/-1:0.99,-1:0.99/4:0.01,0:0.01/-1:0.99,5,6,0,-1,-1,-1
CACAGATGTAACTTCG-1,5,5,0,7,26,0,5,8,0,0,7,0,14,1,0,0,6,0,-1,-1,-1,5,6,0,-1,-1,-1
TGCACGGCAACACAGG-1,5,5,0,18,32,0,5,8,0,0,7,0,3,27,0,4,6,0,-1,-1,-1,5,6,0,-1,-1,-1
GTAGGAGAGGATATAC-1,5,5,0,1,41,8,-1,-1,-1,1,7,0,0,0,0,24,6,0,-1,-1,-1,5,6,0,-1,-1,-1
I12,5,5,0,0,0,0,5,8,0,0,7,0,0,0,0,0:0.03/4:0.97,6,0,0,4,0,5,6,0,-1,-1,-1
TATTGGGTCAATCCGA-1,5,5,0,4,6,0,5,8,0,0,7,0,0,8,0,4,6,0,0,4,0,5,6,0,-1,-1,-1
TACAACGAGCATTTGC-1,5,5,0,0,0,0,5,8,0,0,7,0,26,34,0,4,6,0,0,4,0,5,6,0,-1,-1,-1
I13,0:0.03/1:0.97,0:0.04/1:0.96,0,0,0:0.03/1:0.97,0,0,0,0,0,0,0,0,0:0.03/1:0.97,0,0,0,0,0:0.01/1:0.99,1,0,0:0.54/1:0.46,0:0.54/1:0.46,0,0:0.54/12:0.46,3,0
GTACAGTGTGGTCAAG-1,1,1,0,1,1,0,21,28,8,0,0,0,0,1,0,6,0,0,1,1,0,-1,-1,-1,12,3,0
AAAGGATGTTCCTACC-1,1,1,0,0,1,1,0,1,0,1,1,0,0,1,0,0,0,0,1,1,0,1,1,0,-1,-1,-1
I14,0,0,0,0,0,0,0,0:0.04/4:0.96,0,4,5,0,0,0,0,0,0,0,0,0:0.66/19:0.34,0,0,0,0,0,3,0
I15,0,0:0.05/3:0.95,0,0,0,0,0,4,0,4,5,0,0,0,0,0,0:0.05/4:0.95,0,0,0:0.39/19:0.61,0,0,0,0,0,3,0
ACGGAAGCATCTCCCA-1,0,3,0,9,12,0,0,4,0,4,5,0,0,15,0,6,4,0,-1,-1,-1,0,0,0,0,3,0
I16,0,3,0,0,0,0,3,4,0,4,5,0,0,0,0,3,4,0,0,0:0.06/19:0.94,0,0,0,0,0:0.02/2:0.98,3,0
I17,0:0.02/9:0.98,3,0,0,0,0,3,4,2,4,5,0,0:0.03/3:0.97,14,0,3,4,0,0,0:0.04/19:0.96,0,0,0,0,2,3,0
I18,9,3,0,0,0,0,3,4,2,4,5,0,3,14,0,3,4,0,0:0.05/-1:0.94/1:0.001/2:0.009/3:0.003/5:0.002/6:0.009/7:0.006/8:0.003/9:0.002/11:0.002/12:0.005/13:0.002/16:0.001/17:0.008,-1:0.94/19:0.06,0:0.05/-1:0.94/2:0.001,0,0:0.58/27:0.42,0,2,3,0
GCATGATCAGCGAGTA-1,9,3,0,0,0,0,3,4,2,4,5,0,3,14,0,3,4,0,-1,-1,-1,0,27,0,2,3,0
ACGCACGTCATCCTAT-1,9,3,0,-1,-1,-1,3,4,2,4,5,0,3,14,0,3,4,0,-1,-1,-1,-1,-1,-1,2,3,0
CTTCAATGTAAGGCCA-1,9,3,0,20,34,0,3,4,2,4,5,0,3,14,0,3,4,0,0,19,0,4,1,0,2,3,0
I19,0,3,0,0,0,0,3,4,0,4,5,0,4,5,0:0.05/1:0.95,3,4,0,0,0:0.05/19:0.95,0,0,0,0,2,3,0
I20,0,3,0,0,0,0,3,4,0,4,5,0,4,5,1,3,4,0,0:0.02/-1:0.98,-1:0.98/19:0.02,0:0.02/-1:0.98,0,0,0,2,3,0
I21,0,3,0,0,0,0,3,4,0:0.02/6:0.98,4,5,0,4,5,1,3,4,0,-1,-1,-1,0:0.07/-1:0.92/1:0.008/2:0.003/3:0.009/4:0.003/5:0.001/6:0.007/7:0.001/8:0.009/9:0.001/11:0.008/12:0.008/13:0.005/14:0.001/15:0.006/18:0.001/20:0.006/27:0.001,0:0.07/-1:0.92/1:0.009/2:0.003/3:0.009/4:0.009/5:0.008/6:0.001/7:0.008/8:0.003/9:0.001/11:0.005/12:0.001/14:0.003/15:0.001/16:0.006/18:0.001/19:0.001/21:0.001/23:0.002/24:0.006/26:0.005/27:0.005/30:0.004/32:0.002/33:0.003/34:0.003/35:0.001/36:0.001,0:0.07/-1:0.92/3:0.001/4:0.006,2,3,0
CTTACCGTCTTCGGTC-1,16,3,0,10,33,5,3,4,6,4,5,0,4,5,1,3,4,0,-1,-1,-1,-1,-1,-1,2,3,0
TAGATCGAGGTGCTGA-1,5,3,0,1,3,0,3,4,6,4,5,0,4,5,1,3,4,0,-1,-1,-1,-1,-1,-1,2,3,1
I22,3,3,0,0,0,0,3,4,0,4,5,0,4,5,1,3,4,0,-1,-1,-1,0,0,0,2,3,0
I23,3,3,0,0,0,0,3,4,0,4,5,0,4,5,1,3,4,0,-1,-1,-1,0,0,0,2,3,0
I24,3,3,0,0,0:0.78/16:0.22,0,3,4,0,4,5,0,4,5,1,3,4,0,-1,-1,-1,0,0:0.06/4:0.94,0,2,3,0
AACAGGGTCAATGTCG-1,3,3,0,-1,-1,-1,3,4,0,4,5,0,4,5,1,3,4,0,-1,-1,-1,0,4,0,2,3,0
CACTGAAGTATCGTGT-1,3,3,0,0,16,0,3,4,3,4,5,0,4,5,1,3,4,0,-1,-1,-1,17,4,2,2,3,0
I25,3,3,0,0,0,0,3,4,0,4,5,0,4,5,1,3,4,0,-1,-1,-1,0,0,0,2,3,0
TACTTGTAGAAGGTAG-1,3,3,0,0,0,0,3,4,0,4,5,3,4,5,1,3,4,0,-1,-1,-1,0,0,0,2,3,0
I26,3,3,0,0,0,0,3,4,0,4,5,0,4,5,1,3,4,0,-1,-1,-1,0,0,0,2,3,0
AGATGCTAGACGAAGA-1,3,3,0,13,1,0,3,4,0,4,5,0,4,5,1,3,4,2,-1,-1,-1,0,0,0,2,3,0
CTCATTATCAAGCTGT-1,3,3,0,0,3,0,3,4,0,4,5,0,4,5,1,3,4,0,-1,-1,-1,21,20,0,2,3,0
I27,3,3,0:0.52/2:0.48,0,0,0,3,4,0,4,5,0,4,5,1,3,4,0,-1,-1,-1,0,0,0,2,3,0
GACTCTCAGGCGAACT-1,3,3,2,-1,-1,-1,3,4,7,4,5,0,4,5,1,3,4,0,-1,-1,-1,0,8,0,2,3,0
I28,3,3,0:0.12/2:0.88,0,0,0,3,4,0,4,5,0,4,5,1,3,4,0,-1,-1,-1,0,0:0.03/1:0.97,0,2,3,0
TGGGTTACAATTGCCA-1,3,3,2,8,47,0,3,4,0,4,5,0,4,5,1,3,4,0,-1,-1,-1,0,1,0,2,3,0
ATCCATTAGCGGGTAT-1,3,3,2,1,19,0,3,4,0,4,5,0,4,5,1,3,4,0,-1,-1,-1,12,1,0,2,3,0
TTGCATTGTACTCGAT-1,3,3,0,0,24,0,3,4,0,4,5,0,4,5,1,3,4,0,0,19,0,0,36,0,2,3,0
TCGACCTCAGTCAGTT-1,19,24,0,7,20,0,24,4,9,4,5,0,25,14,0,26,29,0,-1,-1,-1,1,30,0,2,3,0
TCGGGCAAGTCCCGGT-1,2,1,0,26,45,0,6,7,0,9,30,0,2,3,0,5,2,0,0,29,0,2,2,0,-1,-1,-1
I29,0,0,0,0,0,0,0:0.25/16:0.75,0,0,0,0,0,0,0,0,0,0,0,0,0:0.95/3:0.05,0,0,0,0,0,0:0.87/12:0.13,0
TGGTACAAGCCTAACT-1,5,1,0,28,10,0,16,27,0,0,31,0,25,40,0,0,11,0,-1,-1,-1,3,32,0,-1,-1,-1
I30,0,17,0,0,0,0,0:0.01/16:0.99,0:0.02/11:0.98,0,0,0,0,0,0,0,0,0,0,0,0:0.6/3:0.4,0,16,17,0,0,12,0
TCTCACGCATCCTCAC-1,0,17,0,-1,-1,-1,16,11,0,-1,-1,-1,27,35,0,28,31,0,0,3,0,16,17,0,0,12,0
I31,0,17,0,0,0,0,16,11,0,0,0,0,0,0,0,0,0,0,0:0.01/-1:0.99,0:0.01/-1:0.99,0:0.01/-1:0.99,16,17,0,0,12,0
I32,0,17,0,0,0,0,16,11,0,0,0,0,2,3,0,0,0,0,-1,-1,-1,16,17,0,0,12,0
CAATTTCAGAGGGTGG-1,0,17,0,0,25,0,16,11,0,0,12,0,2,3,0,0,0,0,-1,-1,-1,16,17,0,0,12,0
TAAGCGTCATGACTTG-1,0,17,0,0,0,0,16,11,0,0,15,0,2,3,0,4,9,0,-1,-1,-1,16,17,0,0,12,0
I33,0,17,0,0:0.87/2:0.13,0:0.87/3:0.13,0,16,11,0,0,0,0,0,0,0,0,0:0.16/3:0.84,0,-1,-1,-1,16,17,0,0,12,0
TCAGGGCTCCTGTACC-1,0,17,0,-1,-1,-1,16,11,0,4,5,0,0,0,0,24,3,0,-1,-1,-1,16,17,0,13,12,0
GTTCCGTCACATTCGA-1,0,17,0,2,3,0,16,11,0,3,4,0,0,0,0,2,3,0,-1,-1,-1,16,17,0,3,12,0
