0.369204
0.369204
0.117639
0.486843
0.0458684
0.532711
0.10366
0.469883
0.469883
0.166488
0.0411421
0.322485
0.038555
0.038555
0.174768
0.213323
0.109162
0.0552568
0.377742
0.321953
0.321953
0.0557887
0.205622
0.205622
0.17212
0.0729054
0.404966
0.404966
0.0456815
0.14591
0.596557
0.0809564
0.31493
0.24208
0.0529757
0.0529757
0.0529757
0.189104
0.24208
0.00755677
0.00755677
0.0319418
0.0394986
0.202581
0.611565
0.853645
0.853645
0.047983
0.138378
0.138378
0.138378
0.138378
0.138378
0.138378
0.214468
0.352846
0.125849
0.231536
0.231536
0.247159
0.0576205
0.536315
0.365313
0.901628
0.901628
0.544924
0.422335
0.422335
0.122589
0.356703
0.702115
0.0603426
0.0603426
0.027407
0.0877496
0.0298685
0.117618
0.117618
0.117618
0.143863
0.261481
0.112103
0.214698
0.214698
0.124361
0.124361
0.0903372
0.107271
0.123234
0.123234
0.198735
0.321969
0.321969
0.0746034
0.0746034
0.0432366
0.11784
0.11784
0.11784
0.0864611
0.0333166
0.0333166
0.170985
0.168847
0.168847
0.0627614
0.00755677
0.00755677
0.0552046
0.106086
0.0354541
0.117668
0.0516153
0.373584
0.0627409
0.0627409
0.0595825
0.062741
0.062741
0.0595825
0.0602586
0.0602586
0.0620648
0.122323
0.0242322
0.146556
0.227028
0.328531
0.199513
0.0908156
0.909045
0.909045
0.378062
0.378062
0.0986621
0.469167
0.469167
0.00755677
0.409461
0.533136
0.351402
0.246107
0.246107
0.105296
0.181734
0.0962099
0.319797
0.140572
0.140572
0.179225
0.309549
0.256839
0.0228603
0.0354366
0.914423
0.914423
0.030058
0.483248
0.483248
0.461233
0.795092
0.795092
0.0347396
0.829831
0.805936
0.805936
0.0238956
0.620133
0.620133
0.209699
0.11465
0.465605
0.208263
0.208263
0.257342
0.069897
0.279071
0.103836
0.0400723
0.0400723
0.063764
0.175235
0.256431
0.333867
0.814784
0.321156
0.228026
0.228026
0.0931299
0.493628
0.0545849
0.843323
0.386166
0.386166
0.122139
0.508305
0.335018
0.0260453
0.0751127
0.0479619
0.767972
0.767972
0.190729
0.190729
0.577243
0.119307
0.357745
0.357745
0.529534
0.03426
0.122507
0.122507
0.248542
0.371049
0.55049
0.0709042
0.439146
0.439146
0.253906
0.253906
0.0839579
0.163474
0.163474
0.174389
0.101282
0.553297
0.992443
0.65149
0.121248
0.121248
0.295716
0.246329
0.246329
0.170636
0.0506286
0.392072
0.392072
0.317719
0.317719
0.0743535
0.075521
0.246441
0.180967
0.180967
0.180967
0.065474
0.0725322
0.318974
0.164269
0.164269
0.154704
0.218288
0.218288
0.0701786
0.1973
0.161298
0.161298
0.0360013
0.0911667
0.0305073
0.14862
0.467593
0.183897
0.333396
0.752319
0.146195
0.146195
0.559715
0.488784
0.196535
0.0507098
0.0507098
0.145825
0.292249
0.217126
0.0464087
0.133483
0.133483
0.0214611
0.154944
0.464717
0.619661
0.234358
0.193436
0.193436
0.0409225
0.145375
0.379733
0.239928
0.619661
0.00755677
0.00755677
0.612104
0.390018
0.390018
0.229643
0.619661
0.132659
0.725815
0.0939474
0.0939474
0.0939474
0.0939474
0.631868
0.0265042
0.232567
0.00755677
0.755224
0.724732
0.263612
0.263612
0.263612
0.263612
0.263612
0.263612
0.0360016
0.299614
0.0415209
0.176787
0.176787
0.176787
0.164348
0.341135
0.302511
0.643646
0.0810863
0.0304917
0.00755677
0.762781
0.229663
0.281771
0.281771
0.171544
0.257246
0.257246
0.196069
0.379763
0.1309
0.1309
0.605079
0.279856
0.279856
0.0968022
0.0312409
0.0312409
0.0460167
0.0772575
0.0772575
0.0848462
0.162104
0.137055
0.299159
0.0774989
0.359321
0.0970992
0.159365
0.336206
0.336206
0.208024
0.54423
0.120818
0.087753
0.087753
0.577295
0.0416105
0.345316
0.133807
0.133807
0.0901083
0.0873948
0.0873948
0.13652
0.121401
0.361342
0.706658
0.133507
0.840165
0.144721
0.984886
0.00755677
0.200279
0.00755677
0.00755677
0.192722
0.233584
0.433863
0.27298
0.146247
0.146247
0.250556
0.396803
0.184585
0.581388
0.125455
0.285601
0.577046
0.577046
0.219868
0.171751
0.171751
0.625164
0.102762
0.0704741
0.0704741
0.0704741
0.0897746
0.160249
0.160249
0.160249
0.373298
0.533547
0.366129
0.092767
0.257247
0.257247
0.345375
0.404697
0.142124
0.142124
0.262573
0.197925
0.347679
0.391545
0.391545
0.190981
0.582526
0.367775
0.0421424
0.53081
0.415604
0.415604
0.0680094
0.40888
0.40888
0.0747334
0.0471966
0.158529
0.68934
0.303104
0.00755677
0.00755677
0.00755677
0.00755677
0.118733
0.12629
0.217819
0.344109
0.344109
0.166086
0.123199
0.123199
0.386996
0.510195
0.319928
0.830123
0.0824638
0.227452
0.227452
0.186412
0.413864
0.160869
0.574732
0.171852
0.746584
0.166002
0.0722997
0.205128
0.205128
0.779758
0.984886
0.984886
0.263303
0.263303
0.182005
0.445308
0.184484
0.629793
0.0199553
0.0502403
0.0502403
0.427124
0.0879906
0.0879906
0.346802
0.434792
0.434792
0.0425718
0.172384
0.335139
0.00755677
0.209085
0.209085
0.453086
0.351738
0.351738
0.310433
0.0434052
0.565948
0.145275
0.103688
0.103688
0.0415873
0.145275
0.145275
0.145275
0.145275
0.145275
0.145275
0.117819
0.124796
0.124796
0.138298
0.295296
0.111772
0.111772
0.446619
0.00755677
0.132072
0.343073
0.343073
0.300782
0.00755677
0.00755677
0.00755677
0.0151135
0.0151135
0.0151135
0.0151135
0.38528
0.0774971
0.0774971
0.322897
0.24346
0.0541657
0.00755679
0.286867
0.00755677
0
0.494249
0.494249
0.340799
0.613249
0.613249
0.00702822
0.457729
0.457729
0.162548
0.214771
0.0876972
0.922745
0.0702259
0.328447
0.328447
0.0500373
0.371448
0.371448
0.00703602
0.244246
0.62273
0.00702859
0.629759
0.00702833
0.437271
0.437271
0.199516
0.349156
0.590343
0.590343
0.067942
0.658285
0.00702901
0.558952
0.486072
0.486072
0.0728801
0.00702808
0.558951
0.558951
0.00702877
0.0993343
0.32063
0.00702793
0.254117
0.254117
0.404133
0.443414
0.443414
0.214835
0.327692
0.985942
0.00702933
0.149009
0.149009
0.234186
0.383195
0.198782
0.213724
0.213724
0.12815
0.272508
0.272508
0.069366
0.162768
0.346228
0.283255
0.283255
0.0629725
0.158414
0.0773353
0.410994
0.119742
0.119742
0.155759
0.211909
0.211909
0.0635926
0.198035
0.473536
0.123491
0.597027
0.388916
0.708144
0.402612
0.402612
0.0823958
0.204437
0.204437
0.280571
0.223137
0.277799
0.00702821
0.953214
0.126398
0.126398
0.826817
0.0257005
0.150416
0.150416
0.237437
0.387853
0.277185
0.283614
0.283614
0.0693657
0.35298
0.0730543
0.426034
0.239004
0.186393
0.85143
0.127485
0.00702813
0.545432
0.545432
0.123676
0.477505
0.477505
0.191603
0.195759
0.864867
0.121076
0.00702832
0.665676
0.665676
0.118044
0.268092
0.196178
0.196178
0.0719147
0.515628
0.202222
0.985943
0.00702863
0.0427212
0.0427212
0.00702861
0.0497498
0.160854
0.210604
0.182653
0.393257
0.00703389
0.400291
0.592681
0.838787
0.529359
0.229682
0.229682
0.0932923
0.322974
0.0255119
0.341457
0.341457
0.00702911
0.00702822
0.2802
0.2802
0.0682854
0.348485
0.007029
0.0789366
0.286726
0.286726
0.147725
0.0949087
0.116287
0.436997
0.271857
0.271857
0.165139
0.20865
0.109032
0.754678
0.0841089
0.0989732
0.278264
0.278264
0.183633
0.353821
0.353821
0.00702829
0.360849
0.101049
0.165813
0.62771
0.0664956
0.694206
0.20608
0.900286
0.0234174
0.573232
0.573232
0.350472
0.00702848
0.930732
0.0070285
0.0411547
0.0070279
0.0070279
0.00702804
0.0070279
0.0070279
0.00702804
0.0938407
0.0709149
0.0709149
0.0369816
0.138049
0.245945
0.239543
0.485488
0.45938
0.231396
0.231396
0.237859
0.320236
0.00702786
0.00702786
0.00702791
0.0140558
0.126198
0.140254
0.172953
0.153289
0.153289
0.159918
0.0070291
0.149019
0.242089
0.58353
0.436868
0.436868
0.00702877
0.276923
0.276923
0.0231245
0.300047
0.00703098
0.307078
0.0070285
0.307079
0.307079
0.00702833
0.12979
0.139634
0.127814
0.233523
0.0340474
0.0070281
0.409442
0.409442
0.0533044
0.225419
0.225419
0.237327
0.21701
0.679756
0.269686
0.949442
0.0365012
0.00702806
0.663645
0.217772
0.217772
0.445873
0.322299
0.838633
0.469009
0.469009
0.369625
0.095513
0.423554
0.423554
0.510592
0.0447692
0.0940592
0.0940592
0.0979381
0.0744808
0.0744808
0.117516
0.704388
0.319588
0.319588
0.0070302
0.319589
0.11921
0.11921
0.200379
0.00702871
0.212296
0.279115
0.279115
0.259799
0.357471
0.0340963
0.42297
0.42297
0.0394399
0.455381
0.455381
0.0070285
0.00702802
0.225649
0.225649
0.0726195
0.298269
0.16414
0.462409
0.00702854
0.243627
0.713065
0.217417
0.0484343
0.0070281
0.00702798
0.867102
0.400402
0.400402
0.4667
0.118842
0.329734
0.329734
0.00702933
0.336763
0.0070285
0.343792
0.211548
0.55534
0.00702844
0.562368
0.135988
0.269289
0.269289
0.153258
0.422547
0.27581
0.108334
0.80669
0.179254
0.00702797
0.355756
0.355756
0.0070285
0.362785
0.223908
0.33028
0.33028
0.256412
0.252914
0.839606
0.125251
0.964858
0.0070288
0.245284
0.245284
0.726602
0.00702852
0.237584
0.237584
0.00703099
0.244615
0.154091
0.398706
0.56055
0.192426
0.192426
0.188601
0.381027
0.578229
0.0196582
0.00702841
0.256109
0.256109
0.638521
0.651588
0.651588
0.228986
0.372761
0.176814
0.176814
0.00702859
0.183842
0.188918
0.133936
0.506697
0.366849
0.873545
0.00702818
0.00702813
0.509871
0.509871
0.377731
0.00702816
0.0913138
0.00702809
0.00702811
0
0.514737
0.390342
0.390342
0.124395
0.00784516
0.179827
0.179827
0.0767794
0.256607
0.258129
0.514736
0.514736
0.00784595
0.345046
0.345046
0.00784512
0.352891
0.352891
0.169691
0.268991
0.268991
0.17733
0.446321
0.0762613
0.381168
0.051953
0.051953
0.051953
0.210919
0.0674114
0.0674114
0.195461
0.262872
0.262872
0.00784525
0.270717
0.270717
0.10969
0.131628
0.131628
0.0854615
0.00784503
0.00784503
0.209244
0.217089
0.217089
0.217089
0.209244
0.209244
0.00784508
0.163318
0.380408
0.0665951
0.447003
0.255966
0.459215
0.459215
0.08796
0.547175
0.0078453
0.24633
0.24633
0.0808896
0.327219
0.227801
0.00784521
0.562865
0.0816578
0.0816578
0.473362
0.500006
0.500006
0.055014
0.0078452
0.0491455
0.612011
0.090958
0.159187
0.00784493
0.00784493
0.097884
0.105729
0.13972
0.245449
0.00784595
0.0234266
0.0234266
0.0234266
0.229868
0.245449
0.245449
0.0078454
0.567061
0.820355
0.0418004
0.041595
0.136461
0.136461
0.166035
0.302496
0.302496
0.0817884
0.384284
0.0630569
0.15178
0.15178
0.295561
0.070239
0.51758
0.0966217
0.247217
0.151987
0.151987
0.0952302
0.189502
0.306755
0.306755
0.00784521
0.3146
0.12212
0.177482
0.12422
0.207954
0.207954
0.00784535
0.215799
0.186793
0.402592
0.17405
0.247639
0.247639
0.10589
0.353529
0.00784529
0.361375
0.215268
0.00784511
0.343824
0.343824
0.0625291
0.406353
0.406353
0.178135
0.153934
0.165329
0.903751
0.903751
0.553808
0.553808
0.00784529
0.510901
0.510901
0.0507525
0.205168
0.449892
0.449892
0.316929
0.13693
0.292845
0.292845
0.292995
0.58584
0.58584
0.58584
0.0853072
0.556703
0.556703
0.114444
0.232604
0.0884039
0.113453
0.113453
0.113453
0.113453
0.113453
0.598404
0.711857
0.711857
0.711857
0.711857
0.711857
0.711857
0.711857
0.0144888
0.320741
0.320741
0.405605
0.169834
0.169834
0.556512
0.265809
0.176954
0.176954
0.532362
0.709316
0.282839
0.206867
0.206867
0.284098
0.490964
0.48999
0.295416
0.295416
0.0719143
0.177283
0.177283
0.190048
0.613624
0.0112007
0.469216
0.469216
0.00784511
0.477061
0.477061
0.248252
0.225587
0.225587
0.225587
0.0966582
0.322245
0.35026
0.216068
0.216068
0.00784518
0.223913
0.0448878
0.268801
0.138657
0.407458
0.407458
0.265047
0.0078452
0.416074
0.416074
0.00784522
0.423919
0.256431
0.311628
0.311628
0.218592
0.0351439
0.0351439
0.164027
0.199171
0.199171
0.33105
0.00784532
0.538066
0.142284
0.0449638
0.064989
0.445638
0.445638
0.107337
0.273717
0.273717
0.279257
0.237328
0.0588308
0.849134
0.00784492
0.00784492
0.00784492
0.0256767
0.0335216
0.0335216
0.815612
0.143021
0.856959
0.32107
0.32107
0.535889
0.135196
0.225288
0.225288
0.676259
0.901547
0.00784567
0.44862
0.44862
0.460773
0.210141
0.210141
0.313875
0.451252
0.451252
0.0499482
0.501201
0.022815
0.385377
0.616232
0.616232
0.00784557
0.624077
0.148288
0.772365
0.0601212
0.476052
0.476052
0.356435
0.0769059
0.0827621
0.447906
0.447906
0.00784558
0.455752
0.0397584
0.49551
0.49551
0.487665
0.487665
0.00784536
0.068006
0.563516
0.563516
0.563516
0.26593
0.553232
0.553232
0.276214
0.162708
0.434634
0.434634
0.00784538
0.44248
0.510455
0.142578
0.142578
0.163119
0.305698
0.241748
0.547446
0.0461254
0.593572
0.359363
0.0392197
0.380084
0.380084
0.243396
0.62348
0.62348
0.62348
0.0526297
0.358795
0.358795
0.317314
0.0328866
0.51344
0.51344
0.195556
0.037655
0.746651
0.0488413
0.795492
0.156155
0.951647
0.040508
0.351954
0.351954
0.361859
0.713813
0.713813
0.713813
0.713813
0.148434
0.862247
0.129908
0.240155
0.240155
0.614439
0.854593
0.137561
0.126024
0.126024
0.404106
0.530131
0.213251
0.743382
0.151815
0.895197
0.0969578
0.327384
0.327384
0.0948014
0.422186
0.466524
0.880864
0.880864
0.00784602
0.00784503
0.105953
0.105953
0.384458
0.490411
0.406143
0.0955998
0.58624
0.58624
0.00784528
0.31681
0.31681
0.146098
0.462908
0.131177
0.323669
0.917754
0.0744008
0.446965
0.446965
0.107013
0.308702
0.308702
0.245276
0.099616
0.22361
0.22361
0.187491
0.411101
0.242492
0.338561
0.254721
0.254721
0.253075
0.507795
0.324329
0.173951
0.173951
0.16168
0.335631
0.00784535
0.343476
0.488647
0.0435414
0.875665
0.116489
0.410581
0.410581
0.581573
0.662719
0.662719
0.329436
0.322531
0.322531
0.236802
0.559332
0.432822
0.177417
0.177417
0.177417
0.177417
0.177417
0.244356
0.421773
0.570382
0.992155
0.162172
0.162172
0.156435
0.318607
0.673547
0.992155
0.992155
0.310364
0.310364
0.115936
0.4263
0.565855
0.270792
0.270792
0.270792
0.0666888
0.337481
0.112044
0.449524
0.334611
0.183916
0.183916
0.600219
0.208019
0.465209
0.465209
0.27943
0.27943
0.185779
0.0817706
0.54698
0.147479
0.694459
0.00784535
0.702304
0.176474
0.878778
0.113377
0.117157
0.117157
0.297942
0.415099
0.104944
0.520043
0.0885984
0.608641
0.447639
0.447639
0.161003
0.111095
0.393144
0.393144
0.263104
0.346873
0.346873
0.0424963
0.389369
0.389369
0.26688
0.0634877
0.0350437
0.575467
0.575467
0.108566
0.521446
0.521446
0.521446
0.162587
0.0707464
0.237375
0.472988
0.472988
0.0519409
0.524929
0.0963962
0.621325
0.370829
0.391213
0.391213
0.252304
0.00784495
0.00784495
0.164704
0.172549
0.470968
0.153565
0.202398
0.202398
0.418014
0.435123
0.435123
0.185289
0.0640548
0.286217
0.286217
0.123506
0.409722
0.274744
0.0660319
0.750498
0.0465828
0.195073
0.247795
0.247795
0.154868
0.402663
0.0960643
0.498727
0.163786
0.662513
0.00784516
0.416871
0.416871
0.253487
0.00784517
0.286939
0.286939
0.32091
0.607849
0.0703544
0.0421985
0.720402
0.271753
0.115897
0.115897
0.292959
0.408857
0.0815645
0.490421
0.490421
0.10646
0.432721
0.432721
0.164161
0.395273
0.0918349
0.0918349
0.0992916
0.191127
0.191127
0.191127
0.191127
0.161073
0.3522
0.3522
0.107233
0.13715
0.13715
0.236779
0.373929
0.0855039
0.0799498
0.153217
0.153217
0.227679
0.373051
0.373051
0.00784552
0.158486
0.0983673
0.131476
0.131476
0.197263
0.328739
0.328739
0.181891
0.51063
0.127119
0.354405
0.00784517
0
0.0900321
0.0900321
0.225834
0.315867
0.352187
0.668054
0.157839
0.2268
0.2268
0.229404
0.456204
0.3549
0.410612
0.410612
0.00636845
0.223535
0.223535
0.142142
0.365677
0.0513039
0.00636845
0.195859
0.195859
0.00636845
0.202228
0.00636845
0.208596
0.0995241
0.233321
0.233321
0.0292143
0.153575
0.153575
0.0594324
0.213008
0.0495277
0.0392163
0.301752
0.00636845
0.115229
0.213909
0.137038
0.137038
0.117231
0.254269
0.00636845
0.260637
0.267338
0.205013
0.205013
0.00636845
0.186588
0.186588
0.0247938
0.122364
0.333745
0.19423
0.102915
0.105551
0.105551
0.322635
0.428186
0.155304
0.583491
0.0473992
0.00636846
0.173845
0.00842082
0.3715
0.3715
0.448024
0.00636845
0.00636845
0.832261
0.16137
0.560899
0.560899
0.272377
0.199293
0.199293
0.00636845
0.0655398
0.0655398
0.0205396
0.00636845
0.00636845
0.0247077
0.0310762
0.0550033
0.00636845
0.00636845
0.00636845
0.0860795
0.113213
0.627615
0.160356
0.426869
0.251006
0.251006
0.175863
0.507711
0.266248
0.124935
0.124935
0.141313
0.135581
0.401829
0.307351
0.371102
0.371102
0.124746
0.495848
0.213332
0.225399
0.059052
0.0915494
0.0915494
0.108542
0.200091
0.00636845
0.20646
0.00636845
0.172987
0.172987
0.0398411
0.0629513
0.129389
0.129389
0.146391
0.120126
0.234165
0.234165
0.16174
0.0619813
0.156779
0.150411
0.150411
0.00636845
0.166493
0.323273
0.134614
0.0770516
0.132434
0.132434
0.00636845
0.138803
0.134846
0.273649
0.155709
0.429358
0.105581
0.203073
0.529751
0.370739
0.370739
0.0791049
0.237284
0.237284
0.212559
0.00636845
0.419217
0.325705
0.325705
0.0935121
0.0369956
0.0671708
0.2997
0.2997
0.223683
0.00636845
0.131016
0.660767
0.0772448
0.052504
0.101642
0.101642
0.0569614
0.158603
0.0336504
0.192253
0.145294
0.337547
0.440232
0.496271
0.489902
0.0628421
0.0628421
0.0216817
0.0781553
0.0781553
0.00636845
0.087561
0.172085
0.317817
0.00636846
0.281509
0.00636848
0.121749
0.121749
0.123213
0.244961
0.0647546
0.191287
0.191287
0.00636845
0.147691
0.147691
0.0499642
0.11206
0.0653757
0.181449
0.181449
0.193643
0.160881
0.361514
0.102979
0.102979
0.00636845
0.109348
0.17581
0.285158
0.0763561
0.174459
0.111396
0.226121
0.226121
0.095269
0.32139
0.00636845
0.327759
0.192477
0.191094
0.191094
0.00636845
0.197463
0.169248
0.366711
0.105981
0.138731
0.138731
0.00636845
0.1451
0.252027
0.397127
0.0755646
0.0475439
0.127133
0.136779
0.00636845
0.203115
0.450673
0.450673
0.142479
0.345591
0.345591
0.00636845
0.35196
0.00636845
0.358328
0.0516005
0.409929
0.183222
0.0407463
0.455858
0.455858
0.178039
0.0706161
0.310615
0.310615
0.00636845
0.256786
0.256786
0.0601978
0.128145
0.222834
0.222834
0.141523
0.364358
0.0744027
0.43876
0.00636845
0.141158
0.586287
0.0694741
0.427668
0.427668
0.228093
0.0487522
0.0343682
0.738882
0.0454978
0.784379
0.158133
0.942513
0.0511187
0.38449
0.38449
0.144903
0.529393
0.00636845
0.385205
0.385205
0.150557
0.166049
0.133399
0.133399
0.0222813
0.15568
0.0819709
0.00636845
0.00636845
0.156512
0.16288
0.0747711
0.0982337
0.335885
0.0788889
0.414774
0.287036
0.291821
0.334452
0.328084
0.328084
0.00636845
0.341543
0.675995
0.0547685
0.730764
0.262868
0.408688
0.408688
0.0949144
0.284238
0.284238
0.219364
0.0889696
0.205975
0.205975
0.169716
0.375691
0.216881
0.401059
0.416222
0.208198
0.208198
0.208024
0.0941199
0.458717
0.458717
0.0516254
0.128675
0.639017
0.354614
0.350161
0.118645
0.118645
0.0531683
0.171813
0.0839031
0.255717
0.0944442
0.420212
0.464282
0.464282
0.00636845
0.332243
0.332243
0.00636845
0.338611
0.0967548
0.193522
0.0318837
0.0318837
0.161638
0.0826908
0.276212
0.159154
0.00636845
0.441734
0.028916
0.00636845
0.477019
0.208302
0.0323508
0.0323508
0.155759
0.181741
0.181741
0.00636845
0.324019
0.369109
0.143118
0.143118
0.0705821
0.2137
0.00636845
0.220068
0.00636845
0.226437
0.142672
0.136651
0.296103
0.296103
0.00636845
0.302471
0.203289
0.00636845
0.0951384
0.480008
0.166009
0.166009
0.108395
0.274404
0.205604
0.127259
0.078054
0.0850514
0.00636845
0.163925
0.163925
0.487948
0.496713
0.496713
0.148792
0.317602
0.317602
0.321534
0.639136
0.00636845
0.00636845
0.124868
0.00636845
0.364127
0.364127
0.418983
0.210522
0.264774
0.264774
0.0478487
0.312622
0.104208
0.410462
0.410462
0.00636845
0.108976
0.525807
0.108463
0.63427
0.359361
0.00636845
0.00636845
0.0433205
0.00636845
0.00636845
0.00636845
0.0127369
0.036952
0.86103
0.910719
0.00636845
0.0784077
0.0784077
0.105044
0.059841
0.059841
0.0604937
0.120335
0.0631169
0.212166
0.395618
0.521469
0.0765442
0.302915
0.302915
0.0718803
0.374795
0.228445
0.60324
0.00636845
0.345465
0.345465
0.216958
0.340082
0.340082
0.00636845
0.310303
0.310303
0.0361473
0.215973
0.0471857
0.00636845
0.271388
0.271388
0.144144
0.415532
0.0972633
0.431811
0.110242
0.110242
0.217143
0.327386
0.104425
0.0809844
0.103182
0.0343217
0.650299
0.238765
0.535855
0.328325
0.104515
0.104515
0.0878355
0.13792
0.13792
0.0544307
0.135974
0.143162
0.100327
0.100327
0.177004
0.277331
0.181419
0.45875
0.00636845
0.402265
0.402265
0.0628534
0.00636845
0.0643686
0.11248
0.0961535
0.00636845
0.00636845
0.0897851
0.117288
0.112283
0.112283
0.0681122
0.00636845
0.00636845
0.174027
0.00930938
0.0662563
0.0662563
0.0543536
0.00636845
0.00636845
0.101504
0.107873
0.00636845
0.114241
0.00636845
0.0690952
0.0109999
0.200705
0.00636846
0.207073
0.00636845
0.129159
0.158978
0.158978
0.00636845
0.165346
0.170886
0.336232
0.00636845
0.0624289
0.40503
0.243305
0.240729
0.00636845
0.221892
0.221892
0.667172
0.889064
0.00636845
0.0981995
0.223456
0.223456
0.510467
0.165932
0.165932
0.567991
0.00636845
0.567215
0.464056
0.464056
0.103159
0.00636845
0.573583
0.0399726
0.39837
0.39837
0.215186
0.070899
0.684455
0.0259005
0.710355
0.0299359
0.25334
0.811692
0.0963753
0.0963753
0.350338
0.446713
0.364979
0.0369655
0.785736
0.562535
0.562535
0.2232
0.023179
0.808915
0.0333747
0.53666
0.282214
0.282214
0.13431
0.416524
0.113768
0.530291
0.00636845
0.242289
0.141174
0.141174
0.129181
0.270355
0.464386
0.282977
0.282977
0.410253
0.69323
0.00636845
0.335471
0.335471
0.16534
0.500811
0.00636845
0.507179
0.00636845
0.483745
0.483745
0.029803
0.00636846
0.491031
0.162161
0.162161
0.32887
0.0288847
0.00636845
0.526284
0.173314
0.035143
0.0442076
0.041896
0.437882
0.178993
0.178993
0.258889
0.0349957
0.472877
0.204664
0.399867
0.399867
0.277675
0.106029
0.365927
0.365927
0.151327
0.517254
0.00636845
0.523623
0.247212
0.770834
0.00636845
0.470869
0.278875
0.278875
0.191994
0.306334
0.00636845
0.0372739
0.0214444
0.00636846
0.00636845
0.150527
0.150527
0.00636849
0.156895
0.181403
0.338299
0.516728
0.00636845
0.77051
0.320016
0.320016
0.0914044
0.411421
0.359089
0.00636845
0.47222
0.196231
0.196231
0.275988
0.304659
0.00636845
0.783247
0.0781482
0.125868
0.987263
0.00636845
0.00636845
0
0.872192
0.534533
0.379982
0.379982
0.0325496
0.412532
0.00671458
0.419246
0.115287
0.337659
0.0432294
0.225241
0.225241
0.676751
0.254028
0.254028
0.467024
0.721052
0.0335665
0.588133
0.588133
0.0970586
0.671763
0.0134287
0.00671429
0.00671429
0.00671438
0.0845979
0.0980266
0.460193
0.174595
0.174595
0.00671501
0.18131
0.00671449
0.188024
0.090889
0.133457
0.133457
0.145457
0.00671478
0.285628
0.231315
0.516943
0.0412764
0.0178675
0.476787
0.390305
0.165543
0.165543
0.129894
0.295437
0.094868
0.0575175
0.447823
0.0289647
0.0992999
0.0956756
0.00671459
0.33034
0.131083
0.131083
0.069666
0.200749
0.129592
0.176463
0.19269
0.19269
0.314113
0.171674
0.0067145
0.0510623
0.0408823
0.0408823
0.688657
0.729539
0.00671533
0.0116494
0.561787
0.561787
0.0680217
0.629809
0.118095
0.00671456
0.147374
0.00671436
0.547576
0.547576
0.129698
0.482016
0.482016
0.195258
0.114009
0.791283
0.117424
0.00671435
0.0711499
0.986571
0.00671432
0.296623
0.296623
0.00671452
0.15707
0.15707
0.0364052
0.05862
0.05862
0.0303019
0.0303679
0.0303679
0.0585539
0.0277347
0.116657
0.00672018
0.123377
0.0633835
0.0067143
0.0067143
0.00671438
0.0134287
0.0174
0.0308287
0.155932
0.00671488
0.00671443
0.20019
0.00671434
0.193475
0.0760013
0.0760013
0.0929142
0.168915
0.0245596
0.00671445
0.00671439
0.00671439
0.0781436
0.0848579
0.115332
0.00671436
0.0964332
0.162732
0.266809
0.266809
0.0067159
0.273525
0.0247703
0.113494
0.0327885
0.0327885
0.0807051
0.00671542
0.120209
0.013352
0.00671438
0.00671438
0.075415
0.0821294
0.0514316
0.034436
0.167997
0.00671467
0.174712
0.00671448
0.0793071
0.0793071
0.00671435
0.0860215
0.0954047
0.116869
0.167775
0.377596
0.843665
0.14962
0.328125
0.328125
0.380716
0.299504
0.299504
0.409337
0.0823073
0.303833
0.303833
0.450149
0.753982
0.0304519
0.637992
0.637992
0.139728
0.764291
0.73859
0.73859
0.0257011
0.00671441
0.449516
0.449516
0.32149
0.00671433
0.00671433
0.00671434
0.0793962
0.218293
0.218293
0.197788
0.41608
0.00671441
0.422795
0.107947
0.391271
0.144649
0.144649
0.0881561
0.145646
0.145646
0.0871589
0.110433
0.188335
0.188335
0.148188
0.336523
0.00671447
0.0480336
0.139471
0.319659
0.153947
0.153947
0.68974
0.30506
0.30506
0.122833
0.427892
0.0708062
0.498698
0.301819
0.800517
0.0431696
0.00671441
0.00671449
0.448313
0.448313
0.408803
0.00671444
0.86383
0.00671438
0.00671431
0.235941
0.235941
0.0186942
0.254635
0.00671501
0.26135
0.190189
0.310358
0.310358
0.141181
0.109504
0.561043
0.271944
0.832987
0.0442717
0.00671429
0.185385
0.185385
0.065139
0.174751
0.174751
0.00672078
0.181472
0.069052
0.0283226
0.0650408
0.0650408
0.0868251
0.057795
0.057795
0.0644525
0.115533
0.0392071
0.00671429
0.00671429
0.00671438
0.00671429
0.00671429
0.00671438
0.00671444
0.00671427
0.00671427
0.00671431
0.0134286
0.00671451
0.019064
0.00671473
0.0459219
0.00671465
0.0526365
0.00671488
0.0593514
0.0494672
0.108819
0.00671453
0.0067144
0.00671448
0.128962
0.00671464
0.135677
0.0161892
0.126981
0.427108
0.705955
0.171304
0.877258
0.00671475
0.109312
0.189072
0.189072
0.399485
0.375143
0.184643
0.184643
0.0317531
0.216396
0.034744
0.00671435
0.00671435
0.244426
0.124003
0.213414
0.145713
0.429096
0.429096
0.305173
0.0755507
0.122737
0.122737
0.00671455
0.129452
0.18079
0.310242
0.293673
0.302244
0.302244
0.301671
0.205906
0.183465
0.305086
0.232736
0.232736
0.0656351
0.298372
0.00671449
0.155008
0.460094
0.184328
0.175877
0.175877
0.163254
0.223148
0.223148
0.00671456
0.16953
0.16953
0.0603323
0.102554
0.0428503
0.0428503
0.289566
0.0067148
0.0685952
0.144358
0.144358
0.16333
0.307688
0.00671446
0.314402
0.0933239
0.236696
0.348864
0.502119
0.316302
0.316302
0.185817
0.288296
0.790415
0.00671449
0.261372
0.130154
0.00671445
0.00671445
0.12344
0.131218
0.0658756
0.327248
0.0517011
0.378949
0.0953555
0.474304
0.257888
0.0310905
0.0310905
0.177849
0.20894
0.0840138
0.237869
0.237869
0.0550847
0.00671437
0.0643683
0.0643683
0.0610985
0.125467
0.00671438
0.00671437
0.00671437
0.0918942
0.0986086
0.00671477
0.105323
0.00671455
0.112038
0.00671448
0.118752
0.00671446
0.125467
0.00671436
0.160773
0.115244
0.115244
0.17771
0.00671444
0.0501071
0.336346
0.336346
0.00671455
0.343061
0.00671446
0.272037
0.621812
0.110379
0.0649376
0.196156
0.35223
0.35223
0.165486
0.294063
0.218334
0.218334
0.0690144
0.218413
0.218413
0.00671444
0.225127
0.0622211
0.00671444
0.0341745
0.254082
0.254082
0.00671444
0.260797
0.00671445
0.267511
0.0607264
0.0367028
0.36494
0.152775
0.159696
0.38329
0.38329
0.294122
0.30916
0.0778126
0.0778126
0.215837
0.29365
0.151061
0.444711
0.450562
0.150252
0.0780239
0.0780239
0.0722279
0.0730648
0.223317
0.0560197
0.270293
0.143559
0.143559
0.113304
0.256863
0.00671495
0.263577
0.00671595
0.0090428
0.00671491
0.191088
0.191088
0.00671501
0.197803
0.0187376
0.21654
0.00671459
0.137446
0.137446
0.085809
0.0067144
0.00671435
0.00671435
0.157819
0.164534
0.0654358
0.00671432
0.160433
0.160433
0.0695366
0.101891
0.101891
0.128078
0.00671451
0.0493676
0.00671449
0.261244
0.261244
0.0315218
0.125881
0.346457
0.11366
0.11366
0.0979166
0.211577
0.13488
0.0654751
0.411932
0.00671486
0.0650225
0.483669
0.00671448
0.312217
0.312217
0.178167
0.0577997
0.548183
0.340374
0.150379
0.150379
0.00671432
0.157093
0.0777004
0.234793
0.0412731
0.276067
0.147803
0.423869
0.464688
0.00671444
0.0912989
0.00671441
0.836359
0.677107
0.677107
0.03191
0.709017
0.00671441
0.715732
0.113912
0.829644
0.00671436
0.150213
0.930119
0.165323
0.103821
0.103821
0.0615021
0.273621
0.438944
0.437051
0.243699
0.243699
0.143534
0.387233
0.202947
0.164046
0.164046
0.211853
0.375898
0.207567
0.583465
0.006715
0.16316
0.4725
0.4725
0.28084
0.122655
0.0541243
0.0564523
0.00671432
0.00671435
0
0.316368
0.172266
0.172266
0.144103
0.669588
0.269352
0.269352
0.0758465
0.221381
0.221381
0.0070217
0.228403
0.0070217
0.235425
0.109774
0.045626
0.177354
0.177354
0.112137
0.289491
0.101334
0.484108
0.386791
0.386791
0.254812
0.221058
0.221058
0.420545
0.23333
0.111024
0.00702167
0.428117
0.428117
0.00702168
0.161109
0.161109
0.00702167
0.161109
0.161109
0.00702167
0.118524
0.286655
0.148484
0.550818
0.547805
0.342503
0.256662
0.256662
0.0858408
0.102778
0.445281
0.102524
0.0690986
0.183468
0.183468
0.0795905
0.15126
0.15126
0.104777
0.00702167
0.00702167
0.241993
0.249015
0.00702168
0.00702168
0.00702168
0.0998752
0.0998752
0.00702168
0.106897
0.00702168
0.113919
0.00702167
0.12094
0.00702167
0.0140433
0.00702167
0.00702167
0.00702167
0.113919
0.142118
0.346823
0.201736
0.81864
0.167317
0.00702167
0.202432
0.202432
0.595384
0.500654
0.500654
0.00702167
0.214935
0.214935
0.198802
0.413737
0.0939387
0.07415
0.581826
0.0891307
0.670957
0.12686
0.195162
0.191556
0.0973155
0.0973155
0.0942401
0.00702168
0.198577
0.00702167
0.205599
0.00702167
0.212621
0.161762
0.374383
0.00702167
0.226951
0.226951
0.154453
0.174336
0.555741
0.0922796
0.648021
0.344957
0.864365
0.0756819
0.00702167
0.00702167
0.0686603
0.00702167
0.0827036
0.00702167
0.0897253
0.116014
0.205739
0.40589
0.221672
0.221672
0.389958
0.153726
0.100726
0.100726
0.180163
0.280889
0.261521
0.54241
0.222945
0.0503678
0.815722
0.0486427
0.121591
0.203328
0.203328
0.00702168
0.21035
0.39767
0.60802
0.377937
0.00702167
0.189022
0.189022
0.0254802
0.170237
0.00702167
0.00702167
0.00702167
0.00702167
0.00702167
0.00702167
0.00702167
0.00702167
0.00702167
0.0140433
0.0670077
0.0880727
0.0821647
0.0442644
0.778476
0.383559
0.383559
0.317341
0.7009
0.0781881
0.129065
0.129065
0.0805624
0.209627
0.146272
0.295054
0.102211
0.00702167
0.00702167
0.0131315
0.0201532
0.0820579
0.135718
0.237929
0.0571248
0.0608446
0.0309625
0.209786
0.209786
0.00702168
0.216808
0.170053
0.00702168
0.197114
0.197114
0.196769
0.0953553
0.118044
0.0329935
0.0329935
0.0639856
0.0969791
0.00702167
0.104001
0.00702167
0.111022
0.00702167
0.0363612
0.140362
0.140362
0.00702168
0.147384
0.00702167
0.2416
0.165122
0.165122
0.179368
0.34449
0.0444939
0.243246
0.243246
0.138716
0.330035
0.00702167
0.00702167
0.00702167
0.0140433
0.0129947
0.0270381
0.13364
0.160678
0.00702167
0.1677
0.155313
0.323013
0.00702167
0.0449056
0.234853
0.148944
0.148944
0.0859081
0.133066
0.184033
0.184033
0.176864
0.360897
0.00702167
0.00702168
0.00702167
0.00702168
0.00702167
0.0932329
0.0962236
0.585462
0.00702172
0.159746
0.159746
0.25725
0.416996
0.0196224
0.299576
0.299576
0.130021
0.00702167
0.00702167
0.00702167
0.0140433
0.108601
0.122644
0.306953
0.00702168
0.129933
0.0298955
0.0298955
0.176371
0.206266
0.272368
0.27955
0.27955
0.122212
0.2916
0.2916
0.00702168
0.298622
0.10314
0.0768729
0.043457
0.522092
0.0444594
0.0259327
0.110099
0.183741
0.183741
0.00702168
0.0545714
0.0545714
0.136191
0.47012
0.354439
0.240504
0.240504
0.113935
0.104697
0.459136
0.201747
0.0417007
0.0765048
0.213891
0.188508
0.188508
0.0604842
0.00702167
0.00702167
0.102297
0.109318
0.139674
0.0870609
0.161216
0.161216
0.118174
0.0945355
0.0945355
0.144372
0.238907
0.0404823
0.00702168
0.286411
0.0496418
0.12411
0.460163
0.192261
0.652424
0.340555
0.152159
0.152159
0.0741561
0.226316
0.110654
0.104528
0.104528
0.232441
0.155521
0.49249
0.111722
0.59719
0.59719
0.00702168
0.282534
0.886747
0.106232
0.109795
0.109795
0.00702167
0.116817
0.127389
0.244206
0.164989
0.409195
0.279618
0.116196
0.109175
0.109175
0.00702168
0.031432
0.147628
0.00702168
0.15465
0.450329
0.125497
0.125497
0.380219
0.505716
0.0992632
0.0838337
0.220451
0.209156
0.209156
0.0122082
0.119506
0.0641374
0.0641374
0.00702168
0.0711591
0.0483465
0.101859
0.680878
0.902242
0.00702167
0.0837144
0.425987
0.425987
0.143399
0.569386
0.126382
0.217849
0.217849
0.00702168
0.224871
0.0464833
0.271354
0.190021
0.461375
0.234393
0.297211
0.710798
0.40116
0.40116
0.0591829
0.460343
0.0603245
0.520667
0.190131
0.189831
0.00702167
0.00702167
0.00702167
0.00702167
0.00702167
0.00702167
0.00702167
0.021065
0.01345
0.00702167
0.00702167
0.0274934
0.152809
0.187325
0.203422
0.390747
0.00702167
0.115775
0.115775
0.0696498
0.0344742
0.0344742
0.0663047
0.100779
0.0351452
0.135924
0.0424792
0.178403
0.00702167
0.139346
0.141281
0.141281
0.183491
0.00702168
0.331793
0.0659753
0.00702167
0.0341088
0.0341088
0.178477
0.212586
0.192204
0.422795
0.827585
0.0730437
0.0923501
0.256624
0.256624
0.338048
0.594672
0.251658
0.202385
0.00702167
0.00702167
0.102112
0.00702167
0.00702167
0.0708744
0.0778961
0.0312375
0.093251
0.0408416
0.243226
0.115564
0.35879
0.48754
0.00702167
0.378768
0.378768
0.153209
0.531977
0.0817207
0.613698
0.074253
0.687951
0.165401
0.139627
0.504451
0.504451
0.0918955
0.596346
0.172004
0.687263
0.131418
0.131418
0.0706825
0.2021
0.0577566
0.259857
0.234171
0.494027
0.193235
0.0810878
0.224628
0.245171
0.165335
0.165335
0.0798357
0.00702168
0.252193
0.00702168
0.195927
0.195927
0.0632876
0.173512
0.432726
0.528054
0.211459
0.0729611
0.0729611
0.0855128
0.158474
0.0529852
0.135033
0.346492
0.614288
0.0321981
0.143649
0.143649
0.00702169
0.15067
0.00702167
0.157692
0.13131
0.289002
0.703976
0.340807
0.199602
0.199602
0.141205
0.395084
0.529941
0.162637
0.162637
0.367304
0.205949
0.250066
0.361878
0.361878
0.057212
0.242403
0.242403
0.176687
0.103573
0.522663
0.304221
0.22419
0.22419
0.453376
0.677565
0.149318
0.00702167
0.833905
0.0260906
0.202106
0.195084
0.195084
0.00702167
0.107391
0.309497
0.543477
0.4088
0.224566
0.224566
0.00702167
0.231588
0.0496511
0.274217
0.274217
0.00702171
0.127561
0.413098
0.196822
0.196822
0.335729
0.0337441
0.0337441
0.491785
0.196779
0.196779
0.321728
0.518507
0.00702167
0.00702167
0.289348
0.00702168
0.82892
0.0240547
0.0070217
0.00702167
0.00702167
0.00702167
0.00702167
0.0140433
0.228829
0.242873
0.00702168
0.021065
0.00702167
0.00702167
0.00702167
0.00702167
0.00702167
0.00702167
0.00702167
0.138082
0.159147
0.0907479
0.617123
0.00702167
0.155421
0.1484
0.1484
0.00702168
0.385948
0.54137
0.33267
0.111917
0.00702167
0.00702167
0
0.43184
0.0803219
0.0803219
0.00786693
0.0881889
0.0231993
0.111388
0.102193
0.0313397
0.0313397
0.182242
0.0154493
0.229031
0.00789873
0.182819
0.182819
0.0541099
0.00993138
0.146495
0.146495
0.00786619
0.128574
0.128574
0.0179205
0.146494
0.00786719
0.0924995
0.184979
0.0108928
0.442732
0.213275
0.140214
0.140214
0.0761639
0.113163
0.113163
0.103214
0.285405
0.501783
0.154225
0.336125
0.236825
0.221092
0.221092
0.00786701
0.228959
0.00786632
0.0993418
0.283099
0.283099
0.0451942
0.328294
0.00787295
0.163046
0.499213
0.485054
0.485837
0.485837
0.0078784
0.163314
0.163314
0.0201655
0.183479
0.166606
0.342219
0.342219
0.00786642
0.143631
0.0907902
0.395196
0.334374
0.253589
0.253589
0.080784
0.0608226
0.18931
0.170835
0.75534
0.147658
0.00786614
0.00786614
0.331161
0.339027
0.368087
0.00786619
0.00786619
0.699248
0.0941433
0.423911
0.177986
0.170118
0.170118
0.00786728
0.0432001
0.221186
0.0507232
0.271909
0.152002
0.122658
0.546569
0.254688
0.101741
0.0290483
0.932047
0.0522199
0.00786643
0.00786601
0.00786601
0.00786608
0.0157321
0.208603
0.224335
0.550857
0.124619
0.124619
0.198618
0.00786619
0.00786619
0.31537
0.451956
0.00786972
0.223055
0.113608
0.113608
0.109447
0.560008
0.0972161
0.295773
0.287905
0.0499716
0.0499716
0.237933
0.00786789
0.134413
0.430185
0.450093
0.111855
0.486462
0.486462
0.270297
0.49161
0.00786612
0.00786612
0.00786624
0.00786612
0.00786612
0.00786624
0.00786612
0.0235985
0.151165
0.174763
0.269855
0.0867784
0.0867784
0.00786642
0.00786628
0.00786628
0.0867785
0.349973
0.00786633
0.132648
0.132648
0.216069
0.348717
0.00786918
0.356586
0.0880314
0.266158
0.153484
0.153484
0.112674
0.17846
0.00786645
0.00786622
0.46035
0.00786771
0.468218
0.023392
0.0356223
0.527232
0.0760755
0.36307
0.36307
0.240238
0.153451
0.227509
0.0807715
0.0807715
0.0673097
0.0807986
0.0807986
0.0672826
0.199332
0.347414
0.636854
0.00786614
0.0882633
0.0882633
0.00786637
0.0961297
0.88027
0.050122
0.050122
0.360596
0.410718
0.00786673
0.418585
0.530527
0.723646
0.462084
0.462084
0.245829
0.707912
0.00786677
0.399819
0.399819
0.130137
0.529956
0.185823
0.00786661
0.00786662
0.370197
0.370197
0.045062
0.415259
0.120655
0.248226
0.23246
0.23246
0.00786738
0.240328
0.00789784
0.0643406
0.312566
0.00788652
0.320453
0.215462
0.00786638
0.40554
0.40554
0.130374
0.535914
0.00786668
0.105891
0.649672
0.0818401
0.2176
0.0272882
0.00786715
0.456825
0.456825
0.0424833
0.499308
0.43864
0.437538
0.437538
0.50041
0.0463193
0.00786617
0.185193
0.0424197
0.0424197
0.0078665
0.0502862
0.134907
0.343203
0.30542
0.30542
0.222976
0.160612
0.347337
0.347337
0.215333
0.211247
0.211247
0.351424
0.126338
0.262922
0.95193
0.0402027
0.329751
0.329751
0.00786642
0.289122
0.289122
0.0484949
0.0505116
0.111716
0.111716
0.0577001
0.169416
0.218713
0.119735
0.507864
0.484269
0.226383
0.226383
0.222204
0.148378
0.148378
0.300208
0.06256
0.511146
0.190791
0.701937
0.116534
0.818471
0.165796
0.540097
0.540097
0.0578826
0.59798
0.292147
0.890127
0.0627245
0.204192
0.204192
0.0902305
0.294423
0.0486807
0.343103
0.00786708
0.350971
0.0855522
0.18948
0.148076
0.148076
0.0335364
0.141052
0.00786626
0.00786626
0.117453
0.125319
0.0078665
0.133186
0.00786625
0.0405609
0.00786667
0.00786629
0.197346
0.0372122
0.126633
0.126633
0.0921863
0.210949
0.210949
0.00787036
0.00786864
0.226688
0.00786966
0.201965
0.500592
0.602812
0.289852
0.289852
0.31296
0.326435
0.214661
0.214661
0.188262
0.402923
0.526325
0.00786745
0.00786787
0.292839
0.292839
0.652144
0.0078688
0.023547
0.305307
0.305307
0.44062
0.745928
0.230471
0.00786796
0.00786639
0.00786627
0
