(((((ACGGTCGTCCGATTAG-1:5,(((((((CCGTAGGAGCCGAACA-1:0,(CAATACGAGCGGTATG-1:0,GTCTACCCAAGCGAGT-1:0)I36:0)I35:0.003,GTCACTCGTAACACGG-1:1.003)I34:2.997,(CTCAGGGCATGGCTGC-1:2,(CCTATCGGTCCCTAAA-1:2,((CGGACACAGTAAACAC-1:0,AGACACTCAATGCAAA-1:1)I33:0,(TTCCGGTAGGTGATAT-1:1.001,TATACCTCAGGAAGTC-1:0.001)I32:0.999)I31:0)I30:0)I29:0)I28:0,((AGGGTCCTCGACGATT-1:1,AGGTTACGTCTGCAAT-1:1)I27:1,GTGCGTGTCATGGTAC-1:1)I26:0)I25:0,ACCGTTCTCATGGAGG-1:5)I24:0,(TGTTTGTTCGTAGTCA-1:2.046,TCTACCGCAGTCAGAG-1:4.046)I23:0.954)I22:0,((CACAGATAGCTGTCCG-1:0,CTGTAGACAAGTGGAC-1:0)I21:0.036,GGTCTGGTCCGATGTA-1:3.036)I20:2.967)I19:0)I18:3.001,(CCTCTAGAGTTACGGG-1:4.001,TTGCGTCTCCGTCCTA-1:4.001)I17:0)I16:4.015,((AGCTTCCGTCTACAAC-1:5,(GGTTCTCGTGGGTATG-1:4,GATGGAGCAACGACTT-1:2)I15:0)I14:0,((CAGATTGTCAACTGGT-1:2.001,(GTGGGAAAGACAACTA-1:2.001,ACTATGGTCTTCTGTA-1:1.001)I13:0)I12:2.999,((TAAGTCGCAATCCTAG-1:4,((GCATCGGAGACTGGGT-1:2,((CGAAGTTTCCTGATAG-1:1.001,AGGCTGCGTTTGAAAG-1:0.001)I11:0.999,TCCATGCGTAACAGGC-1:1)I10:0)I9:0,((GACTCAACAACCTATG-1:0,GTCGTTCGTCAAGGCA-1:0)I8:0.007,CTCCGATGTCGCCTAG-1:3.007)I7:0.993)I6:0)I5:0,TTCAGGATCGGCTGTG-1:4)I4:0)I3:3)I2:1.015)I1:3.9,GTTCCGTCAAGCTGCC-1:17.912)12:2.173)I0;
I0,0,0,0,0,0,0,0,0,0,0,0,0,0,0,0,0,0,0,0,0,0,0,0,0,0,0,0,0,0,0
12,0,0,0,0,0,0,0,0,0,0,0,0,0,0,0,0,0,0,0,0,0,0,0,0,0,0,0,0:0.28/-1:0.7/1:0.018/2:0.004,0:0.28/-1:0.7/1:0.008/2:0.002/3:0.004,0:0.28/-1:0.7/1:0.02
GTTCCGTCAAGCTGCC-1,0,2,0,30,9,0,0,12,0,30,16,0,6,11,0,3,11,0,1,8,0,3,13,0,-1,-1,-1,-1,-1,-1
I1,0,0,0,0,0,0,0,0,0,8,12,0,0,0,0,0,13,0,0,0,0,0,0,0,0,0,0,-1,-1,-1
I2,0,0,0,0,0,0,0,12,0,8,12,0,0,0,0,0,13,0,0,0,0,0,0,0,0,0,0,-1,-1,-1
I3,0,0,0,0,0,0,0,12,0,8,12,0,0,0,0,0,13,0,0,0,0,0,0,0,-1,-1,-1,-1,-1,-1
I4,0,0,0,0,0,0,0,12,0,8,12,0,0,0,0,0,13,0,0,0,0,0,0,0,-1,-1,-1,-1,-1,-1
TTCAGGATCGGCTGTG-1,0,0,0,0,0,0,0,12,0,8,12,0,0,0,0,0,13,0,7,24,0,3,41,0,-1,-1,-1,-1,-1,-1
I5,0,0,0,0,0,0,0,12,0,8,12,0,0,0,0,0,13,0,0,0,0,0,0,0,-1,-1,-1,-1,-1,-1
I6,0,0,0,0,0,0,0,12,0,8,12,0,0,0,0,0,13,0,0,0,0,0,0,0,-1,-1,-1,-1,-1,-1
I7,0,0:0.01/27:0.99,0,0,0,0,0,12,0,8,12,0,0,0,0,0,13,0,0,0,0,0,0,0,-1,-1,-1,-1,-1,-1
CTCCGATGTCGCCTAG-1,0,27,0,0,0,0,0,12,0,8,12,0,0,7,0,0,13,0,0,0,0,18,30,0,-1,-1,-1,-1,-1,-1
I8,0,27,0,0,0,0,0,12,0,8,12,0,0,0,0,0,13,0,0,0,0,0,0,0,-1,-1,-1,-1,-1,-1
GTCGTTCGTCAAGGCA-1,0,27,0,0,0,0,0,12,0,8,12,0,0,0,0,0,13,0,0,0,0,0,0,0,-1,-1,-1,-1,-1,-1
GACTCAACAACCTATG-1,0,27,0,0,0,0,0,12,0,8,12,0,0,0,0,0,13,0,0,0,0,0,0,0,-1,-1,-1,-1,-1,-1
I9,0,0,0,0,0,0,0,12,0,8,12,0,0,0,0,0,13,0,0,0,0,0,0,0,-1,-1,-1,-1,-1,-1
I10,0,0,0,0,0,0,0,12,0,8,12,0,0,0,0,0,13,0,0,0,0,0,0,0,-1,-1,-1,-1,-1,-1
TCCATGCGTAACAGGC-1,0,0,0,0,0,0,0,12,0,8,12,0,0,30,0,0,13,0,0,0,0,0,0,0,-1,-1,-1,-1,-1,-1
I11,0,0,0,0,0,0,0,12,0,8,12,0,0,0,0,0,13,0,0,0,0,0,2,0,-1,-1,-1,-1,-1,-1
AGGCTGCGTTTGAAAG-1,0,0,0,0,0,0,0,12,0,8,12,0,0,0,0,0,13,0,0,0,0,0,2,0,-1,-1,-1,-1,-1,-1
CGAAGTTTCCTGATAG-1,0,0,0,0,0,0,0,12,0,8,12,0,0,0,0,0,13,0,0,0,0,14,2,0,-1,-1,-1,-1,-1,-1
GCATCGGAGACTGGGT-1,0,0,0,0,0,0,0,12,0,8,12,0,0,0,0,0,13,0,0,0,0,1,15,0,-1,-1,-1,-1,-1,-1
TAAGTCGCAATCCTAG-1,0,0,0,2,8,0,0,12,0,8,12,0,0,0,0,0,13,0,0,0,0,26,2,0,-1,-1,-1,-1,-1,-1
I12,0,0,0,0,0,0,0,12,0,8,12,0,0,0,0,0,13,0,-1,-1,-1,0,0,0,-1,-1,-1,-1,-1,-1
I13,0,0,0,0,0,0,0,12,0,8,12,0,0,0,0,0,13,0,-1,-1,-1,0,0,0,-1,-1,-1,-1,-1,-1
ACTATGGTCTTCTGTA-1,0,0,0,0,0,0,0,12,0,8,12,0,0,0,0,0,13,0,-1,-1,-1,0,16,0,-1,-1,-1,-1,-1,-1
GTGGGAAAGACAACTA-1,0,0,0,0,0,0,0,12,0,8,12,0,0,0,0,0,13,0,-1,-1,-1,25,35,0,-1,-1,-1,-1,-1,-1
CAGATTGTCAACTGGT-1,0,0,0,0,0,0,0,12,0,8,12,0,0,0,0,0,13,0,-1,-1,-1,10,26,0,-1,-1,-1,-1,-1,-1
I14,0,0,0,0,0,0,0,12,0,8,12,0,0,0,0,0,13,0,0,0,0,0,0,0,0,0,0,-1,-1,-1
I15,0,0,0,0,0,0,0,12,0,8,12,0,0,0,0,0,13,0,0,0,0,0,0,0,0,0,0,-1,-1,-1
GATGGAGCAACGACTT-1,0,0,0,0,0,0,0,12,0,8,12,0,0,0,0,0,13,0,0,0,0,0,32,0,0,21,0,-1,-1,-1
GGTTCTCGTGGGTATG-1,0,0,0,0,0,0,0,12,0,8,12,0,0,0,0,0,13,0,0,0,0,4,3,0,14,22,0,-1,-1,-1
AGCTTCCGTCTACAAC-1,0,18,0,0,0,0,0,12,0,8,12,0,0,0,0,0,13,0,0,9,2,0,19,0,0,9,0,-1,-1,-1
I16,0,7,0,0,1,0,0,10,0,8,12,0,0,2,0,0,13,0,0,0,0,0,0,0,0,0,0,-1,-1,-1
I17,0,7,0,0,1,0,0,10,0,8,12,0,0,2,0,0,13,0,0,0,0,0,0,0,0,0,0,-1,-1,-1
TTGCGTCTCCGTCCTA-1,0,7,0,0,1,0,0,10,0,8,12,0,0,2,0,0,13,0,7,25,0,0,2,0,0,28,0,-1,-1,-1
CCTCTAGAGTTACGGG-1,0,7,0,0,1,0,0,10,0,8,12,0,0,2,0,0,13,0,0,0,0,3,14,0,9,15,0,-1,-1,-1
I18,0,7,0,0,1,0,0,10,0,8,12,0,0,2,0,0,13,0,0,0,0,0,0,0,-1,-1,-1,-1,-1,-1
I19,0,7,0,0,1,0,0,10,0,8,12,0,0,2,0,0,13,0,0,0,0,0,0,0,-1,-1,-1,-1,-1,-1
I20,0,7,0,0,1,0,0,10,0,8,12,0,0,2,0,0,13,0,0,0,0,0:0.01/-1:0.99,0:0.01/-1:0.99,0:0.01/-1:0.99,-1,-1,-1,-1,-1,-1
GGTCTGGTCCGATGTA-1,0,7,0,0,1,0,0,10,0,8,12,0,0,2,0,0,13,0,-1,-1,-1,-1,-1,-1,-1,-1,-1,-1,-1,-1
I21,0,7,0,0,1,0,0,10,0,8,12,0,0,2,0,0,13,0,0,0,0,-1,-1,-1,-1,-1,-1,-1,-1,-1
CTGTAGACAAGTGGAC-1,0,7,0,0,1,0,0,10,0,8,12,0,0,2,0,0,13,0,0,0,0,-1,-1,-1,-1,-1,-1,-1,-1,-1
CACAGATAGCTGTCCG-1,0,7,0,0,1,0,0,10,0,8,12,0,0,2,0,0,13,0,0,0,0,-1,-1,-1,-1,-1,-1,-1,-1,-1
I22,0,7,0,0,1,0,0,10,0,8,12,0,0,2,0,0,13,0,0,0,0,0,0,0,-1,-1,-1,-1,-1,-1
I23,0,7,0,0,1,0,0,10,0,8,12,0,0,2,0,0,13,0,0,0,0,0:0.05/3:0.95,0,0,-1,-1,-1,-1,-1,-1
TCTACCGCAGTCAGAG-1,0,7,0,0,1,0,0,10,0,8,12,0,0,2,0,0,13,0,-1,-1,-1,3,13,0,-1,-1,-1,-1,-1,-1
TGTTTGTTCGTAGTCA-1,0,7,0,0,1,0,0,10,0,8,12,0,23,2,0,0,13,0,0,0,0,3,11,0,-1,-1,-1,-1,-1,-1
I24,0,7,0,0,1,0,0,10,0,8,12,0,0,2,0,0,13,0,0,0,0,0,0,0,-1,-1,-1,-1,-1,-1
ACCGTTCTCATGGAGG-1,0,7,0,0,1,0,0,10,0,8,12,0,0,2,0,10,13,0,-1,-1,-1,0,15,0,-1,-1,-1,-1,-1,-1
I25,0,7,0,0,1,0,0,10,0,8,12,0,0,2,0,0,13,0,0,0,0,0,0,0,-1,-1,-1,-1,-1,-1
I26,0,7,0,0,1,0,0,10,0,8,12,0,0,2,0,0,13,0,0,0,0,0,0,0,-1,-1,-1,-1,-1,-1
GTGCGTGTCATGGTAC-1,0,7,0,0,1,0,0,10,0,8,12,0,0,2,0,0,13,0,0,0,0,0,2,0,-1,-1,-1,-1,-1,-1
I27,0,7,0,0,1,0,0,10,0,8,12,0,0,2,0,0,13,0,0,1,0,0,0,0,-1,-1,-1,-1,-1,-1
AGGTTACGTCTGCAAT-1,0,7,0,0,1,0,0,10,0,8,12,0,0,2,0,0,13,0,3,1,0,0,0,0,-1,-1,-1,-1,-1,-1
AGGGTCCTCGACGATT-1,0,7,0,0,1,0,0,10,0,8,12,0,0,2,0,0,13,0,4,1,0,0,0,0,-1,-1,-1,-1,-1,-1
I28,0,7,0,0,1,0,0,10,0,8,12,0,0,2,0,0,13,0,0,0,0,0,0,0,-1,-1,-1,-1,-1,-1
I29,0,7,0,0,1,0,0,10,0,8,12,0,0,2,0,0,13,0,0,0,0,0,0,0,-1,-1,-1,-1,-1,-1
I30,0,7,0,0,1,0,0,10,0,8,12,0,0,2,0,0,13,0,0,0,0,0,0,0,-1,-1,-1,-1,-1,-1
I31,0,7,0,0,1,0,0,10,0,8,12,0,0,2,0,0,13,0,0,0,0,0,0,0,-1,-1,-1,-1,-1,-1
I32,0,7,0,0,1,0,0,10,0,8,12,0,0,2,0,0,13,0,0,0,0,0,3,0,-1,-1,-1,-1,-1,-1
TATACCTCAGGAAGTC-1,0,7,0,0,1,0,0,10,0,8,12,0,0,2,0,0,13,0,0,0,0,0,3,0,-1,-1,-1,-1,-1,-1
TTCCGGTAGGTGATAT-1,0,7,0,0,1,0,0,10,0,8,12,0,0,2,0,0,13,0,0,0,0,6,3,0,-1,-1,-1,-1,-1,-1
I33,0,7,0,0,1,0,0,10,0,8,12,0,0,2,0,0,13,0,0,0,0,0,0,0,-1,-1,-1,-1,-1,-1
AGACACTCAATGCAAA-1,0,7,0,0,1,0,0,10,0,8,12,0,0,2,0,0,13,0,0,0,0,0,17,0,-1,-1,-1,-1,-1,-1
CGGACACAGTAAACAC-1,0,7,0,0,1,0,0,10,0,8,12,0,0,2,0,0,13,0,0,0,0,0,0,0,-1,-1,-1,-1,-1,-1
CCTATCGGTCCCTAAA-1,0,7,0,0,1,0,0,10,0,8,12,0,0,2,0,0,13,0,0,0,0,12,20,0,-1,-1,-1,-1,-1,-1
CTCAGGGCATGGCTGC-1,0,7,0,0,1,0,0,10,0,8,12,0,0,2,0,0,13,0,0,0,0,17,28,0,-1,-1,-1,-1,-1,-1
I34,0,7,0,0,1,0,0,10,0,8,12,0,0,2,0,0,13,0,-1,-1,-1,0,0,0,-1,-1,-1,-1,-1,-1
GTCACTCGTAACACGG-1,0,7,0,0,1,0,0,10,0,8,12,0,0,2,0,0,13,0,-1,-1,-1,23,0,0,-1,-1,-1,-1,-1,-1
I35,0,7,0,0,1,0,0,10,0,8,12,0,0,2,0,0,13,0,-1,-1,-1,0,0,0,-1,-1,-1,-1,-1,-1
I36,0,7,0,0,1,0,0,10,0,8,12,0,0,2,0,0,13,0,-1,-1,-1,0,0,0,-1,-1,-1,-1,-1,-1
GTCTACCCAAGCGAGT-1,0,7,0,0,1,0,0,10,0,8,12,0,0,2,0,0,13,0,-1,-1,-1,0,0,0,-1,-1,-1,-1,-1,-1
CAATACGAGCGGTATG-1,0,7,0,0,1,0,0,10,0,8,12,0,0,2,0,0,13,0,-1,-1,-1,0,0,0,-1,-1,-1,-1,-1,-1
CCGTAGGAGCCGAACA-1,0,7,0,0,1,0,0,10,0,8,12,0,0,2,0,0,13,0,-1,-1,-1,0,0,0,-1,-1,-1,-1,-1,-1
ACGGTCGTCCGATTAG-1,0,7,0,0,1,0,0,10,0,8,12,0,0,2,0,0,13,0,-1,-1,-1,5,14,0,-1,-1,-1,-1,-1,-1
((((((AGGCCACTCGTTCTAT-1:5,(GAGAAATCATGGGCAA-1:4,(ATTCATCCAGTACTAC-1:1,GGGCTACCAGACTGCC-1:2)I68:0)I67:0)I66:2.168,(AGTCAACGTACGAGCA-1:5.032,TAAGTCGGTCGTTGCG-1:5.333)I65:3.837)I64:2.945,CTACCTGTCATGCTAG-1:6.101)I63:7.505,TTGGATGTCGGCTTGG-1:16.594)I62:1.451,(((((((((((AATTTCCCAGTCCGTG-1:5.403,TCTTCCTGTCCTACGG-1:5.403)I61:2.615,GTTCTATTCGCTCTAC-1:4.477)I60:1.101,GAATCGTGTCTACTGA-1:8.007)I59:5.467,TCGTAGAAGATAGCAT-1:15.046)I58:0.954,(TCCAGAAAGACTTGTC-1:3.023,GTTGCGGTCCAACTGA-1:1.299)I57:9.709)I56:0,((GCGAGAACATTCTTCA-1:8.042,(CAAGACTCAAGCTGCC-1:8.042,(AGTTCGATCCGCAGTG-1:0.969,AGCTACATCGTGTGGC-1:5.004)I55:3.072)I54:0.001)I53:2.974,(CACGAATGTATCACCA-1:2.003,(((AGATGAATCCCAGGAC-1:2.004,AACCTGAGTACTCCGG-1:1.004)I52:0.425,(ACTACGATCGTAACCA-1:4.145,CCCTCAACAGAGTGTG-1:2.145)I51:2.862)I50:2.57,(TCGAACAAGTCTCGTA-1:4,(TACCCGTAGCTTTGTG-1:3.141,TGCAGATGTACTGCGC-1:3.141)I49:2.873)I48:0)I47:1.002)I46:1.01)I45:5.988)I44:0,(TTACGTTTCACTTTGT-1:5.751,CTCCAACTCGACACTA-1:8.196)I43:9.423)I42:0,TGCAGATTCTACAGGT-1:18)I41:0,(((AATCGACGTTCTCTCG-1:3.374,CATGAGTTCGTAACAC-1:6.192)I40:8.193,(CAGGCCACACCGTCGA-1:4.195,AAGCCATAGGATACAT-1:4.657)I39:9.447)I38:2.732,(((((GGTCACGCACTTGACA-1:9.36,GCCGATGCAATGCAAA-1:15.248)I37:0.751,TCGACCTCAGTCAGCC-1:17)I36:0.001,(GATCAGTAGGCATGCA-1:2.581,TCATTCACACTACACA-1:9.07)I35:4.419)I34:0,(GCACATACAGCGTACC-1:10.136,ACAAAGACAGCGGATA-1:10.136)I33:2.864)I32:0,((AGTGATCAGGTAAAGG-1:0.827,GGTCTGGGTTTGGAGG-1:8.148)I31:10.54,GGCAGTCTCAGAGCGA-1:8.336)I30:0.664)I29:0)I28:3)I27:0,TTACCATTCCGACATA-1:15)I26:0,((((ACCCTCACAGCGTTGC-1:1.473,TTTATGCCAGTCGAGA-1:6.03)I25:1.527,(GGGTTATAGCCTTTCC-1:4,(TTCACCGTCAGACCTA-1:3,TCAGGTACAGGACTAG-1:1)I24:0)I23:0)I22:0,((TTTAGTCCACTGTGTA-1:0.446,TAACTTCAGAAGTCTA-1:3.031)I21:3.57,(ACAAAGACATGTGGCC-1:2,((((TCATACTCACTCCGGA-1:3,(AATCACGCATCTCGTC-1:1,((((TGATGCACATGACTCA-1:0,(((((GAAATGACATGAAGGC-1:0,TCGTAGAGTAGTCCTA-1:0)I20:0,GAGACCCCAAGTGGCA-1:0)I19:0,TCGAAGTTCTCCAAGA-1:0)I18:0,ATCCGTCCACCAAATC-1:0)I17:0,ACAGGGACACAAATCC-1:0)I16:0)I15:0,GTTCATTTCGAATCCA-1:1)I14:0,GGGATGACACAAATGA-1:1)I13:0,AACAACCGTCAATCTG-1:1)I12:0)I11:0)I10:0,CTACGGGCAGGCTACC-1:3)I9:0,(GGTAATCAGAAACTCA-1:1.004,CACGGGTTCCGTGTAA-1:1.004)I8:0.996)I7:0,AAACGCTAGGTTGGAC-1:2)I6:0)I5:0.014)I4:2.987)I3:1.07,CCACAAAGTCTACACA-1:14.071)I2:0.929)I1:0)1:3)I0;
I0,0,0,0,0,0,0,0,0,0,0,0,0,0,0,0,0,0,0,0,0,0,0,0,0,0,0,0,0,0,0
1,0,0,0,0,0,0,0,0,0,0,0,0,0,0,0,0,0,0,0,0,0,0,0,0,0,0,0,-1,-1,-1
I1,0,0,0,0,0,0,0,0,0,0,0,0,0,0,0,0,0,0,0,0,0,0,0,0,0,0,0,-1,-1,-1
I2,0,0:0.07/1:0.93,0,0,0,0,0,0,0,0,0,0,0,0,0,0,0,0,0,0,0,0,0,0,0,0,0,-1,-1,-1
CCACAAAGTCTACACA-1,16,1,3,0,0,0,7,11,0,20,16,0,0,0,0,2,23,0,7,4,0,0,27,0,-1,-1,-1,-1,-1,-1
I3,0,1,0,0,0,0,0,0,0,0,0,0,0,1,0,0,0,0,0,0,0,0,0,0,0,0,0,-1,-1,-1
I4,0,1,0,0,0,0,0,0,0,0,0,0,0,1,0,0,0,0,0,0,0,0,0,0,-1,-1,-1,-1,-1,-1
I5,0,1,0,0,0,0,0,0,0,0,0,0,0,1,0,0,0,0,0,0,0,0,0,0,-1,-1,-1,-1,-1,-1
I6,0,1,0,0,0,0,0,0,0,0,0,0,0,1,0,0,0,0,0,0,0,0,0,0,-1,-1,-1,-1,-1,-1
AAACGCTAGGTTGGAC-1,0,1,0,0,0,0,0,0,0,0,0,0,0,1,0,0,0,0,0,0,0,1,1,0,-1,-1,-1,-1,-1,-1
I7,0,1,0,0,0,0,0,0,0,0,0,0,0,1,0,0,0,0,0,0,0,0,0,0,-1,-1,-1,-1,-1,-1
I8,0,1,0,0,0,0,0,0,0,0,0,0,0,1,0,0,0,0,0,0,0,3,0,0,-1,-1,-1,-1,-1,-1
CACGGGTTCCGTGTAA-1,0,1,0,0,0,0,0,0,0,0,0,0,0,1,0,0,0,0,0,0,0,3,24,0,-1,-1,-1,-1,-1,-1
GGTAATCAGAAACTCA-1,0,1,0,0,0,0,0,0,0,0,0,0,0,1,0,0,0,0,0,0,0,3,34,0,-1,-1,-1,-1,-1,-1
I9,0,1,0,0,0,0,0,0,0,0,0,0,0,1,0,0,0,0,0,0,0,0,0,0,-1,-1,-1,-1,-1,-1
CTACGGGCAGGCTACC-1,0,1,0,0,0,0,0,0,0,0,0,0,0,1,0,0,0,0,-1,-1,-1,0,0,0,-1,-1,-1,-1,-1,-1
I10,0,1,0,0,0,0,0,0,0,0,0,0,0,1,0,0,0,0,0,0,0,0,0,0,-1,-1,-1,-1,-1,-1
I11,0,1,0,0,0,0,0,0,0,0,0,0,0,1,0,0,0,0,0,0,0,0,0,0,-1,-1,-1,-1,-1,-1
I12,0,1,0,0,0,0,0,0,0,0,0,0,0,1,0,0,0,0,0,0,0,0,0,0,-1,-1,-1,-1,-1,-1
AACAACCGTCAATCTG-1,0,1,0,0,0,0,0,0,0,0,0,0,0,1,0,0,0,0,0,0,0,0,3,0,-1,-1,-1,-1,-1,-1
I13,0,1,0,0,0,0,0,0,0,0,0,0,0,1,0,0,0,0,0,0,0,0,0,0,-1,-1,-1,-1,-1,-1
GGGATGACACAAATGA-1,0,1,0,0,0,0,0,0,0,0,0,0,0,1,0,0,0,0,0,0,0,0,2,0,-1,-1,-1,-1,-1,-1
I14,0,1,0,0,0,0,0,0,0,0,0,0,0,1,0,0,0,0,0,0,0,0,0,0,-1,-1,-1,-1,-1,-1
GTTCATTTCGAATCCA-1,0,1,0,0,0,0,0,0,0,0,0,0,0,1,0,0,6,0,0,0,0,0,0,0,-1,-1,-1,-1,-1,-1
I15,0,1,0,0,0,0,0,0,0,0,0,0,0,1,0,0,0,0,0,0,0,0,0,0,-1,-1,-1,-1,-1,-1
I16,0,1,0,0,0,0,0,0,0,0,0,0,0,1,0,0,0,0,0,0,0,0,0,0,-1,-1,-1,-1,-1,-1
ACAGGGACACAAATCC-1,0,1,0,0,0,0,0,0,0,0,0,0,0,1,0,0,0,0,0,0,0,0,0,0,-1,-1,-1,-1,-1,-1
I17,0,1,0,0,0,0,0,0,0,0,0,0,0,1,0,0,0,0,0,0,0,0,0,0,-1,-1,-1,-1,-1,-1
ATCCGTCCACCAAATC-1,0,1,0,0,0,0,0,0,0,0,0,0,0,1,0,0,0,0,0,0,0,0,0,0,-1,-1,-1,-1,-1,-1
I18,0,1,0,0,0,0,0,0,0,0,0,0,0,1,0,0,0,0,0,0,0,0,0,0,-1,-1,-1,-1,-1,-1
TCGAAGTTCTCCAAGA-1,0,1,0,0,0,0,0,0,0,0,0,0,0,1,0,0,0,0,0,0,0,0,0,0,-1,-1,-1,-1,-1,-1
I19,0,1,0,0,0,0,0,0,0,0,0,0,0,1,0,0,0,0,0,0,0,0,0,0,-1,-1,-1,-1,-1,-1
GAGACCCCAAGTGGCA-1,0,1,0,0,0,0,0,0,0,0,0,0,0,1,0,0,0,0,0,0,0,0,0,0,-1,-1,-1,-1,-1,-1
I20,0,1,0,0,0,0,0,0,0,0,0,0,0,1,0,0,0,0,0,0,0,0,0,0,-1,-1,-1,-1,-1,-1
TCGTAGAGTAGTCCTA-1,0,1,0,0,0,0,0,0,0,0,0,0,0,1,0,0,0,0,0,0,0,0,0,0,-1,-1,-1,-1,-1,-1
GAAATGACATGAAGGC-1,0,1,0,0,0,0,0,0,0,0,0,0,0,1,0,0,0,0,0,0,0,0,0,0,-1,-1,-1,-1,-1,-1
TGATGCACATGACTCA-1,0,1,0,0,0,0,0,0,0,0,0,0,0,1,0,0,0,0,0,0,0,0,0,0,-1,-1,-1,-1,-1,-1
AATCACGCATCTCGTC-1,0,1,0,0,0,0,0,0,0,0,0,0,0,1,0,0,0,0,0,0,0,0,8,0,-1,-1,-1,-1,-1,-1
TCATACTCACTCCGGA-1,0,1,0,0,0,0,0,0,0,0,0,0,0,1,0,0,0,0,0,0,0,-1,-1,-1,-1,-1,-1,-1,-1,-1
ACAAAGACATGTGGCC-1,0,1,0,0,0,0,0,0,0,0,0,0,0,1,0,0,0,0,0,0,0,4,10,0,-1,-1,-1,-1,-1,-1
I21,0,1,0,0,0,0,0,0,0,0,0,0,0,1,0,0,0,0,0:0.01/-1:0.99,0:0.01/-1:0.99,0:0.01/-1:0.99,0,0:0.42/46:0.58,0,-1,-1,-1,-1,-1,-1
TAACTTCAGAAGTCTA-1,0,1,0,0,0,0,0,0,0,0,0,0,0,1,0,0,0,0,-1,-1,-1,-1,-1,-1,-1,-1,-1,-1,-1,-1
TTTAGTCCACTGTGTA-1,0,1,0,0,0,0,0,0,0,0,0,0,0,1,0,0,0,0,-1,-1,-1,0,46,0,-1,-1,-1,-1,-1,-1
I22,0,1,0,0,0,0,0,0,0,0,0,0,0,1,0,0,0,0,0,0,0,0,0,0,0,0,0,-1,-1,-1
I23,0,1,0,0,0,0,0,0,0,0,0,0,0,1,0,0,0,0,0,0,0,0,0,0,0,0,0,-1,-1,-1
I24,0,1,0,0,0,0,0,0,0,0,0,0,0,1,0,0,0,0,0,0,0,0,0,0,0,0,0,-1,-1,-1
TCAGGTACAGGACTAG-1,0,1,0,0,0,0,0,0,0,0,0,0,0,1,0,0,0,0,0,0,0,0,37,0,0,0,0,-1,-1,-1
TTCACCGTCAGACCTA-1,0,1,0,0,0,0,0,0,0,0,0,0,0,1,0,0,0,0,0,0,0,0,40,0,5,8,0,-1,-1,-1
GGGTTATAGCCTTTCC-1,0,1,0,0,0,0,0,0,0,0,0,0,0,1,0,0,0,0,0,0,0,22,33,0,4,7,0,-1,-1,-1
I25,0,1,0,0,0,0,0,0,0,0,0,0,0,1,0,0,0,0,0,0,0,0,0:0.03/14:0.97,0,0:0.72/2:0.28,0:0.72/5:0.28,0,-1,-1,-1
TTTATGCCAGTCGAGA-1,0,1,0,0,0,0,0,0,0,0,0,0,0,1,0,0,0,0,-1,-1,-1,0,14,0,-1,-1,-1,-1,-1,-1
ACCCTCACAGCGTTGC-1,0,1,0,0,0,0,0,0,0,0,0,0,0,1,0,0,0,0,0,0,0,0,14,0,2,5,0,-1,-1,-1
I26,0,0,0,0,0,0,0,0,0,0,0,0,0,0,0,0,0,0,0,0,0,0,0,0,0,0,0,-1,-1,-1
TTACCATTCCGACATA-1,0,27,0,0,39,0,-1,-1,-1,2,4,0,2,5,0,0,5,0,0,4,0,0,6,0,-1,-1,-1,-1,-1,-1
I27,0,0,0,0,0,0,0,0,0,0,0,0,0,0,0,0,0,0,0,0,0,0,0,0,0,0,0,-1,-1,-1
I28,0,0,0,0,0,0,0,0,0,0,0,0,0,0,0,0,0,0,0,0,0,0,0,0,-1,-1,-1,-1,-1,-1
I29,0,0,0,0,0,0,0,0,0,0,0,0,0,0,0,0,0,0,0,0,0,0,0,0,-1,-1,-1,-1,-1,-1
I30,0,0,0,0,0:0.34/11:0.66,0,0,0,0,0,0,0,0,0,0,0,0,0,0,0,0,0,0,0,-1,-1,-1,-1,-1,-1
GGCAGTCTCAGAGCGA-1,0,23,0,2,11,0,0,0,0,0,31,0,0,26,0,24,30,0,0,0,0,6,3,0,-1,-1,-1,-1,-1,-1
I31,0:0.01/12:0.99,21,0,0,11,0,0:0.34/10:0.66,0:0.34/17:0.66,0,0,0,0,0,0:0.01/9:0.99,0,0,0:0.01/6:0.99,0,0:0.03/-1:0.96/1:0.003/2:0.005/3:0.009/4:0.007/6:0.003/7:0.009/9:0.008/10:0.008/11:0.003/12:0.002/13:0.001/14:0.001,0:0.03/-1:0.96/1:0.001/2:0.005/3:0.003/4:0.008/5:0.009/7:0.009/8:0.003/9:0.001/10:0.001/12:0.001/13:0.003/15:0.005/16:0.008/17:0.006/18:0.003/19:0.002/20:0.001/21:0.009/22:0.001/23:0.001/24:0.001/25:0.005,0:0.03/-1:0.96/2:0.001,8,21,0,-1,-1,-1,-1,-1,-1
GGTCTGGGTTTGGAGG-1,12,21,0,0,11,0,-1,-1,-1,13,16,4,10,9,0,11,6,0,-1,-1,-1,8,21,0,-1,-1,-1,-1,-1,-1
AGTGATCAGGTAAAGG-1,12,21,0,0,11,0,10,17,0,0,0,0,0,9,0,0,6,0,-1,-1,-1,8,21,0,-1,-1,-1,-1,-1,-1
I32,0,0,0,0,0,0,0,0,0,0,0,0,0,0,0,0,0,0,0,0,0,0,0,0,-1,-1,-1,-1,-1,-1
I33,0,0,0,0,0,0,6,0:0.02/7:0.98,0,0,0,0,0,0,0,0,0,0,0,0:0.12/7:0.88,0,0,0,0,-1,-1,-1,-1,-1,-1
ACAAAGACAGCGGATA-1,4,9,0,0,5,0,6,7,0,0,8,0,4,2,0,0,9,0,2,7,0,1,9,0,-1,-1,-1,-1,-1,-1
GCACATACAGCGTACC-1,2,3,0,3,1,0,6,7,0,15,26,0,19,24,0,3,24,0,0,7,0,0,0,0,-1,-1,-1,-1,-1,-1
I34,0,0,0,0,0,0,0,0,0,0,0,0,0,0,0,0,0,0,0,0,0,0,0,0,-1,-1,-1,-1,-1,-1
I35,0,0:0.02/7:0.98,0,0,0:0.03/1:0.97,0,0,0:0.51/10:0.49,0,0:0.01/8:0.99,0:0.01/12:0.99,0,0,0,0,0,0,0,0,0,0,0,0,0,-1,-1,-1,-1,-1,-1
TCATTCACACTACACA-1,0,7,0,0,1,0,-1,-1,-1,8,12,0,2,5,0,3,5,0,0,4,0,0,6,0,-1,-1,-1,-1,-1,-1
GATCAGTAGGCATGCA-1,0,7,0,0,1,0,0,10,0,8,12,0,0,2,0,0,13,0,0,0,0,0,0,0,-1,-1,-1,-1,-1,-1
I36,0,0,0,0,0,0,0,0,0,0,0,0,0,0,0,0,0,0,0,0,0,0,0,0,-1,-1,-1,-1,-1,-1
TCGACCTCAGTCAGCC-1,0,18,0,35,36,0,23,32,0,-1,-1,-1,-1,-1,-1,2,17,0,-1,-1,-1,0,39,0,-1,-1,-1,-1,-1,-1
I37,0,0,0,0,0,0,0:0.94/9:0.06,0:0.94/9:0.06,0,0,0:0.36/16:0.64,0,0,0,0,0,0,0,0,0,0,0,0,0,-1,-1,-1,-1,-1,-1
GCCGATGCAATGCAAA-1,0,31,0,25,9,0,9,9,0,13,16,4,20,11,0,14,11,0,0,9,2,6,13,0,-1,-1,-1,-1,-1,-1
GGTCACGCACTTGACA-1,0,35,0,0,6,0,-1,-1,-1,0,16,0,2,5,0,0,17,0,0,0,0,0,15,0,-1,-1,-1,-1,-1,-1
I38,0,0:0.08/7:0.92,0,0,0,0,0:0.23/4:0.77,0:0.22/5:0.78,0,0,0,0,0,0,0,0,0,0,0:0.87/1:0.13,0:0.87/5:0.13,0,0,0,0,-1,-1,-1,-1,-1,-1
I39,0,7,0,1,3,0,0:0.08/4:0.92,0:0.08/5:0.92,0,3,0:0.01/5:0.99,0,0,6,0,5,0:0.01/6:0.99,0,0:0.31/1:0.69,0:0.31/5:0.69,0,0,7,0,-1,-1,-1,-1,-1,-1
AAGCCATAGGATACAT-1,2,7,0,1,3,0,-1,-1,-1,3,5,0,0,6,0,5,6,0,1,5,0,0,7,0,-1,-1,-1,-1,-1,-1
CAGGCCACACCGTCGA-1,14,7,0,1,3,0,4,5,0,3,5,0,0,6,0,5,6,0,-1,-1,-1,0,7,0,-1,-1,-1,-1,-1,-1
I40,0,7,0,0,0,0,0:0.09/4:0.91,0:0.09/5:0.91,0,4,6,0,0,0,0,0:0.02/6:0.98,7,0,0:0.03/-1:0.95/1:0.02,0:0.03/-1:0.95/5:0.02,0:0.04/-1:0.95/2:0.001,0,0:0.01/2:0.99,0,-1,-1,-1,-1,-1,-1
CATGAGTTCGTAACAC-1,2,7,0,0,0,0,-1,-1,-1,4,6,0,2,5,0,6,7,0,-1,-1,-1,0,2,0,-1,-1,-1,-1,-1,-1
AATCGACGTTCTCTCG-1,3,7,0,0,0,0,4,5,0,4,6,0,3,7,0,6,7,0,-1,-1,-1,0,2,0,-1,-1,-1,-1,-1,-1
I41,0,0,0,0,0,0,0,0,0,0,0,0,0,0,0,0,0,0,0,0,0,0,0,0,0,0,0,-1,-1,-1
TGCAGATTCTACAGGT-1,27,40,0,0,11,0,4,34,8,15,36,0,-1,-1,-1,2,36,0,15,21,0,-1,-1,-1,0,0,0,-1,-1,-1
I42,0,0,0,0,0,0,0,0,0,0,0,0,0,0,0,0,0,0,0,0,0,0,0,0,0,0,0,-1,-1,-1
I43,0,0:0.02/19:0.98,0,0,0,0,0,0,0,0:0.06/-1:0.92/1:0.014/2:0.018/3:0.001/5:0.001/6:0.004/7:0.001/8:0.005/9:0.012/10:0.004/11:0.012/12:0.002/13:0.017/14:0.001/15:0.016/16:0.002/17:0.001/18:0.002/19:0.016/20:0.017/23:0.007/26:0.005/30:0.001/32:0.001,0:0.06/-1:0.92/1:0.008/2:0.001/3:0.008/4:0.001/5:0.018/6:0.004/9:0.001/10:0.004/11:0.001/12:0.005/13:0.004/14:0.012/15:0.001/16:0.015/17:0.002/18:0.002/20:0.008/21:0.001/22:0.018/23:0.001/24:0.002/25:0.007/26:0.018/29:0.005/30:0.001/31:0.003/36:0.006/37:0.001/38:0.017/39:0.01,0:0.06/-1:0.92/1:0.002/2:0.011/4:0.001,0,22,0,0:0.03/11:0.97,23,0,0,0:0.45/23:0.55,0,0,29,0,0:0.45/13:0.55,0:0.45/19:0.55,0,-1,-1,-1
CTCCAACTCGACACTA-1,0,19,0,21,2,0,11,11,0,-1,-1,-1,0,22,0,11,23,0,-1,-1,-1,0,29,0,13,19,0,-1,-1,-1
TTACGTTTCACTTTGT-1,0,19,0,0,0,0,0,36,0,-1,-1,-1,3,22,0,11,23,0,0,23,0,0,29,0,-1,-1,-1,-1,-1,-1
I44,0,0,0,0,0,0,0,0,0,0,0,0,0,0,0,0,0,0,0,0,0,0,0,0,0,0,0,-1,-1,-1
I45,1,4,0,0,0,0,2,3,0,0,0,0,0,0,0,3,3,0,0,0,0,0,0,0,0,0,0,-1,-1,-1
I46,1,4,0,0,0,0,2,3,0,0,0,0,0,0,0,3,3,0,0,3,0,0,0,0,0,0,0,-1,-1,-1
I47,1,4,0,0,0,0,2,3,0,0,3,0,0,0,0,3,3,0,0,3,0,0,0,0,0,0,0,-1,-1,-1
I48,1,4,0,0,0,0,2,3,0,0,3,0,0,0,0,3,3,0,0,3,0,0,0,0,0,0,0,-1,-1,-1
I49,1,4,0,0,0,0,2,3,0,0,3,0,0,0,0,3,3,0,0,3,0,0,0,0,0:0.04/-1:0.95/1:0.001/2:0.008/5:0.001/6:0.009/7:0.007/8:0.008/11:0.006/12:0.009/13:0.006,0:0.04/-1:0.95/4:0.01,0:0.04/-1:0.95/1:0.001,-1,-1,-1
TGCAGATGTACTGCGC-1,1,4,0,38,38,0,2,3,0,0,3,0,0,0,0,3,3,0,0,3,0,0,14,0,-1,-1,-1,-1,-1,-1
TACCCGTAGCTTTGTG-1,1,4,0,13,0,0,2,3,0,0,3,0,0,0,0,3,3,0,0,3,0,27,36,0,-1,-1,-1,-1,-1,-1
TCGAACAAGTCTCGTA-1,1,4,0,4,9,0,2,3,0,0,3,0,0,0,0,3,3,0,0,3,0,0,38,0,0,4,0,-1,-1,-1
I50,1,4,0,0,0,0,2,3,0,0,3,0,0,0,0,3,3,0,0,3,0,2,4,0,0,0:0.43/1:0.57,0,-1,-1,-1
I51,1,4,0,0,0,0,2,3,0,0,3,0,0,0,0,3,3,0,0,3,0,2,4,0,0:0.05/-1:0.95,0:0.02/-1:0.95/1:0.03,0:0.05/-1:0.95,-1,-1,-1
CCCTCAACAGAGTGTG-1,1,4,0,2,19,0,2,3,0,0,3,0,0,0,0,3,3,0,0,3,0,2,4,0,-1,-1,-1,-1,-1,-1
ACTACGATCGTAACCA-1,1,4,0,0,0,0,2,3,0,9,3,0,0,0,0,3,3,0,-1,-1,-1,2,4,0,-1,-1,-1,-1,-1,-1
I52,1,4,0,0,0,0,2,3,0,0,3,0,0,0,0,3,3,0,0,3,0,2,4,0,0,1,0,-1,-1,-1
AACCTGAGTACTCCGG-1,1,4,0,0,0,0,2,3,0,0,3,0,0,3,0,3,3,0,0,3,0,2,4,0,0,1,0,-1,-1,-1
AGATGAATCCCAGGAC-1,1,4,0,9,13,0,2,3,0,0,3,0,0,0,0,3,3,0,0,3,0,2,4,0,0,1,0,-1,-1,-1
CACGAATGTATCACCA-1,1,4,0,0,2,0,2,3,0,0,5,0,0,0,0,3,3,0,0,3,0,0,0,0,0,0,0,-1,-1,-1
I53,1,4,0,0,0,0,2,3,0,0,0,0,0,0,0,3,3,0,0,0,0,0,0,0,0:0.01/-1:0.99,0:0.01/-1:0.99,0:0.01/-1:0.99,-1,-1,-1
I54,1,4,0,0,0,0,2,3,0,0,0,0,0,0,0,3,3,0,0,0,0,0,0,0,0:0.01/-1:0.99,0:0.01/-1:0.99,0:0.01/-1:0.99,-1,-1,-1
I55,1,4,0,10,16,0,2,3,0,0,0,0,0,0,0,3,3,0,0:0.48/3:0.52,0:0.48/10:0.52,0,0,0,0,-1,-1,-1,-1,-1,-1
AGCTACATCGTGTGGC-1,1,4,0,10,16,0,2,3,0,12,18,0,0,0,0,3,3,0,-1,-1,-1,0,0,0,-1,-1,-1,-1,-1,-1
AGTTCGATCCGCAGTG-1,1,4,0,10,16,0,2,3,0,0,0,0,0,0,0,3,3,0,3,10,0,0,0,0,-1,-1,-1,-1,-1,-1
CAAGACTCAAGCTGCC-1,1,4,0,13,0,0,2,3,0,11,14,0,0,0,0,3,3,0,-1,-1,-1,9,23,0,-1,-1,-1,-1,-1,-1
GCGAGAACATTCTTCA-1,1,4,0,4,6,0,2,3,0,0,3,0,17,0,0,3,3,0,10,5,0,4,2,0,-1,-1,-1,-1,-1,-1
I56,0,0,0,0,0,0,0,0,0,0,0,0,0,0,0,0,0,0,0,0,0,0,0,0,0,0,0,-1,-1,-1
I57,0,3,0,0,1,0,0,0,0,0,2,0,0,0,0,0,20,0,0,2,0,-1:0.99/1:0.008/3:0.009/4:0.008/5:0.002/6:0.009/9:0.006/10:0.006/12:0.001/15:0.001/18:0.008/19:0.002/20:0.003/21:0.007/25:0.001/27:0.001/28:0.005/29:0.001,-1:0.99/2:0.009/3:0.009/5:0.002/6:0.001/10:0.001/11:0.001/13:0.006/14:0.008/15:0.009/19:0.001/20:0.005/23:0.006/25:0.002/30:0.001/31:0.005/32:0.004/34:0.008/35:0.001/36:0.001/38:0.001/41:0.001,-1:0.99/3:0.001/5:0.001,0:0.14/15:0.86,0:0.14/24:0.86,0,-1,-1,-1
GTTGCGGTCCAACTGA-1,0,3,0,0,1,0,0,5,0,0,2,0,0,0,0,0,20,0,0,2,0,-1,-1,-1,15,24,0,-1,-1,-1
TCCAGAAAGACTTGTC-1,0,3,0,0,1,0,0,0,0,0,2,0,0,0,0,0,20,0,0,2,0,-1,-1,-1,-1,-1,-1,-1,-1,-1
I58,0,0,0,0,0,0,0,0,0,0,0,0,0,0,0,0,0,0,0,0,0,0,0,0,0,0:0.05/23:0.95,0,-1,-1,-1
TCGTAGAAGATAGCAT-1,26,38,6,9,13,0,7,11,0,15,16,0,0,0,0,28,34,0,-1,-1,-1,0,27,0,0,23,0,-1,-1,-1
I59,0,8,0,0,4,0,0,0,0,0,0,0,0,8,0,0,8,0,0,0,0,0,0:0.01/3:0.99,0,0:0.55/11:0.45,0:0.03/23:0.97,0,-1,-1,-1
GAATCGTGTCTACTGA-1,0,8,0,0,4,0,0,26,0,0,5,0,0,8,0,0,8,0,-1,-1,-1,0,3,0,-1,-1,-1,-1,-1,-1
I60,0,8,0,0,4,0,0,0,0,0,7,0,0,8,0,0,8,0,0,0,0,0,3,0,0:0.46/11:0.54,0:0.02/23:0.98,0,-1,-1,-1
GTTCTATTCGCTCTAC-1,0,8,0,0,4,0,0,31,6,0,7,0,0,8,0,11,8,0,0,16,0,0,3,0,11,23,0,-1,-1,-1
I61,0,8,0,0,4,0,0,0,0,0,7,0,0,8,0,0,8,0,0,0,0,0,3,0,0:0.06/-1:0.87/11:0.07,-1:0.87/23:0.13,0:0.12/-1:0.87/1:0.001,-1,-1,-1
TCTTCCTGTCCTACGG-1,0,8,0,2,4,0,10,33,0,0,7,0,0,8,0,0,8,0,14,16,0,0,3,0,-1,-1,-1,-1,-1,-1
AATTTCCCAGTCCGTG-1,0,8,0,0,4,0,5,6,0,0,7,0,3,8,0,0,8,0,0,6,1,0,3,0,-1,-1,-1,-1,-1,-1
I62,0,0,0,0,0,0,0,0,0,0,0,0,0,0,0,0,0,0,0:0.52/-1:0.47/1:0.003/2:0.005/3:0.009/4:0.007/6:0.003/7:0.009/9:0.008/10:0.008/11:0.003/12:0.002/13:0.001/14:0.001,0:0.52/-1:0.47/1:0.001/2:0.005/3:0.003/4:0.008/5:0.009/7:0.009/8:0.003/9:0.001/10:0.001/12:0.001/13:0.003/15:0.005/16:0.008/17:0.006/18:0.003/19:0.002/20:0.001/21:0.009/22:0.001/23:0.001/24:0.001/25:0.005,0:0.52/-1:0.47/2:0.001,0,0,0,0,0,0,-1,-1,-1
TTGGATGTCGGCTTGG-1,0,46,0,13,2,0,7,5,0,15,15,0,0,34,0,0,24,0,-1,-1,-1,29,44,6,-1,-1,-1,-1,-1,-1
I63,0,0,0,0,0,0,0,15,1,0,20,0,0,0:0.01/15:0.99,0,0,0:0.01/18:0.99,0,0:0.02/-1:0.98,0:0.02/-1:0.98,0:0.02/-1:0.98,0,0:0.01/20:0.99,0,0,0,0,-1,-1,-1
CTACCTGTCATGCTAG-1,10,19,0,0,6,0,7,15,1,0,20,0,0,15,0,17,18,0,-1,-1,-1,6,20,0,0,0,0,-1,-1,-1
I64,0,0,0,0,0,0,0,15,1,0,20,0,0,15,0,0,18,0,-1,-1,-1,0,20,0,0:0.05/-1:0.95,0:0.05/-1:0.95,0:0.05/-1:0.95,-1,-1,-1
I65,0:0.65/2:0.35,0:0.65/15:0.35,0,0,18,0:0.01/4:0.99,13,15,1,0,20,0,0,15,0,0,18,0,-1,-1,-1,0,20,0,0:0.01/-1:0.99,0:0.01/-1:0.99,0:0.01/-1:0.99,-1,-1,-1
TAAGTCGGTCGTTGCG-1,2,15,0,33,18,4,13,15,1,0,20,0,3,15,0,17,18,0,-1,-1,-1,18,20,0,-1,-1,-1,-1,-1,-1
AGTCAACGTACGAGCA-1,-1,-1,-1,13,18,4,13,15,1,0,20,0,0,15,0,3,18,0,-1,-1,-1,0,20,0,-1,-1,-1,-1,-1,-1
I66,0,19,0,0,0,0,7,15,1,0,20,0,0,15,0,0,18,0,-1,-1,-1,0,20,0,-1,-1,-1,-1,-1,-1
I67,0,19,0,0,0,0,7,15,1,0,20,0,0,15,0,0,18,0,-1,-1,-1,0,20,0,-1,-1,-1,-1,-1,-1
I68,0,19,0,0,0,0,7,15,1,0,20,0,0,15,0,0,18,0,-1,-1,-1,0,20,0,-1,-1,-1,-1,-1,-1
GGGCTACCAGACTGCC-1,0,19,0,27,2,0,7,15,1,0,20,0,0,15,0,0,18,0,-1,-1,-1,0,20,0,-1,-1,-1,-1,-1,-1
ATTCATCCAGTACTAC-1,0,19,0,0,0,0,7,15,1,2,20,0,0,15,0,0,18,0,-1,-1,-1,0,20,0,-1,-1,-1,-1,-1,-1
GAGAAATCATGGGCAA-1,0,19,0,23,27,0,7,15,1,3,20,0,0,15,0,17,18,0,-1,-1,-1,0,20,0,-1,-1,-1,-1,-1,-1
AGGCCACTCGTTCTAT-1,10,19,0,9,13,0,7,15,1,13,20,0,0,15,0,6,18,0,-1,-1,-1,0,20,0,-1,-1,-1,-1,-1,-1
(((((GCATGATCAAAGACGC-1:1.063,CCATCACGTCTCACGG-1:4.063)I14:5.983,(ATTACTCGTTACCCAA-1:2.933,(((TCACGGGGTGCACATT-1:1.135,TAAGCACAGTTGCATC-1:6.07)I13:0.944,TCTATCAAGCAGCAGT-1:2.079)I12:0.967,(GAGATGGAGGAACTAT-1:0,TTGACCCTCATCGCTC-1:0)I11:2.046)I10:3.096)I9:4.461)I8:3.442,(TTGTGTTTCGACACTA-1:6.659,TCTTGCGAGGAATTAC-1:6.659)I7:6.511)I6:2.252,(((GCCATGGAGTGCTCAT-1:3.001,(TCTTGCGCAGCACCCA-1:3.001,GATGTTGCAATACGCT-1:0.001)I5:0)I4:3.012,CTAGGTATCCGCTAGG-1:2.651)I3:2.775,(GTCAGCGTCAAGTGGG-1:5.356,CAGAGCCTCTTCCCAG-1:4.356)I2:6.745)I1:3.644)3:4.938)I0;
I0,0,0,0,0,0,0,0,0,0,0,0,0,0,0,0,0,0,0,0,0,0,0,0,0,0,0,0,0,0,0
3,0,0,0,0,19,0,0,0,0,0,0,0,0,0,0,0,0,0,0,8,0,0,0,0,0,0,0,0:0.02/-1:0.98,0:0.02/-1:0.98,0:0.02/-1:0.98
I1,0,0,0,14,19,0,0,0,0,0,0:0.02/22:0.98,0,0,0:0.01/13:0.99,0,0,0,0,0,8,0,0,0,0,0:0.69/10:0.31,0:0.69/17:0.31,0,-1,-1,-1
I2,0,0,0,14,19,0,0:0.05/-1:0.94/2:0.002/4:0.009/5:0.002/7:0.008/8:0.008/9:0.006/10:0.009/11:0.008/12:0.003/13:0.001/15:0.003/16:0.001/18:0.001/21:0.003/22:0.007/23:0.002/25:0.001,0:0.05/-1:0.94/1:0.008/3:0.009/5:0.009/6:0.002/7:0.001/8:0.009/9:0.001/10:0.005/11:0.005/13:0.001/14:0.002/16:0.003/17:0.001/19:0.001/20:0.004/21:0.001/23:0.001/24:0.008/27:0.001/29:0.002/30:0.001/31:0.001/32:0.002/37:0.004,0:0.05/-1:0.94/2:0.001/3:0.001/5:0.006,0,22,0,0,13,0,0,0,0,0,8,0,0,0:0.01/14:0.99,0,0:0.03/-1:0.94/10:0.03,0:0.03/-1:0.94/17:0.03,0:0.05/-1:0.94/1:0.001,-1,-1,-1
CAGAGCCTCTTCCCAG-1,0,0,0,14,19,0,-1,-1,-1,17,22,0,0,13,0,11,17,0,0,8,0,4,14,0,-1,-1,-1,-1,-1,-1
GTCAGCGTCAAGTGGG-1,0,2,0,14,19,0,-1,-1,-1,20,22,0,0,13,0,13,15,0,0,8,0,24,14,0,-1,-1,-1,-1,-1,-1
I3,0,2,0,14,19,0,0,0,0,0,22,0,0,13,0,0,0:0.01/17:0.99,0,0,8,0,0,0,0,0:0.32/10:0.68,0:0.32/17:0.68,0,-1,-1,-1
CTAGGTATCCGCTAGG-1,0,2,0,14,19,0,5,6,0,0,22,0,0,13,0,0,17,0,0,8,0,0,0,0,10,17,0,-1,-1,-1
I4,0,2,0,14,19,0,0,0,0,0,22,0,0,13,0,0,17,0,0,8,0,0,0,0,-1,-1,-1,-1,-1,-1
I5,0,2,0,14,19,0,0,0,0,0,22,0,0,13,0,0,17,0,0,8,0,0,0,0,-1,-1,-1,-1,-1,-1
GATGTTGCAATACGCT-1,0,2,0,14,19,0,0,0,0,0,22,0,0,13,0,0,17,0,0,8,0,0,0,0,-1,-1,-1,-1,-1,-1
TCTTGCGCAGCACCCA-1,0,2,0,14,19,0,8,11,0,0,22,0,0,13,0,0,17,0,0,8,0,0,10,0,-1,-1,-1,-1,-1,-1
GCCATGGAGTGCTCAT-1,0,2,0,14,19,0,-1,-1,-1,0,22,0,0,13,0,0,17,0,0,8,0,0,0,0,-1,-1,-1,-1,-1,-1
I6,0,2,0,0,19,0,0,0,0,0,0,0,0,0,0,0,0:0.04/17:0.96,0,0,8,0,0,0,0,0:0.88/7:0.12,0:0.88/12:0.12,0,-1,-1,-1
I7,0,2,0,0,19,0,0:0.08/-1:0.89/1:0.001/2:0.005/4:0.026/5:0.005/7:0.025/8:0.024/9:0.017/10:0.027/11:0.025/12:0.008/13:0.002/14:0.001/15:0.01/16:0.002/18:0.002/19:0.001/21:0.008/22:0.021/23:0.006/24:0.001/25:0.002,0:0.08/-1:0.89/1:0.025/2:0.001/3:0.027/5:0.028/6:0.005/7:0.004/8:0.027/9:0.004/10:0.016/11:0.014/13:0.003/14:0.006/16:0.008/17:0.002/19:0.002/20:0.012/21:0.003/22:0.001/23:0.002/24:0.023/27:0.002/28:0.001/29:0.007/30:0.003/31:0.002/32:0.006/33:0.001/36:0.001/37:0.011,0:0.08/-1:0.89/2:0.002/3:0.002/5:0.017,0,0:0.03/22:0.97,0,0,0,0,0,17,0,0,8,0,0,0,0,0:0.07/-1:0.89/7:0.04,0:0.07/-1:0.89/12:0.04,0:0.08/-1:0.89/1:0.002,-1,-1,-1
TCTTGCGAGGAATTAC-1,0,2,0,37,19,0,-1,-1,-1,13,22,0,0,30,0,29,17,0,3,8,0,0,14,0,-1,-1,-1,-1,-1,-1
TTGTGTTTCGACACTA-1,32,2,0,0,19,0,-1,-1,-1,2,22,0,26,35,0,32,17,0,0,8,0,0,45,0,-1,-1,-1,-1,-1,-1
I8,0,2,0,0,19,0,0,0,0,0,0,0,12,17,0,0,17,0,0,8,0,0,0:0.03/14:0.97,0,0:0.67/7:0.33,0:0.67/12:0.33,0,-1,-1,-1
I9,0,2,0,0,19,0,0:0.04/-1:0.96,0:0.04/-1:0.96,0:0.04/-1:0.96,0,0:0.01/22:0.99,0,12,17,0,0,17,0,0,8,0,0,14,0,0:0.4/7:0.6,0:0.4/12:0.6,0,-1,-1,-1
I10,0,2,0,0,19,0,-1,-1,-1,0,22,0,12,17,0,0,17,0,0,8,0,0,14,0,0:0.01/-1:0.99,0:0.01/-1:0.99,0:0.01/-1:0.99,-1,-1,-1
I11,0,2,0,0,19,0,-1,-1,-1,0,22,0,12,17,0,0,17,0,3,8,0,21,14,0,-1,-1,-1,-1,-1,-1
TTGACCCTCATCGCTC-1,0,2,0,0,19,0,-1,-1,-1,0,22,0,12,17,0,0,17,0,3,8,0,21,14,0,-1,-1,-1,-1,-1,-1
GAGATGGAGGAACTAT-1,0,2,0,0,19,0,-1,-1,-1,0,22,0,12,17,0,0,17,0,3,8,0,21,14,0,-1,-1,-1,-1,-1,-1
I12,0,2,0,0,19,0,-1,-1,-1,0:0.08/13:0.92,22,0,12,17,0,0,17,0,0,8,0,0,14,0,-1,-1,-1,-1,-1,-1
TCTATCAAGCAGCAGT-1,0,2,0,36,19,0,-1,-1,-1,13,22,0,12,17,0,0,17,0,0,8,0,6,14,0,-1,-1,-1,-1,-1,-1
I13,0,2,0,0,19,0,-1,-1,-1,0:0.07/13:0.93,22,0,12,17,0,0,17,0,0,8,0,0:0.07/3:0.93,14,0,-1,-1,-1,-1,-1,-1
TAAGCACAGTTGCATC-1,11,2,0,32,19,0,-1,-1,-1,-1,-1,-1,12,17,0,0,17,0,10,8,0,3,14,0,-1,-1,-1,-1,-1,-1
TCACGGGGTGCACATT-1,14,2,0,0,19,0,-1,-1,-1,13,22,0,12,17,0,0,17,0,0,8,0,3,14,0,-1,-1,-1,-1,-1,-1
ATTACTCGTTACCCAA-1,0,2,0,0,19,0,-1,-1,-1,13,22,0,12,17,0,0,17,0,7,8,0,0,14,0,7,12,0,-1,-1,-1
I14,17,2,0,13,19,0,0,0,0,0,0,0,12,17,0,0,17,0,0,8,0,0:0.01/3:0.99,14,0,0:0.01/-1:0.98/7:0.01,0:0.01/-1:0.98/12:0.01,0:0.01/-1:0.98/1:0.001,-1,-1,-1
CCATCACGTCTCACGG-1,17,2,0,13,19,0,19,22,0,0,5,0,12,17,0,0,17,0,9,8,0,3,14,0,-1,-1,-1,-1,-1,-1
GCATGATCAAAGACGC-1,17,2,0,13,19,0,0,0,0,0,2,0,12,17,0,0,17,0,0,8,0,3,14,0,-1,-1,-1,-1,-1,-1
((((TCACACCAGCACTTTG-1:6,(CAGATACTCAGTGATC-1:3,(CGTGAATGTACAATAG-1:6.053,GTTGTAGGTCTTACTT-1:0.813)I15:1.188)I14:0)I13:3.039,TTACAGGTCTCTTGCG-1:5.039)I12:3.063,(((AGAGCAGCACAACGTT-1:2.979,CCGGTGACACCTTCGT-1:3.001)I11:4.021,((CTACTATGTCGCGTCA-1:1.001,AAAGGTAGTCATACCA-1:0.001)I10:3,((AGTAACCTCCTTGAAG-1:2.001,TTGGGATGTTAGTTCG-1:3.001)I9:1,(TAATTCCAGGGCTTCC-1:3,CTACCCACAGAGGTAC-1:2)I8:0)I7:1)I6:0)I5:1.018,(CTGCGAGAGGTGAGCT-1:5.001,(TCGTCCAGTTTAGTCG-1:4,(GTCGTAAGTTCAGCTA-1:2.077,TTGGGCGTCTACCAGA-1:2.077)I4:2.932)I3:0.001)I2:2.017)I1:5.086)4:7.916)I0;
I0,0,0,0,0,0,0,0,0,0,0,0,0,0,0,0,0,0,0,0,0,0,0,0,0,0,0,0,0,0,0
4,0,0,0,0,0,0,0,0:0.01/1:0.99,0,0,0,0,0,0:0.01/2:0.99,0,0,1,0,0,1,0,0,0:0.01/2:0.99,0,0,0,0,0:0.02/-1:0.97/1:0.009/2:0.002,0:0.02/-1:0.97/1:0.004/2:0.001/3:0.002,0:0.02/-1:0.97/1:0.01
I1,0,0,0,0,0,0,0,1,0,0,0,0,1,2,0,1,1,0,0,1,0,0,2,0,-1:0.99/1:0.001/2:0.008/5:0.001/6:0.009/7:0.007/8:0.008/11:0.006/12:0.009/13:0.006,-1:0.99/1:0.006/2:0.002/3:0.001/4:0.009/7:0.004/8:0.001/9:0.005/10:0.004/11:0.003/13:0.008/14:0.004/16:0.001/18:0.009/19:0.006/20:0.001/21:0.003/23:0.001/25:0.008/27:0.009/28:0.003,-1:0.99/1:0.001,-1,-1,-1
I2,0,0,0,0,1,0,21,1,0,0,0,0,1,2,0,1,1,0,0,1,0,0,2,0,-1,-1,-1,-1,-1,-1
I3,0,0,0,0,1,0,21,1,0,0,0,0,1,2,0,1,1,0,0,1,0,0,2,0,-1,-1,-1,-1,-1,-1
I4,0,0,0,0,1,0,21,1,0,0:0.02/-1:0.97/1:0.01,0:0.02/-1:0.97/1:0.01,0:0.02/-1:0.97/1:0.001/2:0.006,1,2,0,1,1,0,0,1,0,0,2,0,-1,-1,-1,-1,-1,-1
TTGGGCGTCTACCAGA-1,0,5,0,2,1,0,21,1,0,-1,-1,-1,1,2,0,1,1,0,0,1,0,0,2,0,-1,-1,-1,-1,-1,-1
GTCGTAAGTTCAGCTA-1,10,1,0,0,1,0,21,1,0,-1,-1,-1,1,2,0,1,1,0,0,1,0,0,2,0,-1,-1,-1,-1,-1,-1
TCGTCCAGTTTAGTCG-1,18,39,0,0,1,0,21,1,0,1,1,0,1,2,0,1,1,0,0,1,0,0,2,0,-1,-1,-1,-1,-1,-1
CTGCGAGAGGTGAGCT-1,0,28,0,4,1,0,21,1,0,20,30,0,1,2,0,1,1,0,0,1,0,19,2,0,-1,-1,-1,-1,-1,-1
I5,0,2,0,0,0,0,0,1,0,0,0,0,1,2,0,1,1,0,0,1,0,0,2,0,-1,-1,-1,-1,-1,-1
I6,0,2,0,0,0,0,0,1,0,0,0,0,1,2,0,1,1,0,0,1,0,0,2,0,-1,-1,-1,-1,-1,-1
I7,0,2,0,0,1,0,0,1,0,0,0,0,1,2,0,1,1,0,0,1,0,0,2,0,-1,-1,-1,-1,-1,-1
I8,0,2,0,0,1,0,0,1,0,0,0,0,1,2,0,1,1,0,0,1,0,0,2,0,-1,-1,-1,-1,-1,-1
CTACCCACAGAGGTAC-1,0,2,0,4,1,0,0,1,0,0,29,0,1,2,0,1,1,0,0,1,0,0,2,0,-1,-1,-1,-1,-1,-1
TAATTCCAGGGCTTCC-1,10,2,0,0,1,0,0,1,0,31,34,0,1,2,0,1,1,0,0,1,0,0,2,0,-1,-1,-1,-1,-1,-1
I9,0,2,0,0,1,0,0,1,0,0,0,0,1,2,0,1,1,0,5,1,0,0,2,0,-1,-1,-1,-1,-1,-1
TTGGGATGTTAGTTCG-1,0,2,0,0,1,0,10,1,0,1,1,0,1,2,0,1,1,0,5,1,0,0,2,0,-1,-1,-1,-1,-1,-1
AGTAACCTCCTTGAAG-1,0,2,0,0,1,0,0,1,0,2,4,0,1,2,0,1,1,0,5,1,0,0,2,0,-1,-1,-1,-1,-1,-1
I10,0,2,0,0,0,0,1,1,0,1,1,0,1,2,0,1,1,0,0,1,0,0,2,0,-1,-1,-1,-1,-1,-1
AAAGGTAGTCATACCA-1,0,2,0,0,0,0,1,1,0,1,1,0,1,2,0,1,1,0,0,1,0,0,2,0,-1,-1,-1,-1,-1,-1
CTACTATGTCGCGTCA-1,0,2,0,0,11,0,1,1,0,1,1,0,1,2,0,1,1,0,0,1,0,0,2,0,-1,-1,-1,-1,-1,-1
I11,0,2,0,8,12,1,0,1,0,0:0.49/2:0.51,0:0.49/4:0.51,0,1,2,0,1,1,0,0,1,0,0,2,0,-1,-1,-1,-1,-1,-1
CCGGTGACACCTTCGT-1,0,2,0,8,12,1,0,1,0,-1,-1,-1,1,2,0,1,1,0,0,1,0,0,2,0,-1,-1,-1,-1,-1,-1
AGAGCAGCACAACGTT-1,7,2,0,8,12,1,11,1,0,2,4,0,1,2,0,1,1,0,0,1,0,0,2,0,-1,-1,-1,-1,-1,-1
I12,0,2,0,0,0:0.02/1:0.98,0,0,1,0,0,0:0.01/1:0.99,0,0,2,0,0,1,0,0,1,0,0,2,0,0,0,0,-1,-1,-1
TTACAGGTCTCTTGCG-1,10,2,0,0,1,0,0,1,0,0,1,0,0,2,0,0,1,0,0,1,0,1,2,0,-1,-1,-1,-1,-1,-1
I13,0,2,0,0,1,0,0,1,0,1,1,0,1,2,0,1,1,0,0,1,0,0,2,0,0,0,0,-1,-1,-1
I14,0,2,0,0,1,0,0,1,0,1,1,0,1,2,0,1,1,0,0,1,0,0,2,0,0,0,0,-1,-1,-1
I15,0,2,0,0,1,0,0:0.05/4:0.95,1,0,1,1,0,1,2,0,1,1,0,0,1,0,0,2,0,0,0:0.76/25:0.24,0,-1,-1,-1
GTTGTAGGTCTTACTT-1,0,2,0,0,1,0,4,1,0,1,1,0,1,2,0,1,1,0,0,1,0,0,2,0,0,25,0,-1,-1,-1
CGTGAATGTACAATAG-1,0,2,0,0,1,0,4,1,0,1,1,0,1,2,0,1,1,0,-1,-1,-1,0,2,0,-1,-1,-1,-1,-1,-1
CAGATACTCAGTGATC-1,13,2,0,0,1,0,10,1,0,1,1,0,1,2,0,1,1,0,0,1,0,0,2,0,0,9,0,-1,-1,-1
TCACACCAGCACTTTG-1,0,2,0,13,1,0,11,1,0,1,1,0,1,2,0,1,1,0,0,1,0,28,2,0,-1,-1,-1,-1,-1,-1
(((GTGTTAGAGGTTCCAT-1:18.059,(TTCATGTTCGTGGAAG-1:13.015,(((GGCAGTCTCCGATAGT-1:9.062,TTCCGGTGTAATGATG-1:15.062)I19:0.005,(TTCTTCCTCGTGGGTC-1:10.411,GGATGTTGTGGATACG-1:10.411)I18:0.656)I17:2.946,(TGTTGGAAGTGCCCGT-1:7.068,(TTGTTCAAGCCATCCG-1:2.006,(TCACGGGTCGATCCAA-1:1.012,CTCAGGGCATACATCG-1:2.012)I16:0.994)I15:4.062)I14:5.917)I13:0.03)I12:0.044)I11:5.947,(((CATCCCACACGCTGTG-1:5.845,CTCAACCGTGAAGCTG-1:8.403)I10:4.996,(((ACATCCCTCCAAGCTA-1:5.224,(GTGCACGAGGAGGGTG-1:2.022,GATGACTCAAGTGTCT-1:3.022)I9:3.678)I8:3.342,AGAACAAGTAACGCGA-1:5.02)I7:0.021,(GTTTACTAGGCAGCTA-1:6.806,(TGGGTTAGTTCAAGTC-1:1.847,GACTGATTCACCTTAT-1:6.247)I6:3.355)I5:6.249)I4:3.08)I3:3.085,TGAACGTAGCAAACAT-1:21.3)I2:1.944)I1:0.075)I0;
I0,0,0,0,0,0,0,0,0,0,0,0,0,0,0,0,0,0,0,0,0,0,0,0,0,0,0,0,0,0,0
I1,0,0,0,0,0,0,0,0,0,0,0,0,0,0,0,0,0,0,0:0.92/3:0.08,0,0,0,0,0,0,0,0,0,0,0
I2,0,0,0,0,0,0,0,0,0,0,0,0,0,0,0,0,0,0,0:0.21/3:0.79,0,0,0,0:0.09/3:0.91,0,0,0:0.68/4:0.32,0,0,0,0
TGAACGTAGCAAACAT-1,0,14,0,20,37,0,24,24,7,32,35,0,22,31,6,30,35,3,3,16,0,4,3,0,-1,-1,-1,2,3,0
I3,0,10,0,0,7,0,0,0,0,0,0,0,0,0,0,0,0,0,0:0.1/3:0.9,0,0,0,3,0,0,0:0.01/4:0.99,0,0,0:0.78/1:0.22,0
I4,0,10,0,0,7,0,0,0,0,0,0,0,0,0,0,0,0,0,0:0.01/3:0.99,0,0,0,3,0,0,4,0,0:0.01/-1:0.99,0:0.01/-1:0.99,0:0.01/-1:0.99
I5,0,10,0,0:0.01/4:0.99,7,0,0,0,0,24,0,0,0,0,0,0,0,0,0:0.01/3:0.99,0:0.61/17:0.39,0,0:0.01/20:0.99,3,0,0:0.05/-1:0.94/1:0.001/2:0.008/5:0.001/6:0.009/7:0.007/8:0.008/11:0.006/12:0.009/13:0.006,-1:0.94/4:0.06,0:0.05/-1:0.94/1:0.001,-1,-1,-1
I6,0,10,0,4,7,0,0,0,0,24,0,0,0,0,0,0,0:0.6/37:0.4,0,-1:0.92/3:0.08,0:0.04/-1:0.92/17:0.04,0:0.07/-1:0.92/2:0.001,20,3,0,-1,-1,-1,-1,-1,-1
GACTGATTCACCTTAT-1,0,10,0,4,7,0,7,0,0,24,0,0,10,6,0,-1,-1,-1,-1,-1,-1,20,3,0,-1,-1,-1,-1,-1,-1
TGGGTTAGTTCAAGTC-1,0,10,0,4,7,0,0,0,0,24,0,0,0,32,0,0,37,0,-1,-1,-1,20,3,0,-1,-1,-1,-1,-1,-1
GTTTACTAGGCAGCTA-1,25,10,0,4,7,0,11,0,0,24,0,0,2,5,0,6,17,0,3,17,0,20,3,0,-1,-1,-1,-1,-1,-1
I7,0,10,0,0,7,0,0,0,0,0,0,0,0,0,0,0,0,0,0:0.01/3:0.99,0:0.99/8:0.01,0,0,3,0,0,4,0,0:0.01/-1:0.99,-1:0.99/1:0.01,0:0.01/-1:0.99
AGAACAAGTAACGCGA-1,0,10,0,3,7,0,0,0,0,3,0,0,0,13,0,0,0,0,3,8,0,1,3,0,0,4,0,-1,-1,-1
I8,0,10,0,0,7,0,0,0,0,0,0,0,0,0,0,0:0.48/3:0.52,0,0,-1:0.93/3:0.07,0:0.06/-1:0.93/8:0.01,0:0.06/-1:0.93/2:0.001,0,3,0,0,4,0,-1,-1,-1
I9,0,10,0,24,7,0,0:0.01/4:0.99,0,0,25,0,0,0,0,0,3,0,0,-1,-1,-1,0,3,0,0,4,0,-1,-1,-1
GATGACTCAAGTGTCT-1,0,10,0,24,7,0,4,0,0,25,0,0,18,23,0,3,3,0,-1,-1,-1,0,3,0,0,4,0,-1,-1,-1
GTGCACGAGGAGGGTG-1,2,10,0,24,7,0,4,0,0,25,0,0,0,0,0,3,11,0,-1,-1,-1,0,3,0,0,4,0,-1,-1,-1
ACATCCCTCCAAGCTA-1,0,10,0,3,7,0,0,0,0,0,0,0,0,9,0,-1,-1,-1,-1,-1,-1,0,3,0,0,4,0,-1,-1,-1
I10,0,10,0,17,7,0,18,0,0,0,0,0,0,0,0,0,0,0,0:0.01/-1:0.87/3:0.12,0:0.11/-1:0.87/1:0.002/2:0.01/3:0.005/4:0.017/5:0.018/7:0.018/8:0.007/9:0.002/10:0.002/12:0.001/13:0.005/15:0.01/16:0.015/17:0.012/18:0.006/19:0.004/20:0.002/21:0.018/22:0.002/23:0.003/24:0.002/25:0.011,0:0.11/-1:0.87/2:0.002,0,3,0,0,4,0,0,0:0.44/1:0.56,0
CTCAACCGTGAAGCTG-1,0,10,0,17,7,0,18,0,0,23,0,3,0,7,0,0,0,0,-1,-1,-1,3,3,0,11,4,0,-1,-1,-1
CATCCCACACGCTGTG-1,10,10,0,17,7,0,18,0,0,19,0,0,0,0,0,-1,-1,-1,-1,-1,-1,0,3,0,0,4,0,0,1,0
I11,0,0,0,0,0,0,0,0,0,0,0,0,0,0,0,0,0,0,0:0.01/-1:0.99,0:0.01/-1:0.99,0:0.01/-1:0.99,0,0,0,0,0,0,0:0.01/-1:0.99,0:0.01/-1:0.99,0:0.01/-1:0.99
I12,0,0,0,0,0,0,0,0,0,0,0,0,0,0,0,0,0,0,-1,-1,-1,0,0,0,0,0,0,-1,-1,-1
I13,0,0,0,0,0,0,0,0,0,0,0,0,0,0,0,0,0,0,-1,-1,-1,0,0,0,0,0:0.98/18:0.02,0,-1,-1,-1
I14,18,10,0,0,0,0,0:0.02/4:0.98,0,0,0,0,0,0,21,0,0,0,0,-1,-1,-1,0,0:0.02/3:0.98,0,0,0:0.02/18:0.98,0,-1,-1,-1
I15,18,10,0,19,7,0,4,0,0,20,0,0,0,21,0,0,0,0,-1,-1,-1,0,3,0,12,18,0,-1,-1,-1
I16,18,10,0,19,7,0,4,0,0,20,0,0,0,21,0,0,0,0,-1,-1,-1,0:0.01/1:0.99,3,0,12,18,0,-1,-1,-1
CTCAGGGCATACATCG-1,18,10,0,19,7,0,4,0,0,20,0,0,0,21,0,6,28,0,-1,-1,-1,1,3,0,12,18,0,-1,-1,-1
TCACGGGTCGATCCAA-1,18,10,0,19,7,0,4,0,0,20,0,6,0,21,0,0,0,0,-1,-1,-1,1,3,0,12,18,0,-1,-1,-1
TTGTTCAAGCCATCCG-1,18,10,0,19,7,0,4,0,0,20,0,0,27,21,0,0,0,0,-1,-1,-1,6,3,0,12,18,0,-1,-1,-1
TGTTGGAAGTGCCCGT-1,18,10,0,10,16,0,4,0,0,0,0,0,0,21,0,-1,-1,-1,-1,-1,-1,6,3,0,8,18,0,-1,-1,-1
I17,0,0,0,0,0,0,0,0,0,0,0,0,0,0,0,0,0,0,-1,-1,-1,0,0,0,0:0.02/-1:0.98,0:0.02/-1:0.98,0:0.02/-1:0.98,-1,-1,-1
I18,0,0,0,0,0,0,0,0,0,0,0,0,0,0:0.36/7:0.64,0,0,0,0,-1,-1,-1,0,0,0,0:0.01/-1:0.98/1:0.001/2:0.008/5:0.001/6:0.009/7:0.007/8:0.008/11:0.006/12:0.009/13:0.006,0:0.01/-1:0.98/18:0.01,0:0.01/-1:0.98/1:0.001,-1,-1,-1
GGATGTTGTGGATACG-1,10,10,0,24,7,0,4,0,0,26,0,0,0,7,0,6,17,0,-1,-1,-1,3,3,0,-1,-1,-1,-1,-1,-1
TTCTTCCTCGTGGGTC-1,0,45,0,0,42,0,11,30,0,0,26,0,25,7,0,31,38,0,-1,-1,-1,0,43,5,-1,-1,-1,-1,-1,-1
I19,0,0,0,0,0,0,0,0,0,0,0,0,0,0,0,0,0,0,-1,-1,-1,0,0,0,0:0.02/-1:0.98,0:0.02/-1:0.98,0:0.02/-1:0.98,-1,-1,-1
TTCCGGTGTAATGATG-1,30,44,0,40,41,0,4,8,0,0,38,0,24,33,0,-1,-1,-1,-1,-1,-1,4,42,4,-1,-1,-1,-1,-1,-1
GGCAGTCTCCGATAGT-1,0,33,4,0,29,0,22,5,0,27,32,0,0,27,0,0,0,0,-1,-1,-1,0,15,0,-1,-1,-1,-1,-1,-1
TTCATGTTCGTGGAAG-1,29,43,0,39,40,0,10,5,9,19,37,0,0,2,0,0,0,0,-1,-1,-1,3,2,0,0,27,0,-1,-1,-1
GTGTTAGAGGTTCCAT-1,24,37,0,-1,-1,-1,2,30,5,29,26,0,0,7,0,26,18,0,-1,-1,-1,1,15,3,14,22,0,-1,-1,-1
((((CTCCGATGTCTACGTA-1:5.653,AGTACCAGTGAGATCG-1:4.537)I57:3.081,(((((GTCAGCGGTTGGGATG-1:4.001,(ATGGAGGAGGTAGACC-1:3,CATCCGTGTCAAGCGA-1:3)I56:0.001)I55:1,((TGCTCGTTCCATACAG-1:3.043,GACTTCCCACACACGC-1:3.043)I54:0.957,GGGTAGAGTCAAAGCG-1:8)I53:0.001)I52:1,(TTACGCCAGATTGCGG-1:5.002,(CGCAGGTCATACATCG-1:4,(AGGACGAAGGTCACCC-1:3,AACCTTTAGTTGTAAG-1:4)I51:0)I50:0.002)I49:0.999)I48:1.055,CACCGTTGTACAACGG-1:3.056)I47:3.062,(CAACCAAAGGTCCTGC-1:6.409,CGATGGCGTTTGCAGT-1:5.698)I46:3.442)I45:3.912)I44:4.738,((AGCATCATCCGTCAAA-1:4.977,(CATACAGCATAGCTGT-1:3.5,(AGCCACGGTCATCCCT-1:2.02,ATCACGATCATGGATC-1:0.02)I43:4.225)I42:3.654)I41:13.168,((TATGTTCGTTATCTTC-1:3.491,(ATCACAGGTTACCGTA-1:2.053,(CCTACGTCATCAGTGT-1:0.858,(TAACGACTCTCGGCTT-1:3.015,(CCTACGTTCACTCGAA-1:2.006,TGCAGTATCCGCGATG-1:4.006)I40:0.009)I39:3.006)I38:1.195)I37:3.034)I36:6.629,(((TCCGGGATCCGAAATC-1:4.312,GCTTTCGGTCCTTAAG-1:5.312)I35:3.725,(AGCTCAAAGGGTTAGC-1:6.001,((TTACCGCGTAGCTCGC-1:3,GCAACCGAGGTACATA-1:1)I34:0.001,(((GGTTAACGTGGCAACA-1:3.072,(CTGTAGATCTCTTGCG-1:1.009,ACGGGTCTCGGCCCAA-1:1.009)I33:1.063)I32:2.934,(CTCATCGTCCCGAAAT-1:3,(TTCTAGTCACACTTAG-1:6,((((ATGCGATCACCTGCGA-1:3,(TGACCCTGTTTCGTTT-1:2.012,AACGGGATCTTGCAGA-1:1.012)I31:0.841)I30:0.147,CCTAAGATCCAGGACC-1:2)I29:0,GGGTCTGGTTGGGATG-1:3)I28:0,(TGTAACGGTAGTATAG-1:6.021,(TTCACGCGTACTGCGC-1:0,(GTTGCGGCAGATCACT-1:1.005,CCTCTCCAGTGTTCCA-1:1.005)I27:0.995)I26:0.02)I25:0.979)I24:0)I23:0)I22:0)I21:0.002,(TGTTGAGTCCGAAGGA-1:4,((TGGAGGAGTAGATTGA-1:4.028,(ATAGAGACAGACGCTC-1:0,TCGCTCACAAGCGCAA-1:0)I20:1.387)I19:1.613,(((((CCATAAGTCATGACAC-1:1,ATGCATGTCCACTTTA-1:2)I18:0,(TCACAAGGTAGGTAGC-1:1.007,TCATCATGTAACATGA-1:1.007)I17:0.993)I16:0,CACAGGCTCCGTCACT-1:2)I15:0,(AGGTGTTTCCCGAGAC-1:2.024,TTGCGTCTCGCAGTGC-1:2.024)I14:0.976)I13:0,(GAGTCTAGTCAAAGAT-1:3.001,TCGACCTAGGTCACTT-1:1.168)I12:1.832)I11:0)I10:0)I9:1.002)I8:2.999)I7:1)I6:0.002)I5:1.06,CAGCAATCATCCCACT-1:9.062)I4:8.025)I3:0.045)I2:2.888)I1:0.02)I0;
I0,0,0,0,0,0,0,0,0,0,0,0,0,0,0,0,0,0,0,0,0,0,0,0,0,0,0,0,0,0,0
I1,0,0,0,0,0,0,0,0,0,0,0,0,0,0,0,0,0,0,0,0,0,0,0,0,0,0,0,0:0.99/1:0.01,0:0.99/2:0.01,0
I2,0,0,0,0,0,0,0,0,0,0,0,0,0,0,0,0,0,0,0,0,0,0,0,0,0,0,0,0:0.04/-1:0.96,0:0.04/-1:0.96,0:0.04/-1:0.96
I3,0,0,0,0,0,0,0,0,0,0,0,0,0,0,0,0,0,0,0,0,0,0,0:0.98/6:0.02,0,0,0,0,0:0.03/-1:0.97,0:0.03/-1:0.97,0:0.03/-1:0.97
I4,0,0,0,0,0,0,0:0.01/-1:0.98/2:0.002/4:0.009/5:0.002/7:0.008/8:0.008/9:0.006/10:0.009/11:0.008/12:0.003/13:0.001/15:0.003/16:0.001/18:0.001/21:0.003/22:0.007/23:0.002/25:0.001,0:0.01/-1:0.98/1:0.008/3:0.009/5:0.009/6:0.002/7:0.001/8:0.009/9:0.001/10:0.005/11:0.005/13:0.001/14:0.002/16:0.003/17:0.001/19:0.001/20:0.004/21:0.001/23:0.001/24:0.008/27:0.001/29:0.002/30:0.001/31:0.001/32:0.002/37:0.004,0:0.01/-1:0.98/2:0.001/3:0.001/5:0.006,0:0.01/2:0.99,4,0,2,5,0,0,0,0,0,0,0,0,6,0,0,0,0,-1,-1,-1
CAGCAATCATCCCACT-1,0,23,0,16,23,5,-1,-1,-1,2,4,0,2,5,0,0,21,0,0,5,0,0,6,0,-1,-1,-1,-1,-1,-1
I5,0,0,0,0,0,0,-1,-1,-1,2,4,0,2,5,0,0,0,0,0,4,0,0,6,0,0,0,0,-1,-1,-1
I6,0,0,0,0,0,0,-1,-1,-1,2,4,0,2,5,0,0,0,0,0,4,0,0,6,0,0,0,0,-1,-1,-1
I7,0,0,0,0,0,0,-1,-1,-1,2,4,0,2,5,0,0,5,0,0,4,0,0,6,0,0,0,0,-1,-1,-1
I8,0,0,0,0,0,0,-1,-1,-1,2,4,0,2,5,0,0,5,0,0,4,0,0,6,0,-1,-1,-1,-1,-1,-1
I9,0,5,0,0,0,0,-1,-1,-1,2,4,0,2,5,0,0,5,0,0,4,0,0,6,0,-1,-1,-1,-1,-1,-1
I10,0,5,0,0,0,0,-1,-1,-1,2,4,0,2,5,0,0,5,0,0,4,0,0,6,0,-1,-1,-1,-1,-1,-1
I11,0,5,0,0,0,0,-1,-1,-1,2,4,0,2,5,0,0,5,0,0,4,0,0,6,0,-1,-1,-1,-1,-1,-1
I12,0,5,0,0:0.58/3:0.42,0:0.58/1:0.42,0,-1,-1,-1,2,4,0,2,5,0,23,5,0,0,4,0,0,6,0,-1,-1,-1,-1,-1,-1
TCGACCTAGGTCACTT-1,0,5,0,3,1,0,-1,-1,-1,2,4,0,2,5,0,23,5,0,0,4,0,0,6,0,-1,-1,-1,-1,-1,-1
GAGTCTAGTCAAAGAT-1,0,5,0,-1,-1,-1,-1,-1,-1,2,4,0,2,5,0,23,5,0,0,4,0,0,6,0,-1,-1,-1,-1,-1,-1
I13,0,5,0,0,0,0,-1,-1,-1,2,4,0,2,5,0,0,5,0,0,4,0,0,6,0,-1,-1,-1,-1,-1,-1
I14,0,5,0,0,0:0.02/2:0.98,0,-1,-1,-1,2,4,0,2,5,0,0,5,0,0,4,0,0,6,0,-1,-1,-1,-1,-1,-1
TTGCGTCTCGCAGTGC-1,0,5,0,26,2,0,-1,-1,-1,2,4,0,2,5,0,23,5,0,0,4,0,0,6,0,-1,-1,-1,-1,-1,-1
AGGTGTTTCCCGAGAC-1,0,5,0,12,2,0,-1,-1,-1,2,4,0,2,5,0,16,5,0,0,4,0,0,6,0,-1,-1,-1,-1,-1,-1
I15,0,5,0,0,0,0,-1,-1,-1,2,4,0,2,5,0,0,5,0,0,4,0,0,6,0,-1,-1,-1,-1,-1,-1
CACAGGCTCCGTCACT-1,0,5,0,0,21,0,-1,-1,-1,2,4,0,2,5,0,17,5,0,0,4,0,0,6,0,-1,-1,-1,-1,-1,-1
I16,0,5,0,0,0,0,-1,-1,-1,2,4,0,2,5,0,0,5,0,0,4,0,0,6,0,-1,-1,-1,-1,-1,-1
I17,0,5,0,0,0,0,-1,-1,-1,2,4,0,2,5,0,0:0.01/11:0.99,5,0,0,4,0,0,6,0,-1,-1,-1,-1,-1,-1
TCATCATGTAACATGA-1,0,5,0,0,34,0,-1,-1,-1,2,4,0,2,5,0,11,5,0,0,4,0,0,6,0,-1,-1,-1,-1,-1,-1
TCACAAGGTAGGTAGC-1,0,5,0,0,33,0,-1,-1,-1,2,4,0,2,5,0,11,5,0,0,4,0,0,6,0,-1,-1,-1,-1,-1,-1
I18,0,5,0,0,0,0,-1,-1,-1,2,4,0,2,5,0,0,5,0,0,4,0,0,6,0,-1,-1,-1,-1,-1,-1
ATGCATGTCCACTTTA-1,0,5,0,14,19,0,-1,-1,-1,2,4,0,2,5,0,0,5,0,0,4,0,0,6,0,-1,-1,-1,-1,-1,-1
CCATAAGTCATGACAC-1,0,5,0,0,6,0,-1,-1,-1,2,4,0,2,5,0,0,5,0,0,4,0,0,6,0,-1,-1,-1,-1,-1,-1
I19,0,5,0,0:0.68/9:0.32,0:0.68/13:0.32,0,-1,-1,-1,2,4,0,2,5,0,0:0.03/3:0.97,5,0,0,4,0,0,6,0,-1,-1,-1,-1,-1,-1
I20,0,5,0,9,13,0,-1,-1,-1,2,4,0,2,5,0,3,5,0,0,4,0,0,6,0,-1,-1,-1,-1,-1,-1
TCGCTCACAAGCGCAA-1,0,5,0,9,13,0,-1,-1,-1,2,4,0,2,5,0,3,5,0,0,4,0,0,6,0,-1,-1,-1,-1,-1,-1
ATAGAGACAGACGCTC-1,0,5,0,9,13,0,-1,-1,-1,2,4,0,2,5,0,3,5,0,0,4,0,0,6,0,-1,-1,-1,-1,-1,-1
TGGAGGAGTAGATTGA-1,28,5,0,-1,-1,-1,-1,-1,-1,2,4,0,2,5,0,3,5,0,0,4,0,0,6,0,-1,-1,-1,-1,-1,-1
TGTTGAGTCCGAAGGA-1,0,5,0,31,31,8,-1,-1,-1,2,4,0,2,5,0,19,5,0,0,4,0,0,6,0,-1,-1,-1,-1,-1,-1
I21,0,0,0,0,0,0,-1,-1,-1,2,4,0,2,5,0,0,5,0,0,4,0,0,6,0,-1,-1,-1,-1,-1,-1
I22,0,0,0,0,0,0,-1,-1,-1,2,4,0,2,5,0,0,5,0,0,4,0,0,6,0,-1,-1,-1,-1,-1,-1
I23,0,0,0,0,0,0,-1,-1,-1,2,4,0,2,5,0,0,5,0,0,4,0,0,6,0,-1,-1,-1,-1,-1,-1
I24,0,0,0,0,0,0,-1,-1,-1,2,4,0,2,5,0,0,5,0,0,4,0,0,6,0,-1,-1,-1,-1,-1,-1
I25,0,0,0,0,0,0,-1,-1,-1,2,4,0,2,5,0,0:0.02/3:0.98,5,0,0,4,0,0,6,0,-1,-1,-1,-1,-1,-1
I26,0,0,0,0,0,0,-1,-1,-1,2,4,0,2,5,0,3,5,0,0,4,0,0,6,0,-1,-1,-1,-1,-1,-1
I27,0,0:0.01/1:0.99,0,0,0,0,-1,-1,-1,2,4,0,2,5,0,3,5,0,0,4,0,0,6,0,-1,-1,-1,-1,-1,-1
CCTCTCCAGTGTTCCA-1,0,1,0,0,0,0,-1,-1,-1,2,4,0,2,5,0,3,5,0,7,4,0,0,6,0,-1,-1,-1,-1,-1,-1
GTTGCGGCAGATCACT-1,15,1,0,0,0,0,-1,-1,-1,2,4,0,2,5,0,3,5,0,0,4,0,0,6,0,-1,-1,-1,-1,-1,-1
TTCACGCGTACTGCGC-1,0,0,0,0,0,0,-1,-1,-1,2,4,0,2,5,0,3,5,0,0,4,0,0,6,0,-1,-1,-1,-1,-1,-1
TGTAACGGTAGTATAG-1,0,41,7,-1,-1,-1,-1,-1,-1,2,4,0,2,5,0,3,5,0,7,4,0,0,6,0,-1,-1,-1,-1,-1,-1
I28,0,0,0,0,0,0,-1,-1,-1,2,4,0,2,5,0,0,5,0,0,4,0,0,6,0,-1,-1,-1,-1,-1,-1
GGGTCTGGTTGGGATG-1,22,34,0,0,0,0,-1,-1,-1,2,4,0,2,5,0,25,5,0,0,4,0,0,6,0,-1,-1,-1,-1,-1,-1
I29,0,0,0,0,0,0,-1,-1,-1,2,4,0,2,5,0,0,5,0,0,4,0,0,6,0,-1,-1,-1,-1,-1,-1
CCTAAGATCCAGGACC-1,0,24,0,0,0,0,-1,-1,-1,2,4,0,2,5,0,19,5,0,0,4,0,0,6,0,-1,-1,-1,-1,-1,-1
I30,0,0,0,0,0:0.85/2:0.15,0,-1,-1,-1,2,4,0,2,5,0,0,5,0,0,4,0,0,6,0,-1,-1,-1,-1,-1,-1
I31,0,0,0,0,0:0.01/2:0.99,0,-1,-1,-1,2,4,0,2,5,0,0,5,0,0,4,0,0,6,0,-1,-1,-1,-1,-1,-1
AACGGGATCTTGCAGA-1,0,6,0,0,2,0,-1,-1,-1,2,4,0,2,5,0,0,5,0,0,4,0,0,6,0,-1,-1,-1,-1,-1,-1
TGACCCTGTTTCGTTT-1,0,28,0,27,2,0,-1,-1,-1,2,4,0,2,5,0,0,5,0,0,4,0,0,6,0,-1,-1,-1,-1,-1,-1
ATGCGATCACCTGCGA-1,0,0,0,-1,-1,-1,-1,-1,-1,2,4,0,2,5,0,0,5,0,0,4,0,0,6,0,-1,-1,-1,-1,-1,-1
TTCTAGTCACACTTAG-1,31,19,0,0,0,0,-1,-1,-1,2,4,0,2,5,0,11,5,0,-1,-1,-1,0,6,0,-1,-1,-1,-1,-1,-1
CTCATCGTCCCGAAAT-1,0,7,0,20,26,0,-1,-1,-1,2,4,0,2,5,0,0,5,0,0,4,0,0,6,0,-1,-1,-1,-1,-1,-1
I32,0,0,0,0:0.02/-1:0.98,0:0.02/-1:0.98,0:0.02/-1:0.98,-1,-1,-1,2,4,0,2,5,0,0,5,0,0,4,0,0,6,0,-1,-1,-1,-1,-1,-1
I33,0,0,0,-1,-1,-1,-1,-1,-1,2,4,0,2,5,0,0:0.01/11:0.99,5,0,0,4,0,0,6,0,-1,-1,-1,-1,-1,-1
ACGGGTCTCGGCCCAA-1,0,14,0,-1,-1,-1,-1,-1,-1,2,4,0,2,5,0,11,5,0,0,4,0,0,6,0,-1,-1,-1,-1,-1,-1
CTGTAGATCTCTTGCG-1,0,7,0,-1,-1,-1,-1,-1,-1,2,4,0,2,5,0,11,5,0,0,4,0,0,6,0,-1,-1,-1,-1,-1,-1
GGTTAACGTGGCAACA-1,-1,-1,-1,-1,-1,-1,-1,-1,-1,2,4,0,2,5,0,0,5,0,0,4,0,0,6,0,-1,-1,-1,-1,-1,-1
I34,0,0,0,0,0,0,-1,-1,-1,2,4,0,2,5,0,0,5,0,0,4,0,0,6,0,0,0,0,-1,-1,-1
GCAACCGAGGTACATA-1,0,7,0,0,0,0,-1,-1,-1,2,4,0,2,5,0,0,5,0,0,4,0,0,6,0,0,0,0,-1,-1,-1
TTACCGCGTAGCTCGC-1,0,42,0,0,0,0,-1,-1,-1,2,4,0,2,5,0,0,5,0,0,4,0,0,6,0,8,11,0,-1,-1,-1
AGCTCAAAGGGTTAGC-1,0,5,0,3,11,0,-1,-1,-1,2,4,0,2,5,0,15,16,0,0,4,0,0,6,0,0,1,0,-1,-1,-1
I35,0,0,0,0,0,0,-1,-1,-1,2,4,0,2,5,0,0,0,0,0:0.02/11:0.98,4,0,0,6,0,0:0.09/-1:0.9/1:0.001/2:0.008/5:0.001/6:0.009/7:0.007/8:0.008/11:0.006/12:0.009/13:0.006,0:0.09/-1:0.9/1:0.006/2:0.002/3:0.001/4:0.009/7:0.004/8:0.001/9:0.005/10:0.004/11:0.003/13:0.008/14:0.004/16:0.001/18:0.009/19:0.006/20:0.001/21:0.003/23:0.001/25:0.008/27:0.009/28:0.003,0:0.09/-1:0.9/1:0.001,-1,-1,-1
GCTTTCGGTCCTTAAG-1,21,32,0,2,9,0,-1,-1,-1,2,4,0,2,5,0,0,24,0,11,4,0,0,6,0,-1,-1,-1,-1,-1,-1
TCCGGGATCCGAAATC-1,0,5,0,10,16,0,-1,-1,-1,2,4,0,2,5,0,0,17,0,11,4,0,0,6,0,-1,-1,-1,-1,-1,-1
I36,0,3,0,0,0,0,0,0,0,0,2,0,0,0,0,0,20,0,0,0,0,0:0.02/-1:0.97/1:0.008/3:0.009/4:0.008/5:0.002/6:0.009/9:0.006/10:0.006/12:0.001/15:0.001/18:0.008/19:0.002/20:0.003/21:0.007/25:0.001/27:0.001/28:0.005/29:0.001,0:0.02/-1:0.97/6:0.01,0:0.02/-1:0.97/3:0.001/5:0.001,0,0:0.41/21:0.59,0,-1,-1,-1
I37,0,3,0,0,0,0,0,0,0,0,2,0,0,0,0,0,20,0,0,0,0,-1,-1,-1,0:0.02/-1:0.98,0:0.01/-1:0.98/21:0.01,0:0.02/-1:0.98,-1,-1,-1
I38,0,3,0,0,0,0,0,0:0.84/2:0.16,0,0,2,0,0,0,0,0,20,0,0,0:0.02/2:0.98,0,-1,-1,-1,-1,-1,-1,-1,-1,-1
I39,0,3,0,0,0,0,-1:0.99/2:0.002/4:0.009/5:0.002/7:0.008/8:0.008/9:0.006/10:0.009/11:0.008/12:0.003/13:0.001/15:0.003/16:0.001/18:0.001/21:0.003/22:0.007/23:0.002/25:0.001,-1:0.99/2:0.01,-1:0.99/2:0.001/3:0.001/5:0.006,0,2,0,0,0,0,0,20,0,0,2,0,-1,-1,-1,-1,-1,-1,-1,-1,-1
I40,0,3,0,0,0,0,-1,-1,-1,0,2,0,0,0,0,0,20,0,0,2,0,-1,-1,-1,-1,-1,-1,-1,-1,-1
TGCAGTATCCGCGATG-1,0,3,0,0,2,0,-1,-1,-1,0,2,0,0,0,0,0,20,0,-1,-1,-1,-1,-1,-1,-1,-1,-1,-1,-1,-1
CCTACGTTCACTCGAA-1,0,3,0,18,24,0,-1,-1,-1,0,2,0,0,0,0,0,20,0,0,2,0,-1,-1,-1,-1,-1,-1,-1,-1,-1
TAACGACTCTCGGCTT-1,0,3,0,31,31,8,-1,-1,-1,0,2,0,0,0,0,0,20,0,0,2,0,-1,-1,-1,-1,-1,-1,-1,-1,-1
CCTACGTCATCAGTGT-1,0,3,0,0,0,0,0,2,0,0,2,0,0,0,0,0,20,0,0,2,0,-1,-1,-1,-1,-1,-1,-1,-1,-1
ATCACAGGTTACCGTA-1,0,3,0,0,0,0,0,1,0,0,2,0,0,0,0,0,20,0,0,12,0,-1,-1,-1,-1,-1,-1,-1,-1,-1
TATGTTCGTTATCTTC-1,0,3,0,0,0,0,0,0,0,0,2,0,0,0,0,0,20,0,-1,-1,-1,-1,-1,-1,0,21,0,-1,-1,-1
I41,0,0,0,0:0.01/2:0.99,0:0.01/9:0.99,0,0,0,0,0,0:0.01/16:0.99,0,0:0.01/8:0.99,11,0,14,0:0.01/11:0.99,0,0:0.02/-1:0.97/1:0.003/2:0.005/3:0.009/4:0.007/6:0.003/7:0.009/9:0.008/10:0.008/11:0.003/12:0.002/13:0.001/14:0.001,0:0.02/-1:0.97/1:0.001/2:0.005/3:0.003/4:0.008/5:0.009/7:0.009/8:0.003/9:0.001/10:0.001/12:0.001/13:0.003/15:0.005/16:0.008/17:0.006/18:0.003/19:0.002/20:0.001/21:0.009/22:0.001/23:0.001/24:0.001/25:0.005,0:0.02/-1:0.97/2:0.001,0:0.01/6:0.99,0:0.01/13:0.99,0,0:0.42/5:0.58,0:0.42/8:0.58,0,-1,-1,-1
I42,0,0,0,2,9,0,0:0.63/17:0.37,0:0.63/18:0.37,0,0,16,0,8,11,0,14,11,0,-1,-1,-1,6,13,0,0:0.03/-1:0.92/5:0.05,0:0.03/-1:0.92/8:0.05,0:0.07/-1:0.92/1:0.001,-1,-1,-1
I43,0,0,0,2,9,0,-1:0.99/17:0.01,-1:0.99/18:0.01,-1:0.99/2:0.001/3:0.001/5:0.006,2,16,0,8,11,0,14,11,0,-1,-1,-1,6,13,0,-1,-1,-1,-1,-1,-1
ATCACGATCATGGATC-1,0,0,0,2,9,0,-1,-1,-1,2,16,0,8,11,0,14,11,0,-1,-1,-1,6,13,0,-1,-1,-1,-1,-1,-1
AGCCACGGTCATCCCT-1,9,17,0,2,9,0,-1,-1,-1,2,16,0,8,11,0,14,11,0,-1,-1,-1,6,13,0,-1,-1,-1,-1,-1,-1
CATACAGCATAGCTGT-1,11,2,0,2,9,0,17,18,0,0,16,0,8,11,0,14,11,0,-1,-1,-1,6,13,0,-1,-1,-1,-1,-1,-1
AGCATCATCCGTCAAA-1,8,16,2,2,9,0,0,2,0,0,16,0,8,11,0,14,11,0,-1,-1,-1,6,13,0,5,8,0,-1,-1,-1
I44,0,5,0,0,0:0.01/1:0.99,0,0,0,0,0,0,0,0,0,0,0,0,0,0,0,0,0,5,0,0,2,0,0:0.61/1:0.39,0:0.61/2:0.39,0
I45,0,5,0,0,1,0,0,0,0,0,0,0,0,4,0,0,0,0,0,0,0,0,5,0,0,2,0,0:0.02/-1:0.96/1:0.02,0:0.02/-1:0.96/2:0.02,0:0.03/-1:0.96/1:0.01
I46,0,5,0,0,1,0,0,0,0,0:0.64/20:0.36,0:0.64/27:0.36,0,0,4,0,0,0,0,0,0,0,0,5,0,0:0.12/-1:0.87/1:0.001/2:0.008/5:0.001/6:0.009/7:0.007/8:0.008/11:0.006/12:0.009/13:0.006,-1:0.87/2:0.13,0:0.12/-1:0.87/1:0.001,-1,-1,-1
CGATGGCGTTTGCAGT-1,0,5,0,0,1,0,0,24,0,20,27,0,0,4,0,21,26,0,0,5,0,0,5,0,-1,-1,-1,-1,-1,-1
CAACCAAAGGTCCTGC-1,0,5,0,0,1,0,0,0,0,-1,-1,-1,8,4,0,0,0,0,7,7,0,0,5,0,-1,-1,-1,-1,-1,-1
I47,0,5,0,0,1,0,0,0,0,0,0,0,0,4,0,0,0,0,0:0.02/-1:0.98,0:0.02/-1:0.98,0:0.02/-1:0.98,0,5,0,0,2,0,-1,-1,-1
CACCGTTGTACAACGG-1,0,5,0,0,1,0,0,0,0,0,0,0,0,4,0,3,3,0,-1,-1,-1,0,5,0,0,2,1,-1,-1,-1
I48,0,5,0,0,1,0,0,0,0,0,4,0,0,4,0,0,0,0,-1,-1,-1,0,5,0,0,2,0,-1,-1,-1
I49,0,5,0,0,1,0,0,0,0,0,4,0,0,4,0,0,0,0,-1,-1,-1,3,5,0,0,2,0,-1,-1,-1
I50,0,5,0,0,1,0,0,0,0,0,4,0,0,4,0,0,0,0,-1,-1,-1,3,5,0,0,2,0,-1,-1,-1
I51,0,5,0,0,1,0,0,0,0,0,4,0,0,4,0,0,0,0,-1,-1,-1,3,5,0,0,2,0,-1,-1,-1
AACCTTTAGTTGTAAG-1,0,5,0,0,1,0,3,4,0,0,4,0,0,4,0,4,4,0,-1,-1,-1,3,5,0,0,2,0,-1,-1,-1
AGGACGAAGGTCACCC-1,0,5,0,11,1,0,0,0,0,0,4,0,9,4,0,0,17,0,-1,-1,-1,3,5,0,0,2,0,-1,-1,-1
CGCAGGTCATACATCG-1,0,5,0,0,1,0,0,2,0,0,4,0,0,4,0,22,27,2,-1,-1,-1,3,5,0,0,2,0,-1,-1,-1
TTACGCCAGATTGCGG-1,0,5,0,0,1,0,0,0,0,0,4,0,0,4,7,0,13,0,-1,-1,-1,3,5,0,-1,-1,-1,-1,-1,-1
I52,0,5,0,0,1,0,0,0,0,0,4,0,0,4,0,0,0,0,-1,-1,-1,0,5,2,0,2,0,-1,-1,-1
I53,0,5,0,0,1,0,0,0,0,0,4,0,0,4,0,0,0,0,-1,-1,-1,0,5,2,0,2,0,-1,-1,-1
GGGTAGAGTCAAAGCG-1,0,5,0,0,1,0,-1,-1,-1,9,4,0,0,4,0,-1,-1,-1,-1,-1,-1,18,5,2,0,2,0,-1,-1,-1
I54,0,5,0,0,1,0,0,0,0,0:0.04/2:0.96,4,0,0,4,0,0,0,0,-1,-1,-1,0,5,2,0,2,0,-1,-1,-1
GACTTCCCACACACGC-1,0,5,0,0,1,0,10,27,0,2,4,0,0,4,0,0,17,0,-1,-1,-1,0,5,2,0,2,0,-1,-1,-1
TGCTCGTTCCATACAG-1,0,5,0,13,1,0,0,35,0,2,4,0,0,4,0,0,24,0,-1,-1,-1,0,5,2,0,2,0,-1,-1,-1
I55,0,5,0,15,1,0,0,0,0,0,4,0,0,4,0,0,0,0,-1,-1,-1,0,5,2,0,2,0,-1,-1,-1
I56,0,5,0,15,1,0,0,0,0,0,4,0,0,4,0,0,0,0,-1,-1,-1,0,5,2,0,2,0,-1,-1,-1
CATCCGTGTCAAGCGA-1,0,5,0,15,1,0,0,19,3,0,4,0,0,4,0,0,22,0,-1,-1,-1,0,5,2,0,2,0,-1,-1,-1
ATGGAGGAGGTAGACC-1,0,5,0,15,1,0,14,8,0,0,4,0,0,4,0,0,17,0,-1,-1,-1,0,5,2,0,2,0,-1,-1,-1
GTCAGCGGTTGGGATG-1,0,5,0,15,1,0,2,3,0,0,4,0,0,4,0,26,31,0,-1,-1,-1,0,5,2,0,2,0,-1,-1,-1
I57,0,5,0,0,1,0,0,0,0,0,4,0,0,0,0,0,0,0,0,0:0.51/4:0.49,0,0:0.03/3:0.97,5,0,0,2,0,0:0.31/1:0.69,0:0.31/2:0.69,0
AGTACCAGTGAGATCG-1,0,5,0,0,1,0,0,0,0,0,4,0,0,0,0,0,13,0,0,4,0,3,5,0,0,2,0,-1,-1,-1
CTCCGATGTCTACGTA-1,0,5,0,0,1,0,0,0,0,2,4,0,0,4,0,0,0,0,-1,-1,-1,3,5,0,0,2,0,1,2,0
(((CATTGCCGTCAGACGA-1:1.405,CCTGTTGCATAATGAG-1:5.024)I48:14.596,(((AGGTCTACATCCTTCG-1:10.037,((GTCTGTCAGTGATTCC-1:7.616,TTCTGTATCCGATGTA-1:6.616)I47:3.462,(GGTAACTAGACTGGGT-1:14.03,CTTACCGCAAGCCATT-1:5.297)I46:3.407)I45:3.334)I44:3.014,((((CGCATGGCATGCCGCA-1:6.166,ACATTTCGTGTGAGCA-1:5.166)I43:0.847,(AGGAATATCGAGCACC-1:7.013,CCTGCATAGATGGGCT-1:3.012)I42:0.001)I41:3.095,TCAGTGAGTTGAGGAC-1:5.64)I40:9.969,ACTTTCACATACGCAT-1:16.819)I39:1.453)I38:0.001,(((AGATGCTCAGCGGATA-1:0,CCACGTTGTTGTTGTG-1:1)I37:6,(GTGCAGCTCAGGACGA-1:8,(TCCAGAACATTAGGAA-1:10,((((ACATCCCTCGACGACC-1:4.011,ACGCACGAGTACAGAT-1:1.011)I36:5.012,((GACTTCCAGATCCGAG-1:1.07,(CTGTATTAGGTAGTCG-1:3.039,GACCTTCGTTCGTTCC-1:2.039)I35:2.031)I34:2.977,TGATCAGCATGTGGCC-1:3.259)I33:3.764)I32:3.977,(GCGGAAACAAAGAACT-1:12.384,AGAGCAGTCTTTGATC-1:9.384)I31:2.696)I30:0,(((CTAACTTAGGTGCGAT-1:7.005,((ATTCCATCAACGACAG-1:4.975,(CAGGTATAGGGCCAAT-1:2.135,CTCAATTGTGTGTGGA-1:3.135)I29:3.118)I28:3.101,CCTACGTTCCGTCCTA-1:5.065)I27:1.94)I26:1.013,ATACCGAGTTTACCTT-1:5.018)I25:2.983,((TTGCATTCATAGACTC-1:10.133,((TTGTTTGGTCAAAGTA-1:3,((CGCATAAGTGGAACCA-1:2,TGATGCATCCTAGCGG-1:3)I24:0,CCGAACGCAGACGATG-1:2)I23:0)I22:1.002,((TAAGTCGAGTCCGCCA-1:1.075,AGGATCTGTTTACGAC-1:3.075)I21:2.935,TGTTCCGAGTGGCGAT-1:4.002)I20:0)I19:3.131)I18:0.867,(AGCGTATAGGTCTGGA-1:2,(ATTCCATAGGGAACAA-1:0,(GTGCTGGTCGTGCTCT-1:0,TAGCACAGTAAGGCTG-1:0)I17:0)I16:0)I15:0)I14:0.001)I13:0.999)I12:0)I11:1)I10:0)I9:0,((ATGTCTTAGTTGCGCC-1:10.034,(AGAGAGCGTATGGAGC-1:11.845,TCTGGCTCAGAGCTAG-1:7.845)I8:1.858)I7:3.562,(ACATCCCTCGTGGTAT-1:12.131,(GAGGGATTCGGTAGAG-1:5.077,CCTCTAGAGCACTCCG-1:2.658)I6:12.488)I5:0.911)I4:0)I3:3)I2:0)I1:2.999)I0;
I0,0,0,0,0,0,0,0,0,0,0,0,0,0,0,0,0,0,0,0,0,0,0,0,0,0,0,0,0,0,0
I1,0,0,0,0,0,0,0,0,0,0,0,0,0,0,0,0,0,0,0,0,0,0,0,0,0,0,0,-1,-1,-1
I2,0,0,0,0,0,0,0,0,0,0,0,0,0,0,0,0,0,0,0,0,0,0,0,0,0,0,0,-1,-1,-1
I3,0,0,0,0,0,0,0,0,0,0,0,0,0,0,0,0,0,0,0,0,0,0,0,0,-1,-1,-1,-1,-1,-1
I4,0,0,0,0,0,0,0,0,0,0,0,0,0,0,0,0,0,0,0,0,0,0,0,0,-1,-1,-1,-1,-1,-1
I5,0,0,0,0,0,0,0,0,0,0,0,0,0,0,0,0,0,0,0:0.7/-1:0.29/1:0.003/2:0.005/3:0.009/4:0.007/6:0.003/7:0.009/9:0.008/10:0.008/11:0.003/12:0.002/13:0.001/14:0.001,0:0.7/-1:0.29/1:0.001/2:0.005/3:0.003/4:0.008/5:0.009/7:0.009/8:0.003/9:0.001/10:0.001/12:0.001/13:0.003/15:0.005/16:0.008/17:0.006/18:0.003/19:0.002/20:0.001/21:0.009/22:0.001/23:0.001/24:0.001/25:0.005,0:0.7/-1:0.29/2:0.001,0,0,0,-1,-1,-1,-1,-1,-1
I6,0,25,0,0:0.01/2:0.99,25,0,3,4,0,0,0:0.01/26:0.99,0,0,20,0:0.01/3:0.99,0:0.29/3:0.71,0:0.29/24:0.71,0,0:0.01/-1:0.98/1:0.003/2:0.005/3:0.009/4:0.007/6:0.003/7:0.009/9:0.008/10:0.008/11:0.003/12:0.002/13:0.001/14:0.001,0:0.01/-1:0.98/1:0.001/2:0.005/3:0.003/4:0.008/5:0.009/7:0.009/8:0.003/9:0.001/10:0.001/12:0.001/13:0.003/15:0.005/16:0.008/17:0.006/18:0.003/19:0.002/20:0.001/21:0.009/22:0.001/23:0.001/24:0.001/25:0.005,0:0.01/-1:0.98/2:0.001,13,0,0,-1,-1,-1,-1,-1,-1
CCTCTAGAGCACTCCG-1,5,25,0,2,25,0,3,4,0,13,26,0,0,20,3,3,24,0,-1,-1,-1,13,0,0,-1,-1,-1,-1,-1,-1
GAGGGATTCGGTAGAG-1,0,25,0,2,25,0,3,4,0,0,26,0,3,20,3,-1,-1,-1,-1,-1,-1,13,31,0,-1,-1,-1,-1,-1,-1
ACATCCCTCGTGGTAT-1,6,12,0,0,9,0,7,9,0,0,0,0,0,11,0,8,11,0,-1,-1,-1,4,3,0,-1,-1,-1,-1,-1,-1
I7,0,0,0,0,0:0.02/11:0.98,0,0:0.4/10:0.6,0,0,0,0,0,0,0,0,0:0.01/13:0.99,0:0.01/15:0.99,0,0,0,0,0,0,0,-1,-1,-1,-1,-1,-1
I8,0,0:0.02/15:0.98,0,0,11,0,0:0.08/10:0.92,0,0,0:0.87/11:0.13,0:0.87/14:0.13,0,0,0,0,13,15,0,0:0.87/13:0.13,0:0.87/20:0.13,0,0,0,0,-1,-1,-1,-1,-1,-1
TCTGGCTCAGAGCTAG-1,5,15,0,20,11,0,10,1,0,-1,-1,-1,0,0,0,13,15,0,13,20,0,0,0,0,-1,-1,-1,-1,-1,-1
AGAGAGCGTATGGAGC-1,2,15,1,7,11,0,10,2,0,11,14,0,3,14,0,13,15,0,-1,-1,-1,0,2,0,-1,-1,-1,-1,-1,-1
ATGTCTTAGTTGCGCC-1,0,1,0,0,11,0,-1,-1,-1,0,0,0,11,16,2,13,15,0,6,13,0,0,22,0,-1,-1,-1,-1,-1,-1
I9,0,0,0,0,0,0,0,0,0,0,0,0,0,0,0,0,0,0,0,0,0,0,0,0,-1,-1,-1,-1,-1,-1
I10,0,0,0,0,0,0,0,0,0,0,0,0,0,0,0,0,0,0,0,0,0,0,0,0,-1,-1,-1,-1,-1,-1
I11,0,0,0,0,0,0,0,2,0,0,0,0,0,0,0,0,0,0,0,0,0,0,0,0,-1,-1,-1,-1,-1,-1
I12,0,0,0,0,0,0,0,2,0,0,0,0,0,0,0,0,0,0,0,0,0,0,0,0,-1,-1,-1,-1,-1,-1
I13,0,0,0,0,0,0,0,2,0,0,0,0,0,7,0,0,0,0,0,0,0,0,0,0,-1,-1,-1,-1,-1,-1
I14,0,0,0,0,0,0,0,2,0,0,0,0,0,7,0,0,0,0,0,0,0,0,0,0,-1,-1,-1,-1,-1,-1
I15,0,0,0,0,0,0,0,2,0,0,0,0,0,7,0,0,0,0,0,0,0,0,0,0,-1,-1,-1,-1,-1,-1
I16,0,0,0,0,0,0,0,2,0,0,0,0,0,7,0,0,0,0,0,0,0,0,0,0,-1,-1,-1,-1,-1,-1
I17,0,0,0,0,0,0,0,2,0,0,0,0,0,7,0,0,0,0,0,0,0,0,0,0,-1,-1,-1,-1,-1,-1
TAGCACAGTAAGGCTG-1,0,0,0,0,0,0,0,2,0,0,0,0,0,7,0,0,0,0,0,0,0,0,0,0,-1,-1,-1,-1,-1,-1
GTGCTGGTCGTGCTCT-1,0,0,0,0,0,0,0,2,0,0,0,0,0,7,0,0,0,0,0,0,0,0,0,0,-1,-1,-1,-1,-1,-1
ATTCCATAGGGAACAA-1,0,0,0,0,0,0,0,2,0,0,0,0,0,7,0,0,0,0,0,0,0,0,0,0,-1,-1,-1,-1,-1,-1
AGCGTATAGGTCTGGA-1,0,0,0,0,0,0,0,2,0,0,17,0,0,7,0,0,3,0,0,0,0,0,0,0,-1,-1,-1,-1,-1,-1
I18,0,0,0,0,0:0.13/11:0.87,0,0,2,0,0,0,0,0,7,0,0,0,0,0,0,0,0,0,0,-1,-1,-1,-1,-1,-1
I19,0,0,0,0,11,0,0,2,0,0,0,0,0,7,0,0,0,0,0,0,0,-1,-1,-1,-1,-1,-1,-1,-1,-1
I20,0,0,0,0,11,0,0,2,0,0,0,0,0,7,0,0,0,0,0,0,0,-1,-1,-1,-1,-1,-1,-1,-1,-1
TGTTCCGAGTGGCGAT-1,0,0,0,0,11,0,0,2,0,20,36,0,0,7,0,0,7,0,0,22,0,-1,-1,-1,-1,-1,-1,-1,-1,-1
I21,0,0,0,0,11,0,0,2,0,0,0,0,0,7,0,0,0,0,0:0.02/-1:0.97/1:0.003/2:0.005/3:0.009/4:0.007/6:0.003/7:0.009/9:0.008/10:0.008/11:0.003/12:0.002/13:0.001/14:0.001,0:0.02/-1:0.97/22:0.01,0:0.02/-1:0.97/2:0.001,-1,-1,-1,-1,-1,-1,-1,-1,-1
AGGATCTGTTTACGAC-1,0,0,0,0,11,0,0,2,0,-1,-1,-1,0,7,0,0,0,0,-1,-1,-1,-1,-1,-1,-1,-1,-1,-1,-1,-1
TAAGTCGAGTCCGCCA-1,0,0,0,0,11,0,0,2,0,0,0,0,0,7,0,0,6,0,-1,-1,-1,-1,-1,-1,-1,-1,-1,-1,-1,-1
I22,0,0,0,0,11,0,0,2,0,0,0,0,0,7,0,0,0,0,0,15,0,-1,-1,-1,-1,-1,-1,-1,-1,-1
I23,0,0,0,0,11,0,0,2,0,0,0,0,0,7,0,0,0,0,0,15,0,-1,-1,-1,-1,-1,-1,-1,-1,-1
CCGAACGCAGACGATG-1,0,0,0,0,11,0,0,2,0,1,25,0,0,7,0,0,0,0,0,15,0,-1,-1,-1,-1,-1,-1,-1,-1,-1
I24,0,0,0,0,11,0,0,2,0,0,0,0,0,7,0,0,0,0,0,15,0,-1,-1,-1,-1,-1,-1,-1,-1,-1
TGATGCATCCTAGCGG-1,0,0,0,0,11,0,0,2,0,13,16,0,0,7,0,0,7,0,0,15,0,-1,-1,-1,-1,-1,-1,-1,-1,-1
CGCATAAGTGGAACCA-1,0,0,0,0,11,0,0,2,0,21,28,0,0,7,0,0,0,0,0,15,0,-1,-1,-1,-1,-1,-1,-1,-1,-1
TTGTTTGGTCAAAGTA-1,0,0,0,0,11,0,0,2,0,-1,-1,-1,0,7,0,0,0,0,0,15,0,-1,-1,-1,-1,-1,-1,-1,-1,-1
TTGCATTCATAGACTC-1,0,0,0,7,11,0,26,2,0,13,30,0,25,7,0,13,15,0,-1,-1,-1,0,0,0,-1,-1,-1,-1,-1,-1
I25,0,0,0,0,0,0,0,2,0,0,0,0,0,7,0,0,0:0.01/6:0.99,0,0,11,0,0,0:0.01/2:0.99,0,-1,-1,-1,-1,-1,-1
ATACCGAGTTTACCTT-1,0,22,0,0,0,0,7,2,0,14,21,0,10,7,0,0,6,0,0,11,0,0,2,0,-1,-1,-1,-1,-1,-1
I26,0,0,0,0,0,0,0,2,0,0,23,0,0,7,0,0,6,0,0,11,0,0,2,0,-1,-1,-1,-1,-1,-1
I27,0,0:0.02/22:0.98,0,0,0,0,0,2,0,0,23,0,0,7,0,0:0.05/2:0.95,6,0,0,11,0,0,2,0,-1,-1,-1,-1,-1,-1
CCTACGTTCCGTCCTA-1,0,22,0,0,1,0,16,2,0,1,23,0,8,7,0,2,6,0,0,11,0,1,2,0,-1,-1,-1,-1,-1,-1
I28,0,22,0,0,0:0.73/20:0.27,0,0,2,0,0,23,0,0,7,0,2,6,0,0:0.08/-1:0.92,-1:0.92/11:0.08,0:0.08/-1:0.92,0,2,0,-1,-1,-1,-1,-1,-1
I29,0,22,0,0:0.04/-1:0.96,0:0.03/-1:0.96/20:0.01,0:0.04/-1:0.96,0,2,0,0,23,0,0,7,0,2,6,0,-1,-1,-1,0,2,0,-1,-1,-1,-1,-1,-1
CTCAATTGTGTGTGGA-1,0,22,0,-1,-1,-1,0,2,0,15,23,0,16,7,0,2,6,0,-1,-1,-1,16,2,0,-1,-1,-1,-1,-1,-1
CAGGTATAGGGCCAAT-1,0,22,0,-1,-1,-1,16,2,0,18,23,0,0,7,0,2,6,0,-1,-1,-1,0,2,0,-1,-1,-1,-1,-1,-1
ATTCCATCAACGACAG-1,0,22,0,0,20,0,10,2,0,15,23,0,13,7,0,2,6,0,-1,-1,-1,3,2,0,-1,-1,-1,-1,-1,-1
CTAACTTAGGTGCGAT-1,1,4,0,0,0,0,4,2,0,19,23,0,0,7,0,11,6,0,4,11,0,15,2,0,-1,-1,-1,-1,-1,-1
I30,0,0,0,0,0,0,0,2,0,0,0,0,0,0,0,0,0,0,0,0,0,0,0,0,-1,-1,-1,-1,-1,-1
I31,0,0,0,0,0,0,0,2,0,0,0,0,0,0,0,0,0,0,0:0.38/-1:0.59/1:0.01/2:0.014/3:0.026/4:0.021/6:0.008/7:0.027/9:0.025/10:0.025/11:0.01/12:0.006/13:0.003/14:0.003/15:0.001,0:0.38/-1:0.59/1:0.003/2:0.014/3:0.008/4:0.025/5:0.027/7:0.027/8:0.01/9:0.002/10:0.004/12:0.002/13:0.008/14:0.001/15:0.015/16:0.023/17:0.018/18:0.009/19:0.006/20:0.003/21:0.028/22:0.002/23:0.004/24:0.003/25:0.016,0:0.38/-1:0.59/2:0.002,0,0:0.15/2:0.85,0,-1,-1,-1,-1,-1,-1
AGAGCAGTCTTTGATC-1,0,3,0,2,6,2,0,2,0,4,6,0,0,0,0,3,7,0,-1,-1,-1,0,2,0,-1,-1,-1,-1,-1,-1
GCGGAAACAAAGAACT-1,0,13,0,26,28,0,-1,-1,-1,0,30,0,0,25,0,11,29,0,-1,-1,-1,18,2,0,-1,-1,-1,-1,-1,-1
I32,0,0,0,0,0:0.01/8:0.99,0,0,2,0,6,10,0,0,0,0,0,10,0,0,0,0,0,0,0,-1,-1,-1,-1,-1,-1
I33,0,0,0,0,8,0,0:0.02/11:0.98,2,0,6,10,0,0,0:0.01/7:0.99,0,0,10,0,0,0:0.61/9:0.39,0:0.61/2:0.39,0,0:0.01/2:0.99,0,-1,-1,-1,-1,-1,-1
TGATCAGCATGTGGCC-1,0,0,0,4,8,0,11,2,0,6,10,0,3,7,0,0,10,0,0,9,2,0,2,0,-1,-1,-1,-1,-1,-1
I34,0,0,0,0,8,0,11,2,0,6,10,0,0,7,0,0,10,0,0:0.02/-1:0.98,0:0.01/-1:0.98/9:0.01,0:0.01/-1:0.98/2:0.01,0,2,0,-1,-1,-1,-1,-1,-1
I35,0,0,0,0,8,0,11,2,0,6,10,0,0,7,0,0:0.02/3:0.98,10,0,-1,-1,-1,0:0.02/3:0.98,2,0,-1,-1,-1,-1,-1,-1
GACCTTCGTTCGTTCC-1,0,3,0,22,8,0,11,2,0,6,10,0,0,7,0,3,10,0,-1,-1,-1,3,2,0,-1,-1,-1,-1,-1,-1
CTGTATTAGGTAGTCG-1,0,29,0,2,8,0,11,2,0,6,10,0,17,7,0,3,10,0,-1,-1,-1,3,2,0,-1,-1,-1,-1,-1,-1
GACTTCCAGATCCGAG-1,0,0,0,0,8,0,11,2,0,6,10,0,0,7,0,7,10,0,-1,-1,-1,0,2,0,-1,-1,-1,-1,-1,-1
I36,0,0,0,0,8,0,0,2,0,6,10,0,5,10,0:0.01/1:0.99,7,10,0,0,0,0,0,12,0,-1,-1,-1,-1,-1,-1
ACGCACGAGTACAGAT-1,0,0,0,5,8,0,0,2,0,6,10,0,5,10,1,7,10,0,0,0,0,0,12,0,-1,-1,-1,-1,-1,-1
ACATCCCTCGACGACC-1,0,11,0,0,8,0,0,2,0,6,10,0,5,10,1,7,10,0,-1,-1,-1,0,12,0,-1,-1,-1,-1,-1,-1
TCCAGAACATTAGGAA-1,0,21,0,0,35,9,22,2,0,0,26,0,0,29,0,0,33,0,0,18,0,10,14,0,-1,-1,-1,-1,-1,-1
GTGCAGCTCAGGACGA-1,0,7,0,20,1,0,0,10,0,8,12,0,0,2,0,0,13,0,0,0,0,0,0,0,-1,-1,-1,-1,-1,-1
I37,0,0,0,0,14,3,0,5,0,0,15,0,0,0,0,0,0,0,0,0,0,0,18,1,-1,-1,-1,-1,-1,-1
CCACGTTGTTGTTGTG-1,0,0,0,0,14,3,0,5,0,0,15,0,0,0,0,0,7,0,0,0,0,0,18,1,-1,-1,-1,-1,-1,-1
AGATGCTCAGCGGATA-1,0,0,0,0,14,3,0,5,0,0,15,0,0,0,0,0,0,0,0,0,0,0,18,1,-1,-1,-1,-1,-1,-1
I38,0,0,0,0,0,0,0,0,0,0,0,0,0,0,0,0,0,0,0,0,0,0,0,0,0,0,0,-1,-1,-1
I39,0,0,0,0,0,0,0:0.89/8:0.11,0:0.89/9:0.11,0,0,0,0,0,0,0,0,0,0,0:0.59/-1:0.39/6:0.02,0:0.59/-1:0.39/13:0.02,0:0.59/-1:0.39/2:0.002,0,0,0,0,0,0,-1,-1,-1
ACTTTCACATACGCAT-1,5,0,0,6,10,0,-1,-1,-1,10,13,0,7,12,0,12,14,0,-1,-1,-1,0,15,0,3,6,0,-1,-1,-1
I40,0,0,0,0:0.01/4:0.99,0:0.01/9:0.99,0,0:0.01/8:0.99,9,0,0,0,0,6,11,0,0,0,0,0:0.02/-1:0.98,0:0.02/-1:0.98,0:0.02/-1:0.98,0:0.01/3:0.99,0:0.01/13:0.99,0,0,0:0.53/26:0.47,0,-1,-1,-1
TCAGTGAGTTGAGGAC-1,0,1,0,4,9,6,8,9,0,0,16,0,6,11,0,3,11,0,-1,-1,-1,3,13,0,0,26,0,-1,-1,-1
I41,0,0,0,4,9,0,8,9,0,0,0,0,6,11,0,0,0,0,-1,-1,-1,3,13,0,-1,-1,-1,-1,-1,-1
I42,0,0,0,4,9,0,8,9,0,0,0,0,6,11,0,0,0,0,-1,-1,-1,3,13,0,-1,-1,-1,-1,-1,-1
CCTGCATAGATGGGCT-1,0,0,0,4,9,0,8,9,0,0,0,0,6,11,0,20,25,1,-1,-1,-1,3,13,0,-1,-1,-1,-1,-1,-1
AGGAATATCGAGCACC-1,-1,-1,-1,4,9,0,8,9,0,0,19,0,6,11,0,-1,-1,-1,-1,-1,-1,3,13,0,-1,-1,-1,-1,-1,-1
I43,0:0.16/2:0.84,0,0,4,9,0,8,9,0,0,0,0,6,11,0,0,0,0,-1,-1,-1,3,13,0,-1,-1,-1,-1,-1,-1
ACATTTCGTGTGAGCA-1,2,13,0,4,9,0,8,9,0,7,11,0,6,11,0,9,12,0,-1,-1,-1,3,13,0,-1,-1,-1,-1,-1,-1
CGCATGGCATGCCGCA-1,2,26,0,4,9,6,8,9,0,22,16,0,6,11,0,3,11,0,-1,-1,-1,3,13,0,-1,-1,-1,-1,-1,-1
I44,0,0,0,0,0,0,0,2,0,0,0,0,0,0:0.03/7:0.97,0,0,0,0,0:0.47/6:0.53,0:0.47/13:0.53,0,0,0,0,0,0,0,-1,-1,-1
I45,0,0,0,0,0,0,0,2,0,0,0,0,0,7,0,13,15,0,6,13,0,0,0,0,0:0.82/2:0.18,0:0.82/5:0.18,0,-1,-1,-1
I46,0,0,0,0,0,0,0:0.28/-1:0.69/1:0.001/2:0.005/4:0.026/5:0.005/7:0.025/8:0.024/9:0.017/10:0.027/11:0.025/12:0.008/13:0.002/14:0.001/15:0.01/16:0.002/18:0.002/19:0.001/21:0.008/22:0.021/23:0.006/24:0.001/25:0.002,-1:0.69/2:0.31,0:0.28/-1:0.69/2:0.002/3:0.002/5:0.017,0,0,0,0,7,0,13,15,0,6,13,0,0,0:0.1/15:0.9,0,0:0.63/2:0.37,0:0.63/5:0.37,0,-1,-1,-1
CTTACCGCAAGCCATT-1,20,30,0,0,11,0,-1,-1,-1,0,0,0,0,7,0,13,15,0,6,13,0,0,15,0,2,5,0,-1,-1,-1
GGTAACTAGACTGGGT-1,2,3,0,28,30,7,-1,-1,-1,28,33,5,3,7,4,13,15,0,6,13,0,0,15,0,-1,-1,-1,-1,-1,-1
I47,0,0,0,0,0:0.05/11:0.95,0,0,2,0,0,0,0,0,7,0,13,15,0,6,13,0,0,0,0,0:0.13/-1:0.81/2:0.06,0:0.13/-1:0.81/5:0.06,0:0.16/-1:0.81/1:0.002,-1,-1,-1
TTCTGTATCCGATGTA-1,27,15,0,3,11,0,22,2,0,0,39,0,9,7,0,13,15,0,6,13,0,0,0,0,-1,-1,-1,-1,-1,-1
GTCTGTCAGTGATTCC-1,23,36,5,29,11,0,8,2,0,0,0,0,16,7,5,13,15,0,6,13,0,0,0,0,-1,-1,-1,-1,-1,-1
AGGTCTACATCCTTCG-1,10,20,0,0,17,0,0,2,0,0,0,0,0,7,0,0,19,0,-1,-1,-1,7,14,0,0,10,0,-1,-1,-1
I48,0,1,0,2,2,0,15,21,0,0,22,0,0,19,0,18,17,0,8,14,0,11,3,0,0:0.19/4:0.81,0:0.19/7:0.81,0,-1,-1,-1
CCTGTTGCATAATGAG-1,5,1,0,2,2,0,15,21,0,0,22,0,15,19,0,18,17,0,8,14,0,11,3,0,-1,-1,-1,-1,-1,-1
CATTGCCGTCAGACGA-1,15,1,0,2,2,0,15,21,0,0,22,0,0,19,0,18,17,0,8,14,0,11,3,0,4,7,0,-1,-1,-1
((((AGGGTTTAGAAACTAC-1:4.622,ATTTACCAGGGTTAAT-1:3.016)I31:1.491,TCTCCGACACATGTTG-1:9.112)I30:5.917,(CCACCATAGGAAAGTG-1:17,(((((GAAGGGTAGCTGACCC-1:5.03,(TCCTCTTAGCGAACTG-1:3.014,(ACAAAGATCGTTCCTG-1:0,CTTGATTGTAGCTTTG-1:0)I29:0.014)I28:1.664)I27:1.351,TCCACGTGTATAGGGC-1:4.029)I26:0.996,CTCATCGTCGACATAC-1:6.025)I25:2.125,TACCGGGGTACAGTTC-1:8.149)I24:11.888,(CGCCATTTCAGGACGA-1:20,(CCTAACCAGGATTCCT-1:14,((GAGTTACTCCGGACGT-1:14,(((TCCATGCCAAGGGCAT-1:0.004,AACCTGAAGTGTTCCA-1:1.004)I23:3.054,AGAACAAAGTCTGGAG-1:2.403)I22:12.616,(((AACGTCAAGTTGCTGT-1:0.203,AGGAATAAGTCATCCA-1:3.018)I21:13.804,((TCCTTCTAGTGACCTT-1:1.01,GTCGTTCTCCTCTGCA-1:1.01)I20:13.994,((((((CAACAGTCACGACAAG-1:15,(TGTTACTTCCATCGTC-1:13,(CAGAGCCCACTGGACC-1:12.802,GGCTGTGTCCTTATAC-1:13)I19:0.02)I18:0.02)I17:0,AGCCACGCATCAGCTA-1:15)I16:0,GCTGAATGTGGCCTCA-1:15)I15:0,TTCAATCGTTTGGGTT-1:15)I14:0,TCGAACAAGGCCCGTT-1:15)I13:0,ACGGTTAGTAATCAGA-1:15)I12:0)I11:0.02)I10:0,(AGGTCTATCCATTGGA-1:5.128,CCTCTCCAGGTACAGC-1:3.128)I9:10.914)I8:0)I7:0.01)I6:0,CATCGTCCAAAGGCGT-1:14)I5:0)I4:0.126)I3:0)I2:0)I1:0)5:0)I0;
I0,0,0,0,0,0,0,0,0,0,0,0,0,0,0,0,0,0,0,0,0,0,0,0,0,0,0,0,0,0,0
5,0,0,0,0,0,0,0,0,0,0,0,0,0,0,0,0,0,0,0,0,0,0,0,0,0,0,0,0,0,0
I1,0,0,0,0,0,0,0,0,0,0,0,0,0,0,0,0,0,0,0,0,0,0,0,0,0,0,0,0,0,0
I2,0,0,0,0,0,0,0,0,0,0,0,0,0,0,0,0,0,0,0,0,0,0,0,0,0,0,0,0,0,0
I3,0,0,0,0,0,0,0,0,0,0,0,0,0,0,0,0,0,0,0,0,0,0,0,0,0,0,0,0,0,0
I4,0,0,0,0,0,0,0,0,0,0,0,0,0,0,0,0,0,0,0,0,0,0,0:0.87/25:0.13,0,0,0,0,0,0,0
I5,0,0,0,0,0,0,0,0,0,0,0,0,0,0,0,0,0,0,0,0,0,0,0:0.87/25:0.13,0,0,0,0,0,0,0
CATCGTCCAAAGGCGT-1,0,3,0,0,15,0,0,20,0,0,2,0,0,0,0,0,2,0,0,5,0,-1,-1,-1,8,14,0,-1,-1,-1
I6,0,0,0,0,0,0,0,0,0,0,0,0,0,0,0,0,0,0,0,0,0,0,0:0.87/25:0.13,0,0,0,0,0,0,0
I7,0,0,0,0,0,0,0,0,0,0,0,0,0,0,0,0,0,0,0,0,0,0,0:0.86/25:0.14,0,0,0,0,0,0,0
I8,0,0,0,0,0,0,0,0,0,0,0,0,0,0,0,0,0,0,0,0,0,0,0:0.86/25:0.14,0,0,0,0,0,0,0
I9,0,3,0,0,15,0,0,0,0,0,2,0,0,0,0,0,2,0,0,2,0,0:0.01/-1:0.98/1:0.008/3:0.009/4:0.008/5:0.002/6:0.009/9:0.006/10:0.006/12:0.001/15:0.001/18:0.008/19:0.002/20:0.003/21:0.007/25:0.001/27:0.001/28:0.005/29:0.001,0:0.01/-1:0.98/25:0.01,0:0.01/-1:0.98/3:0.001/5:0.001,0,0,0,0:0.01/-1:0.98/1:0.009/2:0.002,0:0.01/-1:0.98/1:0.004/2:0.001/3:0.002,0:0.01/-1:0.98/1:0.01
CCTCTCCAGGTACAGC-1,0,3,0,0,15,0,10,23,0,0,2,0,0,0,0,0,2,0,0,2,0,-1,-1,-1,0,16,0,-1,-1,-1
AGGTCTATCCATTGGA-1,0,3,0,0,15,0,12,16,2,0,2,0,0,0,0,0,2,0,0,2,0,-1,-1,-1,6,11,0,-1,-1,-1
I10,0,0,0,0,0,0,0,0,0,0,0,0,0,0,0,0,0,0,0,0,0,0,0:0.86/25:0.14,0,0,0,0,0,0,0
I11,0,0,0,0,0,0,0,0,0,0,0,0,0,0,0,0,0,0,0,0,0,0,0:0.85/25:0.15,0,0,0:0.99/13:0.01,0,0,0,0
I12,0,0,0,0,0,0,0,0,0,0,0,0,0,0,0,0,0,0,0,0,0,0,0:0.85/25:0.15,0,0,0:0.99/13:0.01,0,0,0,0
ACGGTTAGTAATCAGA-1,0,3,0,0,0,0,0,11,0,0,2,1,0,0,0,0,2,0,0,2,0,-1,-1,-1,-1,-1,-1,-1,-1,-1
I13,0,0,0,0,0,0,0,0,0,0,0,0,0,0,0,0,0,0,0,0,0,0,0:0.85/25:0.15,0,0,0:0.99/13:0.01,0,0,0,0
TCGAACAAGGCCCGTT-1,0,3,0,0,0,0,0,0,0,0,2,0,0,0,0,0,2,0,-1,-1,-1,-1,-1,-1,-1,-1,-1,-1,-1,-1
I14,0,0,0,0,0,0,0,0,0,0,0,0,0,0,0,0,0,0,0,0,0,0,0:0.85/25:0.15,0,0,0:0.99/13:0.01,0,0,0,0
TTCAATCGTTTGGGTT-1,0,3,0,0,0,0,25,37,0,0,2,0,0,0,0,0,2,0,0,2,0,-1,-1,-1,-1,-1,-1,-1,-1,-1
I15,0,0,0,0,0,0,0,0,0,0,0,0,0,0,0,0,0,0,0,0,0,0,0:0.85/25:0.15,0,0,0:0.99/13:0.01,0,0,0,0
GCTGAATGTGGCCTCA-1,0,3,0,0,0,0,9,28,0,0,2,0,0,0,0,0,2,0,0,2,0,-1,-1,-1,-1,-1,-1,-1,-1,-1
I16,0,0,0,0,0,0,0,0,0,0,0,0,0,0,0,0,0,0,0,0,0,0,0:0.85/25:0.15,0,0,0:0.99/13:0.01,0,0,0,0
AGCCACGCATCAGCTA-1,0,3,0,0,15,0,0,14,0,0,2,0,0,0,0,0,2,0,0,2,0,-1,-1,-1,-1,-1,-1,-1,-1,-1
I17,0,0,0,0,0,0,0,0,0,0,0,0,0,0,0,0,0,0,0,0,0,0,0:0.85/25:0.15,0,0,0:0.99/13:0.01,0,0,0,0
I18,0,0,0,0,0,0,0,0,0,0,0,0,0,0,0,0,0,0,0,0,0,0,0:0.84/25:0.16,0,0,0:0.98/13:0.02,0,0,0,0
I19,0,0,0,0,0,0,0,0,0,0,0,0,0,0,0,0,0,0,0,0,0,0,0:0.84/25:0.16,0,0,0:0.97/13:0.03,0,0,0,0
GGCTGTGTCCTTATAC-1,0,3,0,0,0,0,0,0,0,0,2,0,0,0,0,0,2,0,0,2,0,-1,-1,-1,-1,-1,-1,-1,-1,-1
CAGAGCCCACTGGACC-1,10,7,0,0,22,0,-1,-1,-1,16,24,0,14,18,0,0,6,0,0,0,0,0,25,0,0,13,0,0,0,0
TGTTACTTCCATCGTC-1,0,3,0,0,0,0,0,0,0,0,2,0,0,0,0,0,2,0,0,2,0,-1,-1,-1,-1,-1,-1,-1,-1,-1
CAACAGTCACGACAAG-1,0,3,0,0,0,0,15,8,0,0,2,0,0,0,0,0,2,0,0,2,0,-1,-1,-1,-1,-1,-1,-1,-1,-1
I20,0,3,0,0,0,0,10,0,0,0,2,0,0,0,0,0,2,0,0,2,0,-1,-1,-1,-1,-1,-1,-1,-1,-1
GTCGTTCTCCTCTGCA-1,0,3,0,0,0,0,10,29,0,0,2,0,0,0,0,0,2,0,0,2,0,-1,-1,-1,-1,-1,-1,-1,-1,-1
TCCTTCTAGTGACCTT-1,0,3,0,0,0,0,10,1,0,0,2,0,0,0,0,0,2,0,0,2,0,-1,-1,-1,-1,-1,-1,-1,-1,-1
I21,0,3,0,0,0,0,2,3,0,0,2,0,0,0,0,0,2,0,0,2,0,-1,-1,-1,0:0.09/1:0.91,0:0.09/3:0.91,0,-1,-1,-1
AGGAATAAGTCATCCA-1,0,3,0,0,0,0,2,3,0,0,2,0,0,0,0,0,2,0,0,2,0,-1,-1,-1,-1,-1,-1,-1,-1,-1
AACGTCAAGTTGCTGT-1,0,3,0,0,0,0,2,3,0,0,2,0,0,0,0,0,2,0,0,2,0,-1,-1,-1,1,3,0,-1,-1,-1
I22,0,3,0,0,0,0,0,0,0,0,2,0,0,0,0,2,2,0,0,2,0,0:0.01/-1:0.99,-1:0.99/25:0.01,0:0.01/-1:0.99,0:0.17/4:0.83,0:0.17/7:0.83,0,0:0.01/-1:0.99,0:0.01/-1:0.99,0:0.01/-1:0.99
AGAACAAAGTCTGGAG-1,0,3,0,0,0,0,9,13,0,0,2,0,0,0,0,2,2,0,0,2,0,-1,-1,-1,4,7,0,-1,-1,-1
I23,0,3,0,0,0,0,0,0,0,0,2,0,0,0,0,2,2,0,0,2,0,-1,-1,-1,-1,-1,-1,-1,-1,-1
AACCTGAAGTGTTCCA-1,0,3,0,0,0,0,0,2,0,0,2,0,0,0,0,2,2,0,0,2,0,-1,-1,-1,-1,-1,-1,-1,-1,-1
TCCATGCCAAGGGCAT-1,0,3,0,0,0,0,0,0,0,0,2,0,0,0,0,2,2,0,0,2,0,-1,-1,-1,-1,-1,-1,-1,-1,-1
GAGTTACTCCGGACGT-1,0,3,0,0,0,0,-1,-1,-1,0,2,0,0,0,0,0,2,0,0,15,0,-1,-1,-1,0,20,0,-1,-1,-1
CCTAACCAGGATTCCT-1,0,3,0,0,0,0,0,8,0,0,2,0,0,0,0,0,2,0,0,7,0,-1,-1,-1,-1,-1,-1,-1,-1,-1
CGCCATTTCAGGACGA-1,0,3,0,4,9,0,8,9,0,0,2,0,6,11,0,0,2,0,-1,-1,-1,3,13,0,-1,-1,-1,-1,-1,-1
I24,0,3,0,0,0,0,0,0,0,5,9,0,0,0,0,0,0,0,0,0:0.01/7:0.99,0,0:0.01/3:0.99,11,0,0:0.02/-1:0.98,0:0.02/-1:0.98,0:0.02/-1:0.98,0:0.02/-1:0.98,0:0.02/-1:0.98,0:0.02/-1:0.98
TACCGGGGTACAGTTC-1,19,3,0,34,32,0,0,8,0,5,9,0,21,28,0,27,32,0,0,7,0,3,11,0,-1,-1,-1,-1,-1,-1
I25,0,3,0,0,0:0.01/6:0.99,0,0,0,0,5,9,0,0,0:0.01/6:0.99,0,0,0,0,0,7,0,3,11,0,-1,-1,-1,-1,-1,-1
CTCATCGTCGACATAC-1,19,3,0,0,6,0,20,25,4,5,9,0,7,6,0,0,6,0,0,7,0,3,11,0,-1,-1,-1,-1,-1,-1
I26,0,3,0,0,6,0,0,0:0.03/8:0.97,0,5,9,0,0,6,0,0,0,0,0,7,0,3,11,0,-1,-1,-1,-1,-1,-1
TCCACGTGTATAGGGC-1,10,3,0,0,6,0,22,8,0,5,9,0,0,6,0,0,17,0,10,7,0,3,11,0,-1,-1,-1,-1,-1,-1
I27,0:0.03/5:0.97,3,0,0:0.65/2:0.35,6,0,0,8,0,5,9,0,0,6,0,0,0,0,0,7,0,3,11,0,-1,-1,-1,-1,-1,-1
I28,5,3,0,0:0.01/2:0.99,6,0,0:0.01/7:0.99,8,0,5,9,0,0,6,0,0,0,0,0,7,0,3,11,0,-1,-1,-1,-1,-1,-1
I29,5,3,0,2,6,0,7,8,0,5,9,0,0,6,0,0,0,0,0,7,0,3,11,0,-1,-1,-1,-1,-1,-1
CTTGATTGTAGCTTTG-1,5,3,0,2,6,0,7,8,0,5,9,0,0,6,0,0,0,0,0,7,0,3,11,0,-1,-1,-1,-1,-1,-1
ACAAAGATCGTTCCTG-1,5,3,0,2,6,0,7,8,0,5,9,0,0,6,0,0,0,0,0,7,0,3,11,0,-1,-1,-1,-1,-1,-1
TCCTCTTAGCGAACTG-1,5,3,0,2,6,0,7,8,0,5,9,0,0,6,0,-1,-1,-1,0,7,0,3,11,0,-1,-1,-1,-1,-1,-1
GAAGGGTAGCTGACCC-1,5,3,0,-1,-1,-1,0,8,0,5,9,0,0,6,0,11,5,0,0,7,0,3,11,0,-1,-1,-1,-1,-1,-1
CCACCATAGGAAAGTG-1,0,7,0,0,1,0,0,10,0,8,12,2,0,2,0,0,13,0,-1,-1,-1,0,0,0,-1,-1,-1,-1,-1,-1
I30,11,0,0,0,0,0,0,0:0.01/5:0.99,0,0,15,0,0,0,0,0,0,0,0,0,0,0,0,0,0,0,0,0:0.02/-1:0.97/1:0.009/2:0.002,0:0.02/-1:0.97/1:0.004/2:0.001/3:0.002,0:0.02/-1:0.97/1:0.01
TCTCCGACACATGTTG-1,11,0,0,0,0,0,0,5,0,0,15,0,0,0,0,0,7,0,12,19,0,-1,-1,-1,-1,-1,-1,-1,-1,-1
I31,11,0,0,0,0,0,0,5,0,0,15,0,0,0,0,0,0:0.01/2:0.99,0,0,0:0.61/2:0.39,0,0,0,0,0,0,0,-1,-1,-1
ATTTACCAGGGTTAAT-1,11,0,0,0,0,0,0,5,0,0,15,0,0,0,0,0,2,0,-1,-1,-1,0,0,0,0,0,0,-1,-1,-1
AGGGTTTAGAAACTAC-1,11,0,0,0,15,0,0,5,0,0,15,0,0,0,0,0,2,0,0,2,0,-1,-1,-1,0,0,0,-1,-1,-1
