(((((ACGGTCGTCCGATTAG-1:5,(((((((CCGTAGGAGCCGAACA-1:0,(CAATACGAGCGGTATG-1:0,GTCTACCCAAGCGAGT-1:0)I36:0)I35:0.003,GTCACTCGTAACACGG-1:1.003)I34:2.997,(CTCAGGGCATGGCTGC-1:2,(CCTATCGGTCCCTAAA-1:2,((CGGACACAGTAAACAC-1:0,AGACACTCAATGCAAA-1:1)I33:0,(TTCCGGTAGGTGATAT-1:1.001,TATACCTCAGGAAGTC-1:0.001)I32:0.999)I31:0)I30:0)I29:0)I28:0,((AGGGTCCTCGACGATT-1:1,AGGTTACGTCTGCAAT-1:1)I27:1,GTGCGTGTCATGGTAC-1:1)I26:0)I25:0,ACCGTTCTCATGGAGG-1:5)I24:0,(TGTTTGTTCGTAGTCA-1:2.047,TCTACCGCAGTCAGAG-1:4.047)I23:0.953)I22:0,((CACAGATAGCTGTCCG-1:0,CTGTAGACAAGTGGAC-1:0)I21:0.035,GGTCTGGTCCGATGTA-1:3.035)I20:2.968)I19:0)I18:3.001,(CCTCTAGAGTTACGGG-1:4.001,TTGCGTCTCCGTCCTA-1:4.001)I17:0)I16:4.014,((AGCTTCCGTCTACAAC-1:5,(GGTTCTCGTGGGTATG-1:4,GATGGAGCAACGACTT-1:2)I15:0)I14:0,((CAGATTGTCAACTGGT-1:2.001,(GTGGGAAAGACAACTA-1:2.001,ACTATGGTCTTCTGTA-1:1.001)I13:0)I12:2.999,((TAAGTCGCAATCCTAG-1:4,((GCATCGGAGACTGGGT-1:2,((CGAAGTTTCCTGATAG-1:1.001,AGGCTGCGTTTGAAAG-1:0.001)I11:0.999,TCCATGCGTAACAGGC-1:1)I10:0)I9:0,((GACTCAACAACCTATG-1:0,GTCGTTCGTCAAGGCA-1:0)I8:0.007,CTCCGATGTCGCCTAG-1:3.007)I7:0.993)I6:0)I5:0,TTCAGGATCGGCTGTG-1:4)I4:0)I3:3)I2:1.015)I1:3.884,GTTCCGTCAAGCTGCC-1:17.896)12:2.192)I0;
I0,0,0,0,0,0,0,0,0,0,0,0,0,0,0,0,0,0,0,0,0,0,0,0,0,0,0,0,0,0,0
12,0,0,0,0,0,0,0,0,0,0,0,0,0,0,0,0,0,0,0,0,0,0,0,0,0,0,0,0:0.27/-1:0.7/1:0.027/2:0.005,0:0.27/-1:0.7/1:0.012/2:0.004/3:0.005,0:0.27/-1:0.7/1:0.03
GTTCCGTCAAGCTGCC-1,0,2,0,30,9,0,0,12,0,30,16,0,6,11,0,3,11,0,1,8,0,3,13,0,-1,-1,-1,-1,-1,-1
I1,0,0,0,0,0,0,0,0,0,8,12,0,0,0,0,0,13,0,0,0,0,0,0,0,0,0,0,-1,-1,-1
I2,0,0,0,0,0,0,0,12,0,8,12,0,0,0,0,0,13,0,0,0,0,0,0,0,0,0,0,-1,-1,-1
I3,0,0,0,0,0,0,0,12,0,8,12,0,0,0,0,0,13,0,0,0,0,0,0,0,-1,-1,-1,-1,-1,-1
I4,0,0,0,0,0,0,0,12,0,8,12,0,0,0,0,0,13,0,0,0,0,0,0,0,-1,-1,-1,-1,-1,-1
TTCAGGATCGGCTGTG-1,0,0,0,0,0,0,0,12,0,8,12,0,0,0,0,0,13,0,7,24,0,3,41,0,-1,-1,-1,-1,-1,-1
I5,0,0,0,0,0,0,0,12,0,8,12,0,0,0,0,0,13,0,0,0,0,0,0,0,-1,-1,-1,-1,-1,-1
I6,0,0,0,0,0,0,0,12,0,8,12,0,0,0,0,0,13,0,0,0,0,0,0,0,-1,-1,-1,-1,-1,-1
I7,0,0:0.01/27:0.99,0,0,0,0,0,12,0,8,12,0,0,0,0,0,13,0,0,0,0,0,0,0,-1,-1,-1,-1,-1,-1
CTCCGATGTCGCCTAG-1,0,27,0,0,0,0,0,12,0,8,12,0,0,7,0,0,13,0,0,0,0,18,30,0,-1,-1,-1,-1,-1,-1
I8,0,27,0,0,0,0,0,12,0,8,12,0,0,0,0,0,13,0,0,0,0,0,0,0,-1,-1,-1,-1,-1,-1
GTCGTTCGTCAAGGCA-1,0,27,0,0,0,0,0,12,0,8,12,0,0,0,0,0,13,0,0,0,0,0,0,0,-1,-1,-1,-1,-1,-1
GACTCAACAACCTATG-1,0,27,0,0,0,0,0,12,0,8,12,0,0,0,0,0,13,0,0,0,0,0,0,0,-1,-1,-1,-1,-1,-1
I9,0,0,0,0,0,0,0,12,0,8,12,0,0,0,0,0,13,0,0,0,0,0,0,0,-1,-1,-1,-1,-1,-1
I10,0,0,0,0,0,0,0,12,0,8,12,0,0,0,0,0,13,0,0,0,0,0,0,0,-1,-1,-1,-1,-1,-1
TCCATGCGTAACAGGC-1,0,0,0,0,0,0,0,12,0,8,12,0,0,30,0,0,13,0,0,0,0,0,0,0,-1,-1,-1,-1,-1,-1
I11,0,0,0,0,0,0,0,12,0,8,12,0,0,0,0,0,13,0,0,0,0,0,2,0,-1,-1,-1,-1,-1,-1
AGGCTGCGTTTGAAAG-1,0,0,0,0,0,0,0,12,0,8,12,0,0,0,0,0,13,0,0,0,0,0,2,0,-1,-1,-1,-1,-1,-1
CGAAGTTTCCTGATAG-1,0,0,0,0,0,0,0,12,0,8,12,0,0,0,0,0,13,0,0,0,0,14,2,0,-1,-1,-1,-1,-1,-1
GCATCGGAGACTGGGT-1,0,0,0,0,0,0,0,12,0,8,12,0,0,0,0,0,13,0,0,0,0,1,15,0,-1,-1,-1,-1,-1,-1
TAAGTCGCAATCCTAG-1,0,0,0,2,8,0,0,12,0,8,12,0,0,0,0,0,13,0,0,0,0,26,2,0,-1,-1,-1,-1,-1,-1
I12,0,0,0,0,0,0,0,12,0,8,12,0,0,0,0,0,13,0,-1,-1,-1,0,0,0,-1,-1,-1,-1,-1,-1
I13,0,0,0,0,0,0,0,12,0,8,12,0,0,0,0,0,13,0,-1,-1,-1,0,0,0,-1,-1,-1,-1,-1,-1
ACTATGGTCTTCTGTA-1,0,0,0,0,0,0,0,12,0,8,12,0,0,0,0,0,13,0,-1,-1,-1,0,16,0,-1,-1,-1,-1,-1,-1
GTGGGAAAGACAACTA-1,0,0,0,0,0,0,0,12,0,8,12,0,0,0,0,0,13,0,-1,-1,-1,25,35,0,-1,-1,-1,-1,-1,-1
CAGATTGTCAACTGGT-1,0,0,0,0,0,0,0,12,0,8,12,0,0,0,0,0,13,0,-1,-1,-1,10,26,0,-1,-1,-1,-1,-1,-1
I14,0,0,0,0,0,0,0,12,0,8,12,0,0,0,0,0,13,0,0,0,0,0,0,0,0,0,0,-1,-1,-1
I15,0,0,0,0,0,0,0,12,0,8,12,0,0,0,0,0,13,0,0,0,0,0,0,0,0,0,0,-1,-1,-1
GATGGAGCAACGACTT-1,0,0,0,0,0,0,0,12,0,8,12,0,0,0,0,0,13,0,0,0,0,0,32,0,0,21,0,-1,-1,-1
GGTTCTCGTGGGTATG-1,0,0,0,0,0,0,0,12,0,8,12,0,0,0,0,0,13,0,0,0,0,4,3,0,14,22,0,-1,-1,-1
AGCTTCCGTCTACAAC-1,0,18,0,0,0,0,0,12,0,8,12,0,0,0,0,0,13,0,0,9,2,0,19,0,0,9,0,-1,-1,-1
I16,0,7,0,0,1,0,0,10,0,8,12,0,0,2,0,0,13,0,0,0,0,0,0,0,0,0,0,-1,-1,-1
I17,0,7,0,0,1,0,0,10,0,8,12,0,0,2,0,0,13,0,0,0,0,0,0,0,0,0,0,-1,-1,-1
TTGCGTCTCCGTCCTA-1,0,7,0,0,1,0,0,10,0,8,12,0,0,2,0,0,13,0,7,25,0,0,2,0,0,28,0,-1,-1,-1
CCTCTAGAGTTACGGG-1,0,7,0,0,1,0,0,10,0,8,12,0,0,2,0,0,13,0,0,0,0,3,14,0,9,15,0,-1,-1,-1
I18,0,7,0,0,1,0,0,10,0,8,12,0,0,2,0,0,13,0,0,0,0,0,0,0,-1,-1,-1,-1,-1,-1
I19,0,7,0,0,1,0,0,10,0,8,12,0,0,2,0,0,13,0,0,0,0,0,0,0,-1,-1,-1,-1,-1,-1
I20,0,7,0,0,1,0,0,10,0,8,12,0,0,2,0,0,13,0,0,0,0,0:0.01/-1:0.99,0:0.01/-1:0.99,0:0.01/-1:0.99,-1,-1,-1,-1,-1,-1
GGTCTGGTCCGATGTA-1,0,7,0,0,1,0,0,10,0,8,12,0,0,2,0,0,13,0,-1,-1,-1,-1,-1,-1,-1,-1,-1,-1,-1,-1
I21,0,7,0,0,1,0,0,10,0,8,12,0,0,2,0,0,13,0,0,0,0,-1,-1,-1,-1,-1,-1,-1,-1,-1
CTGTAGACAAGTGGAC-1,0,7,0,0,1,0,0,10,0,8,12,0,0,2,0,0,13,0,0,0,0,-1,-1,-1,-1,-1,-1,-1,-1,-1
CACAGATAGCTGTCCG-1,0,7,0,0,1,0,0,10,0,8,12,0,0,2,0,0,13,0,0,0,0,-1,-1,-1,-1,-1,-1,-1,-1,-1
I22,0,7,0,0,1,0,0,10,0,8,12,0,0,2,0,0,13,0,0,0,0,0,0,0,-1,-1,-1,-1,-1,-1
I23,0,7,0,0,1,0,0,10,0,8,12,0,0,2,0,0,13,0,0,0,0,0:0.05/3:0.95,0,0,-1,-1,-1,-1,-1,-1
TCTACCGCAGTCAGAG-1,0,7,0,0,1,0,0,10,0,8,12,0,0,2,0,0,13,0,-1,-1,-1,3,13,0,-1,-1,-1,-1,-1,-1
TGTTTGTTCGTAGTCA-1,0,7,0,0,1,0,0,10,0,8,12,0,23,2,0,0,13,0,0,0,0,3,11,0,-1,-1,-1,-1,-1,-1
I24,0,7,0,0,1,0,0,10,0,8,12,0,0,2,0,0,13,0,0,0,0,0,0,0,-1,-1,-1,-1,-1,-1
ACCGTTCTCATGGAGG-1,0,7,0,0,1,0,0,10,0,8,12,0,0,2,0,10,13,0,-1,-1,-1,0,15,0,-1,-1,-1,-1,-1,-1
I25,0,7,0,0,1,0,0,10,0,8,12,0,0,2,0,0,13,0,0,0,0,0,0,0,-1,-1,-1,-1,-1,-1
I26,0,7,0,0,1,0,0,10,0,8,12,0,0,2,0,0,13,0,0,0,0,0,0,0,-1,-1,-1,-1,-1,-1
GTGCGTGTCATGGTAC-1,0,7,0,0,1,0,0,10,0,8,12,0,0,2,0,0,13,0,0,0,0,0,2,0,-1,-1,-1,-1,-1,-1
I27,0,7,0,0,1,0,0,10,0,8,12,0,0,2,0,0,13,0,0,1,0,0,0,0,-1,-1,-1,-1,-1,-1
AGGTTACGTCTGCAAT-1,0,7,0,0,1,0,0,10,0,8,12,0,0,2,0,0,13,0,3,1,0,0,0,0,-1,-1,-1,-1,-1,-1
AGGGTCCTCGACGATT-1,0,7,0,0,1,0,0,10,0,8,12,0,0,2,0,0,13,0,4,1,0,0,0,0,-1,-1,-1,-1,-1,-1
I28,0,7,0,0,1,0,0,10,0,8,12,0,0,2,0,0,13,0,0,0,0,0,0,0,-1,-1,-1,-1,-1,-1
I29,0,7,0,0,1,0,0,10,0,8,12,0,0,2,0,0,13,0,0,0,0,0,0,0,-1,-1,-1,-1,-1,-1
I30,0,7,0,0,1,0,0,10,0,8,12,0,0,2,0,0,13,0,0,0,0,0,0,0,-1,-1,-1,-1,-1,-1
I31,0,7,0,0,1,0,0,10,0,8,12,0,0,2,0,0,13,0,0,0,0,0,0,0,-1,-1,-1,-1,-1,-1
I32,0,7,0,0,1,0,0,10,0,8,12,0,0,2,0,0,13,0,0,0,0,0,3,0,-1,-1,-1,-1,-1,-1
TATACCTCAGGAAGTC-1,0,7,0,0,1,0,0,10,0,8,12,0,0,2,0,0,13,0,0,0,0,0,3,0,-1,-1,-1,-1,-1,-1
TTCCGGTAGGTGATAT-1,0,7,0,0,1,0,0,10,0,8,12,0,0,2,0,0,13,0,0,0,0,6,3,0,-1,-1,-1,-1,-1,-1
I33,0,7,0,0,1,0,0,10,0,8,12,0,0,2,0,0,13,0,0,0,0,0,0,0,-1,-1,-1,-1,-1,-1
AGACACTCAATGCAAA-1,0,7,0,0,1,0,0,10,0,8,12,0,0,2,0,0,13,0,0,0,0,0,17,0,-1,-1,-1,-1,-1,-1
CGGACACAGTAAACAC-1,0,7,0,0,1,0,0,10,0,8,12,0,0,2,0,0,13,0,0,0,0,0,0,0,-1,-1,-1,-1,-1,-1
CCTATCGGTCCCTAAA-1,0,7,0,0,1,0,0,10,0,8,12,0,0,2,0,0,13,0,0,0,0,12,20,0,-1,-1,-1,-1,-1,-1
CTCAGGGCATGGCTGC-1,0,7,0,0,1,0,0,10,0,8,12,0,0,2,0,0,13,0,0,0,0,17,28,0,-1,-1,-1,-1,-1,-1
I34,0,7,0,0,1,0,0,10,0,8,12,0,0,2,0,0,13,0,-1,-1,-1,0,0,0,-1,-1,-1,-1,-1,-1
GTCACTCGTAACACGG-1,0,7,0,0,1,0,0,10,0,8,12,0,0,2,0,0,13,0,-1,-1,-1,23,0,0,-1,-1,-1,-1,-1,-1
I35,0,7,0,0,1,0,0,10,0,8,12,0,0,2,0,0,13,0,-1,-1,-1,0,0,0,-1,-1,-1,-1,-1,-1
I36,0,7,0,0,1,0,0,10,0,8,12,0,0,2,0,0,13,0,-1,-1,-1,0,0,0,-1,-1,-1,-1,-1,-1
GTCTACCCAAGCGAGT-1,0,7,0,0,1,0,0,10,0,8,12,0,0,2,0,0,13,0,-1,-1,-1,0,0,0,-1,-1,-1,-1,-1,-1
CAATACGAGCGGTATG-1,0,7,0,0,1,0,0,10,0,8,12,0,0,2,0,0,13,0,-1,-1,-1,0,0,0,-1,-1,-1,-1,-1,-1
CCGTAGGAGCCGAACA-1,0,7,0,0,1,0,0,10,0,8,12,0,0,2,0,0,13,0,-1,-1,-1,0,0,0,-1,-1,-1,-1,-1,-1
ACGGTCGTCCGATTAG-1,0,7,0,0,1,0,0,10,0,8,12,0,0,2,0,0,13,0,-1,-1,-1,5,14,0,-1,-1,-1,-1,-1,-1
(((GTGTTAGAGGTTCCAT-1:18.056,(TTCATGTTCGTGGAAG-1:13.014,(((GGCAGTCTCCGATAGT-1:9.06,TTCCGGTGTAATGATG-1:15.06)I19:0.005,(TTCTTCCTCGTGGGTC-1:10.412,GGATGTTGTGGATACG-1:10.412)I18:0.654)I17:2.947,(TGTTGGAAGTGCCCGT-1:7.068,(TTGTTCAAGCCATCCG-1:2.006,(TCACGGGTCGATCCAA-1:1.012,CTCAGGGCATACATCG-1:2.012)I16:0.994)I15:4.062)I14:5.917)I13:0.029)I12:0.042)I11:5.95,(((CATCCCACACGCTGTG-1:5.835,CTCAACCGTGAAGCTG-1:8.399)I10:5,(((ACATCCCTCCAAGCTA-1:5.22,(GTGCACGAGGAGGGTG-1:2.022,GATGACTCAAGTGTCT-1:3.022)I9:3.672)I8:3.347,AGAACAAGTAACGCGA-1:5.02)I7:0.021,(GTTTACTAGGCAGCTA-1:6.803,(TGGGTTAGTTCAAGTC-1:1.843,GACTGATTCACCTTAT-1:6.244)I6:3.357)I5:6.251)I4:3.08)I3:3.094,TGAACGTAGCAAACAT-1:21.302)I2:1.945)I1:0.072)I0;
I0,0,0,0,0,0,0,0,0,0,0,0,0,0,0,0,0,0,0,0,0,0,0,0,0,0,0,0,0,0,0
I1,0,0,0,0,0,0,0,0,0,0,0,0,0,0,0,0,0,0,0:0.93/3:0.07,0,0,0,0,0,0,0,0,0,0,0
I2,0,0,0,0,0,0,0,0,0,0,0,0,0,0,0,0,0,0,0:0.21/3:0.79,0,0,0,0:0.09/3:0.91,0,0,0:0.68/4:0.32,0,0,0,0
TGAACGTAGCAAACAT-1,0,14,0,20,37,0,24,24,7,32,35,0,22,31,6,30,35,3,3,16,0,4,3,0,-1,-1,-1,2,3,0
I3,0,10,0,0,7,0,0,0,0,0,0,0,0,0,0,0,0,0,0:0.1/3:0.9,0,0,0,3,0,0,0:0.01/4:0.99,0,0,0:0.77/1:0.23,0
I4,0,10,0,0,7,0,0,0,0,0,0,0,0,0,0,0,0,0,0:0.01/3:0.99,0,0,0,3,0,0,4,0,0:0.01/-1:0.99,0:0.01/-1:0.99,0:0.01/-1:0.99
I5,0,10,0,0:0.01/4:0.99,7,0,0,0,0,24,0,0,0,0,0,0,0,0,0:0.01/3:0.99,0:0.61/17:0.39,0,0:0.01/20:0.99,3,0,0:0.05/-1:0.94/1:0.001/2:0.008/5:0.001/6:0.009/7:0.007/8:0.008/11:0.006/12:0.009/13:0.006,-1:0.94/4:0.06,0:0.05/-1:0.94/1:0.001,-1,-1,-1
I6,0,10,0,4,7,0,0,0,0,24,0,0,0,0,0,0,0:0.6/37:0.4,0,-1:0.92/3:0.08,0:0.04/-1:0.92/17:0.04,0:0.07/-1:0.92/2:0.001,20,3,0,-1,-1,-1,-1,-1,-1
GACTGATTCACCTTAT-1,0,10,0,4,7,0,7,0,0,24,0,0,10,6,0,-1,-1,-1,-1,-1,-1,20,3,0,-1,-1,-1,-1,-1,-1
TGGGTTAGTTCAAGTC-1,0,10,0,4,7,0,0,0,0,24,0,0,0,32,0,0,37,0,-1,-1,-1,20,3,0,-1,-1,-1,-1,-1,-1
GTTTACTAGGCAGCTA-1,25,10,0,4,7,0,11,0,0,24,0,0,2,5,0,6,17,0,3,17,0,20,3,0,-1,-1,-1,-1,-1,-1
I7,0,10,0,0,7,0,0,0,0,0,0,0,0,0,0,0,0,0,0:0.01/3:0.99,0:0.99/8:0.01,0,0,3,0,0,4,0,0:0.01/-1:0.99,-1:0.99/1:0.01,0:0.01/-1:0.99
AGAACAAGTAACGCGA-1,0,10,0,3,7,0,0,0,0,3,0,0,0,13,0,0,0,0,3,8,0,1,3,0,0,4,0,-1,-1,-1
I8,0,10,0,0,7,0,0,0,0,0,0,0,0,0,0,0:0.47/3:0.53,0,0,-1:0.93/3:0.07,0:0.06/-1:0.93/8:0.01,0:0.06/-1:0.93/2:0.001,0,3,0,0,4,0,-1,-1,-1
I9,0,10,0,24,7,0,0:0.01/4:0.99,0,0,25,0,0,0,0,0,3,0,0,-1,-1,-1,0,3,0,0,4,0,-1,-1,-1
GATGACTCAAGTGTCT-1,0,10,0,24,7,0,4,0,0,25,0,0,18,23,0,3,3,0,-1,-1,-1,0,3,0,0,4,0,-1,-1,-1
GTGCACGAGGAGGGTG-1,2,10,0,24,7,0,4,0,0,25,0,0,0,0,0,3,11,0,-1,-1,-1,0,3,0,0,4,0,-1,-1,-1
ACATCCCTCCAAGCTA-1,0,10,0,3,7,0,0,0,0,0,0,0,0,9,0,-1,-1,-1,-1,-1,-1,0,3,0,0,4,0,-1,-1,-1
I10,0,10,0,17,7,0,18,0,0,0,0,0,0,0,0,0,0,0,0:0.01/-1:0.87/3:0.12,0:0.11/-1:0.87/1:0.002/2:0.01/3:0.005/4:0.017/5:0.018/7:0.018/8:0.007/9:0.002/10:0.002/12:0.001/13:0.005/15:0.01/16:0.015/17:0.012/18:0.006/19:0.004/20:0.002/21:0.018/22:0.002/23:0.003/24:0.002/25:0.011,0:0.11/-1:0.87/2:0.002,0,3,0,0,4,0,0,0:0.44/1:0.56,0
CTCAACCGTGAAGCTG-1,0,10,0,17,7,0,18,0,0,23,0,3,0,7,0,0,0,0,-1,-1,-1,3,3,0,11,4,0,-1,-1,-1
CATCCCACACGCTGTG-1,10,10,0,17,7,0,18,0,0,19,0,0,0,0,0,-1,-1,-1,-1,-1,-1,0,3,0,0,4,0,0,1,0
I11,0,0,0,0,0,0,0,0,0,0,0,0,0,0,0,0,0,0,0:0.01/-1:0.99,0:0.01/-1:0.99,0:0.01/-1:0.99,0,0,0,0,0,0,0:0.01/-1:0.99,0:0.01/-1:0.99,0:0.01/-1:0.99
I12,0,0,0,0,0,0,0,0,0,0,0,0,0,0,0,0,0,0,-1,-1,-1,0,0,0,0,0,0,-1,-1,-1
I13,0,0,0,0,0,0,0,0,0,0,0,0,0,0,0,0,0,0,-1,-1,-1,0,0,0,0,0:0.98/18:0.02,0,-1,-1,-1
I14,18,10,0,0,0,0,0:0.02/4:0.98,0,0,0,0,0,0,21,0,0,0,0,-1,-1,-1,0,0:0.02/3:0.98,0,0,0:0.02/18:0.98,0,-1,-1,-1
I15,18,10,0,19,7,0,4,0,0,20,0,0,0,21,0,0,0,0,-1,-1,-1,0,3,0,12,18,0,-1,-1,-1
I16,18,10,0,19,7,0,4,0,0,20,0,0,0,21,0,0,0,0,-1,-1,-1,0:0.01/1:0.99,3,0,12,18,0,-1,-1,-1
CTCAGGGCATACATCG-1,18,10,0,19,7,0,4,0,0,20,0,0,0,21,0,6,28,0,-1,-1,-1,1,3,0,12,18,0,-1,-1,-1
TCACGGGTCGATCCAA-1,18,10,0,19,7,0,4,0,0,20,0,6,0,21,0,0,0,0,-1,-1,-1,1,3,0,12,18,0,-1,-1,-1
TTGTTCAAGCCATCCG-1,18,10,0,19,7,0,4,0,0,20,0,0,27,21,0,0,0,0,-1,-1,-1,6,3,0,12,18,0,-1,-1,-1
TGTTGGAAGTGCCCGT-1,18,10,0,10,16,0,4,0,0,0,0,0,0,21,0,-1,-1,-1,-1,-1,-1,6,3,0,8,18,0,-1,-1,-1
I17,0,0,0,0,0,0,0,0,0,0,0,0,0,0,0,0,0,0,-1,-1,-1,0,0,0,0:0.02/-1:0.98,0:0.02/-1:0.98,0:0.02/-1:0.98,-1,-1,-1
I18,0,0,0,0,0,0,0,0,0,0,0,0,0,0:0.37/7:0.63,0,0,0,0,-1,-1,-1,0,0,0,0:0.01/-1:0.98/1:0.001/2:0.008/5:0.001/6:0.009/7:0.007/8:0.008/11:0.006/12:0.009/13:0.006,0:0.01/-1:0.98/18:0.01,0:0.01/-1:0.98/1:0.001,-1,-1,-1
GGATGTTGTGGATACG-1,10,10,0,24,7,0,4,0,0,26,0,0,0,7,0,6,17,0,-1,-1,-1,3,3,0,-1,-1,-1,-1,-1,-1
TTCTTCCTCGTGGGTC-1,0,45,0,0,42,0,11,30,0,0,26,0,25,7,0,31,38,0,-1,-1,-1,0,43,5,-1,-1,-1,-1,-1,-1
I19,0,0,0,0,0,0,0,0,0,0,0,0,0,0,0,0,0,0,-1,-1,-1,0,0,0,0:0.02/-1:0.98,0:0.02/-1:0.98,0:0.02/-1:0.98,-1,-1,-1
TTCCGGTGTAATGATG-1,30,44,0,40,41,0,4,8,0,0,38,0,24,33,0,-1,-1,-1,-1,-1,-1,4,42,4,-1,-1,-1,-1,-1,-1
GGCAGTCTCCGATAGT-1,0,33,4,0,29,0,22,5,0,27,32,0,0,27,0,0,0,0,-1,-1,-1,0,15,0,-1,-1,-1,-1,-1,-1
TTCATGTTCGTGGAAG-1,29,43,0,39,40,0,10,5,9,19,37,0,0,2,0,0,0,0,-1,-1,-1,3,2,0,0,27,0,-1,-1,-1
GTGTTAGAGGTTCCAT-1,24,37,0,-1,-1,-1,2,30,5,29,26,0,0,7,0,26,18,0,-1,-1,-1,1,15,3,14,22,0,-1,-1,-1
((((CTCCGATGTCTACGTA-1:5.642,AGTACCAGTGAGATCG-1:4.535)I57:3.079,(((((GTCAGCGGTTGGGATG-1:4.001,(ATGGAGGAGGTAGACC-1:3,CATCCGTGTCAAGCGA-1:3)I56:0.001)I55:1,((TGCTCGTTCCATACAG-1:3.043,GACTTCCCACACACGC-1:3.043)I54:0.957,GGGTAGAGTCAAAGCG-1:8)I53:0.001)I52:1,(TTACGCCAGATTGCGG-1:5.002,(CGCAGGTCATACATCG-1:4,(AGGACGAAGGTCACCC-1:3,AACCTTTAGTTGTAAG-1:4)I51:0)I50:0.002)I49:0.999)I48:1.054,CACCGTTGTACAACGG-1:3.055)I47:3.061,(CAACCAAAGGTCCTGC-1:6.403,CGATGGCGTTTGCAGT-1:5.689)I46:3.45)I45:3.913)I44:4.754,((AGCATCATCCGTCAAA-1:4.972,(CATACAGCATAGCTGT-1:3.494,(AGCCACGGTCATCCCT-1:2.02,ATCACGATCATGGATC-1:0.02)I43:4.223)I42:3.66)I41:13.171,((TATGTTCGTTATCTTC-1:3.484,(ATCACAGGTTACCGTA-1:2.053,(CCTACGTCATCAGTGT-1:0.858,(TAACGACTCTCGGCTT-1:3.015,(CCTACGTTCACTCGAA-1:2.006,TGCAGTATCCGCGATG-1:4.006)I40:0.009)I39:3.006)I38:1.195)I37:3.034)I36:6.634,(((TCCGGGATCCGAAATC-1:4.309,GCTTTCGGTCCTTAAG-1:5.309)I35:3.728,(AGCTCAAAGGGTTAGC-1:6.001,((TTACCGCGTAGCTCGC-1:3,GCAACCGAGGTACATA-1:1)I34:0.001,(((GGTTAACGTGGCAACA-1:3.071,(CTGTAGATCTCTTGCG-1:1.009,ACGGGTCTCGGCCCAA-1:1.009)I33:1.062)I32:2.935,(CTCATCGTCCCGAAAT-1:3,(TTCTAGTCACACTTAG-1:6,((((ATGCGATCACCTGCGA-1:3,(TGACCCTGTTTCGTTT-1:2.012,AACGGGATCTTGCAGA-1:1.012)I31:0.842)I30:0.146,CCTAAGATCCAGGACC-1:2)I29:0,GGGTCTGGTTGGGATG-1:3)I28:0,(TGTAACGGTAGTATAG-1:6.021,(TTCACGCGTACTGCGC-1:0,(GTTGCGGCAGATCACT-1:1.005,CCTCTCCAGTGTTCCA-1:1.005)I27:0.995)I26:0.021)I25:0.979)I24:0)I23:0)I22:0)I21:0.002,(TGTTGAGTCCGAAGGA-1:4,((TGGAGGAGTAGATTGA-1:4.029,(ATAGAGACAGACGCTC-1:0,TCGCTCACAAGCGCAA-1:0)I20:1.387)I19:1.613,(((((CCATAAGTCATGACAC-1:1,ATGCATGTCCACTTTA-1:2)I18:0,(TCACAAGGTAGGTAGC-1:1.007,TCATCATGTAACATGA-1:1.007)I17:0.993)I16:0,CACAGGCTCCGTCACT-1:2)I15:0,(AGGTGTTTCCCGAGAC-1:2.025,TTGCGTCTCGCAGTGC-1:2.025)I14:0.975)I13:0,(GAGTCTAGTCAAAGAT-1:3.001,TCGACCTAGGTCACTT-1:1.167)I12:1.833)I11:0)I10:0)I9:1.002)I8:2.999)I7:1)I6:0.002)I5:1.059,CAGCAATCATCCCACT-1:9.061)I4:8.025)I3:0.044)I2:2.89)I1:0.02)I0;
I0,0,0,0,0,0,0,0,0,0,0,0,0,0,0,0,0,0,0,0,0,0,0,0,0,0,0,0,0,0,0
I1,0,0,0,0,0,0,0,0,0,0,0,0,0,0,0,0,0,0,0,0,0,0,0,0,0,0,0,0:0.99/1:0.01,0:0.99/2:0.01,0
I2,0,0,0,0,0,0,0,0,0,0,0,0,0,0,0,0,0,0,0,0,0,0,0,0,0,0,0,0:0.04/-1:0.96,0:0.04/-1:0.96,0:0.04/-1:0.96
I3,0,0,0,0,0,0,0,0,0,0,0,0,0,0,0,0,0,0,0,0,0,0,0:0.98/6:0.02,0,0,0,0,0:0.03/-1:0.97,0:0.03/-1:0.97,0:0.03/-1:0.97
I4,0,0,0,0,0,0,0:0.01/-1:0.98/2:0.002/4:0.009/5:0.002/7:0.008/8:0.008/9:0.006/10:0.009/11:0.008/12:0.003/13:0.001/15:0.003/16:0.001/18:0.001/21:0.003/22:0.007/23:0.002/25:0.001,0:0.01/-1:0.98/1:0.008/3:0.009/5:0.009/6:0.002/7:0.001/8:0.009/9:0.001/10:0.005/11:0.005/13:0.001/14:0.002/16:0.003/17:0.001/19:0.001/20:0.004/21:0.001/23:0.001/24:0.008/27:0.001/29:0.002/30:0.001/31:0.001/32:0.002/37:0.004,0:0.01/-1:0.98/2:0.001/3:0.001/5:0.006,0:0.01/2:0.99,4,0,2,5,0,0,0,0,0,0,0,0,6,0,0,0,0,-1,-1,-1
CAGCAATCATCCCACT-1,0,23,0,16,23,5,-1,-1,-1,2,4,0,2,5,0,0,21,0,0,5,0,0,6,0,-1,-1,-1,-1,-1,-1
I5,0,0,0,0,0,0,-1,-1,-1,2,4,0,2,5,0,0,0,0,0,4,0,0,6,0,0,0,0,-1,-1,-1
I6,0,0,0,0,0,0,-1,-1,-1,2,4,0,2,5,0,0,0,0,0,4,0,0,6,0,0,0,0,-1,-1,-1
I7,0,0,0,0,0,0,-1,-1,-1,2,4,0,2,5,0,0,5,0,0,4,0,0,6,0,0,0,0,-1,-1,-1
I8,0,0,0,0,0,0,-1,-1,-1,2,4,0,2,5,0,0,5,0,0,4,0,0,6,0,-1,-1,-1,-1,-1,-1
I9,0,5,0,0,0,0,-1,-1,-1,2,4,0,2,5,0,0,5,0,0,4,0,0,6,0,-1,-1,-1,-1,-1,-1
I10,0,5,0,0,0,0,-1,-1,-1,2,4,0,2,5,0,0,5,0,0,4,0,0,6,0,-1,-1,-1,-1,-1,-1
I11,0,5,0,0,0,0,-1,-1,-1,2,4,0,2,5,0,0,5,0,0,4,0,0,6,0,-1,-1,-1,-1,-1,-1
I12,0,5,0,0:0.58/3:0.42,0:0.58/1:0.42,0,-1,-1,-1,2,4,0,2,5,0,23,5,0,0,4,0,0,6,0,-1,-1,-1,-1,-1,-1
TCGACCTAGGTCACTT-1,0,5,0,3,1,0,-1,-1,-1,2,4,0,2,5,0,23,5,0,0,4,0,0,6,0,-1,-1,-1,-1,-1,-1
GAGTCTAGTCAAAGAT-1,0,5,0,-1,-1,-1,-1,-1,-1,2,4,0,2,5,0,23,5,0,0,4,0,0,6,0,-1,-1,-1,-1,-1,-1
I13,0,5,0,0,0,0,-1,-1,-1,2,4,0,2,5,0,0,5,0,0,4,0,0,6,0,-1,-1,-1,-1,-1,-1
I14,0,5,0,0,0:0.02/2:0.98,0,-1,-1,-1,2,4,0,2,5,0,0,5,0,0,4,0,0,6,0,-1,-1,-1,-1,-1,-1
TTGCGTCTCGCAGTGC-1,0,5,0,26,2,0,-1,-1,-1,2,4,0,2,5,0,23,5,0,0,4,0,0,6,0,-1,-1,-1,-1,-1,-1
AGGTGTTTCCCGAGAC-1,0,5,0,12,2,0,-1,-1,-1,2,4,0,2,5,0,16,5,0,0,4,0,0,6,0,-1,-1,-1,-1,-1,-1
I15,0,5,0,0,0,0,-1,-1,-1,2,4,0,2,5,0,0,5,0,0,4,0,0,6,0,-1,-1,-1,-1,-1,-1
CACAGGCTCCGTCACT-1,0,5,0,0,21,0,-1,-1,-1,2,4,0,2,5,0,17,5,0,0,4,0,0,6,0,-1,-1,-1,-1,-1,-1
I16,0,5,0,0,0,0,-1,-1,-1,2,4,0,2,5,0,0,5,0,0,4,0,0,6,0,-1,-1,-1,-1,-1,-1
I17,0,5,0,0,0,0,-1,-1,-1,2,4,0,2,5,0,0:0.01/11:0.99,5,0,0,4,0,0,6,0,-1,-1,-1,-1,-1,-1
TCATCATGTAACATGA-1,0,5,0,0,34,0,-1,-1,-1,2,4,0,2,5,0,11,5,0,0,4,0,0,6,0,-1,-1,-1,-1,-1,-1
TCACAAGGTAGGTAGC-1,0,5,0,0,33,0,-1,-1,-1,2,4,0,2,5,0,11,5,0,0,4,0,0,6,0,-1,-1,-1,-1,-1,-1
I18,0,5,0,0,0,0,-1,-1,-1,2,4,0,2,5,0,0,5,0,0,4,0,0,6,0,-1,-1,-1,-1,-1,-1
ATGCATGTCCACTTTA-1,0,5,0,14,19,0,-1,-1,-1,2,4,0,2,5,0,0,5,0,0,4,0,0,6,0,-1,-1,-1,-1,-1,-1
CCATAAGTCATGACAC-1,0,5,0,0,6,0,-1,-1,-1,2,4,0,2,5,0,0,5,0,0,4,0,0,6,0,-1,-1,-1,-1,-1,-1
I19,0,5,0,0:0.68/9:0.32,0:0.68/13:0.32,0,-1,-1,-1,2,4,0,2,5,0,0:0.03/3:0.97,5,0,0,4,0,0,6,0,-1,-1,-1,-1,-1,-1
I20,0,5,0,9,13,0,-1,-1,-1,2,4,0,2,5,0,3,5,0,0,4,0,0,6,0,-1,-1,-1,-1,-1,-1
TCGCTCACAAGCGCAA-1,0,5,0,9,13,0,-1,-1,-1,2,4,0,2,5,0,3,5,0,0,4,0,0,6,0,-1,-1,-1,-1,-1,-1
ATAGAGACAGACGCTC-1,0,5,0,9,13,0,-1,-1,-1,2,4,0,2,5,0,3,5,0,0,4,0,0,6,0,-1,-1,-1,-1,-1,-1
TGGAGGAGTAGATTGA-1,28,5,0,-1,-1,-1,-1,-1,-1,2,4,0,2,5,0,3,5,0,0,4,0,0,6,0,-1,-1,-1,-1,-1,-1
TGTTGAGTCCGAAGGA-1,0,5,0,31,31,8,-1,-1,-1,2,4,0,2,5,0,19,5,0,0,4,0,0,6,0,-1,-1,-1,-1,-1,-1
I21,0,0,0,0,0,0,-1,-1,-1,2,4,0,2,5,0,0,5,0,0,4,0,0,6,0,-1,-1,-1,-1,-1,-1
I22,0,0,0,0,0,0,-1,-1,-1,2,4,0,2,5,0,0,5,0,0,4,0,0,6,0,-1,-1,-1,-1,-1,-1
I23,0,0,0,0,0,0,-1,-1,-1,2,4,0,2,5,0,0,5,0,0,4,0,0,6,0,-1,-1,-1,-1,-1,-1
I24,0,0,0,0,0,0,-1,-1,-1,2,4,0,2,5,0,0,5,0,0,4,0,0,6,0,-1,-1,-1,-1,-1,-1
I25,0,0,0,0,0,0,-1,-1,-1,2,4,0,2,5,0,0:0.02/3:0.98,5,0,0,4,0,0,6,0,-1,-1,-1,-1,-1,-1
I26,0,0,0,0,0,0,-1,-1,-1,2,4,0,2,5,0,3,5,0,0,4,0,0,6,0,-1,-1,-1,-1,-1,-1
I27,0,0:0.01/1:0.99,0,0,0,0,-1,-1,-1,2,4,0,2,5,0,3,5,0,0,4,0,0,6,0,-1,-1,-1,-1,-1,-1
CCTCTCCAGTGTTCCA-1,0,1,0,0,0,0,-1,-1,-1,2,4,0,2,5,0,3,5,0,7,4,0,0,6,0,-1,-1,-1,-1,-1,-1
GTTGCGGCAGATCACT-1,15,1,0,0,0,0,-1,-1,-1,2,4,0,2,5,0,3,5,0,0,4,0,0,6,0,-1,-1,-1,-1,-1,-1
TTCACGCGTACTGCGC-1,0,0,0,0,0,0,-1,-1,-1,2,4,0,2,5,0,3,5,0,0,4,0,0,6,0,-1,-1,-1,-1,-1,-1
TGTAACGGTAGTATAG-1,0,41,7,-1,-1,-1,-1,-1,-1,2,4,0,2,5,0,3,5,0,7,4,0,0,6,0,-1,-1,-1,-1,-1,-1
I28,0,0,0,0,0,0,-1,-1,-1,2,4,0,2,5,0,0,5,0,0,4,0,0,6,0,-1,-1,-1,-1,-1,-1
GGGTCTGGTTGGGATG-1,22,34,0,0,0,0,-1,-1,-1,2,4,0,2,5,0,25,5,0,0,4,0,0,6,0,-1,-1,-1,-1,-1,-1
I29,0,0,0,0,0,0,-1,-1,-1,2,4,0,2,5,0,0,5,0,0,4,0,0,6,0,-1,-1,-1,-1,-1,-1
CCTAAGATCCAGGACC-1,0,24,0,0,0,0,-1,-1,-1,2,4,0,2,5,0,19,5,0,0,4,0,0,6,0,-1,-1,-1,-1,-1,-1
I30,0,0,0,0,0:0.85/2:0.15,0,-1,-1,-1,2,4,0,2,5,0,0,5,0,0,4,0,0,6,0,-1,-1,-1,-1,-1,-1
I31,0,0,0,0,0:0.01/2:0.99,0,-1,-1,-1,2,4,0,2,5,0,0,5,0,0,4,0,0,6,0,-1,-1,-1,-1,-1,-1
AACGGGATCTTGCAGA-1,0,6,0,0,2,0,-1,-1,-1,2,4,0,2,5,0,0,5,0,0,4,0,0,6,0,-1,-1,-1,-1,-1,-1
TGACCCTGTTTCGTTT-1,0,28,0,27,2,0,-1,-1,-1,2,4,0,2,5,0,0,5,0,0,4,0,0,6,0,-1,-1,-1,-1,-1,-1
ATGCGATCACCTGCGA-1,0,0,0,-1,-1,-1,-1,-1,-1,2,4,0,2,5,0,0,5,0,0,4,0,0,6,0,-1,-1,-1,-1,-1,-1
TTCTAGTCACACTTAG-1,31,19,0,0,0,0,-1,-1,-1,2,4,0,2,5,0,11,5,0,-1,-1,-1,0,6,0,-1,-1,-1,-1,-1,-1
CTCATCGTCCCGAAAT-1,0,7,0,20,26,0,-1,-1,-1,2,4,0,2,5,0,0,5,0,0,4,0,0,6,0,-1,-1,-1,-1,-1,-1
I32,0,0,0,0:0.02/-1:0.98,0:0.02/-1:0.98,0:0.02/-1:0.98,-1,-1,-1,2,4,0,2,5,0,0,5,0,0,4,0,0,6,0,-1,-1,-1,-1,-1,-1
I33,0,0,0,-1,-1,-1,-1,-1,-1,2,4,0,2,5,0,0:0.01/11:0.99,5,0,0,4,0,0,6,0,-1,-1,-1,-1,-1,-1
ACGGGTCTCGGCCCAA-1,0,14,0,-1,-1,-1,-1,-1,-1,2,4,0,2,5,0,11,5,0,0,4,0,0,6,0,-1,-1,-1,-1,-1,-1
CTGTAGATCTCTTGCG-1,0,7,0,-1,-1,-1,-1,-1,-1,2,4,0,2,5,0,11,5,0,0,4,0,0,6,0,-1,-1,-1,-1,-1,-1
GGTTAACGTGGCAACA-1,-1,-1,-1,-1,-1,-1,-1,-1,-1,2,4,0,2,5,0,0,5,0,0,4,0,0,6,0,-1,-1,-1,-1,-1,-1
I34,0,0,0,0,0,0,-1,-1,-1,2,4,0,2,5,0,0,5,0,0,4,0,0,6,0,0,0,0,-1,-1,-1
GCAACCGAGGTACATA-1,0,7,0,0,0,0,-1,-1,-1,2,4,0,2,5,0,0,5,0,0,4,0,0,6,0,0,0,0,-1,-1,-1
TTACCGCGTAGCTCGC-1,0,42,0,0,0,0,-1,-1,-1,2,4,0,2,5,0,0,5,0,0,4,0,0,6,0,8,11,0,-1,-1,-1
AGCTCAAAGGGTTAGC-1,0,5,0,3,11,0,-1,-1,-1,2,4,0,2,5,0,15,16,0,0,4,0,0,6,0,0,1,0,-1,-1,-1
I35,0,0,0,0,0,0,-1,-1,-1,2,4,0,2,5,0,0,0,0,0:0.02/11:0.98,4,0,0,6,0,0:0.09/-1:0.9/1:0.001/2:0.008/5:0.001/6:0.009/7:0.007/8:0.008/11:0.006/12:0.009/13:0.006,0:0.09/-1:0.9/1:0.006/2:0.002/3:0.001/4:0.009/7:0.004/8:0.001/9:0.005/10:0.004/11:0.003/13:0.008/14:0.004/16:0.001/18:0.009/19:0.006/20:0.001/21:0.003/23:0.001/25:0.008/27:0.009/28:0.003,0:0.09/-1:0.9/1:0.001,-1,-1,-1
GCTTTCGGTCCTTAAG-1,21,32,0,2,9,0,-1,-1,-1,2,4,0,2,5,0,0,24,0,11,4,0,0,6,0,-1,-1,-1,-1,-1,-1
TCCGGGATCCGAAATC-1,0,5,0,10,16,0,-1,-1,-1,2,4,0,2,5,0,0,17,0,11,4,0,0,6,0,-1,-1,-1,-1,-1,-1
I36,0,3,0,0,0,0,0,0,0,0,2,0,0,0,0,0,20,0,0,0,0,0:0.02/-1:0.97/1:0.008/3:0.009/4:0.008/5:0.002/6:0.009/9:0.006/10:0.006/12:0.001/15:0.001/18:0.008/19:0.002/20:0.003/21:0.007/25:0.001/27:0.001/28:0.005/29:0.001,0:0.02/-1:0.97/6:0.01,0:0.02/-1:0.97/3:0.001/5:0.001,0,0:0.4/21:0.6,0,-1,-1,-1
I37,0,3,0,0,0,0,0,0,0,0,2,0,0,0,0,0,20,0,0,0,0,-1,-1,-1,0:0.02/-1:0.98,0:0.01/-1:0.98/21:0.01,0:0.02/-1:0.98,-1,-1,-1
I38,0,3,0,0,0,0,0,0:0.84/2:0.16,0,0,2,0,0,0,0,0,20,0,0,0:0.02/2:0.98,0,-1,-1,-1,-1,-1,-1,-1,-1,-1
I39,0,3,0,0,0,0,-1,-1,-1,0,2,0,0,0,0,0,20,0,0,2,0,-1,-1,-1,-1,-1,-1,-1,-1,-1
I40,0,3,0,0,0,0,-1,-1,-1,0,2,0,0,0,0,0,20,0,0,2,0,-1,-1,-1,-1,-1,-1,-1,-1,-1
TGCAGTATCCGCGATG-1,0,3,0,0,2,0,-1,-1,-1,0,2,0,0,0,0,0,20,0,-1,-1,-1,-1,-1,-1,-1,-1,-1,-1,-1,-1
CCTACGTTCACTCGAA-1,0,3,0,18,24,0,-1,-1,-1,0,2,0,0,0,0,0,20,0,0,2,0,-1,-1,-1,-1,-1,-1,-1,-1,-1
TAACGACTCTCGGCTT-1,0,3,0,31,31,8,-1,-1,-1,0,2,0,0,0,0,0,20,0,0,2,0,-1,-1,-1,-1,-1,-1,-1,-1,-1
CCTACGTCATCAGTGT-1,0,3,0,0,0,0,0,2,0,0,2,0,0,0,0,0,20,0,0,2,0,-1,-1,-1,-1,-1,-1,-1,-1,-1
ATCACAGGTTACCGTA-1,0,3,0,0,0,0,0,1,0,0,2,0,0,0,0,0,20,0,0,12,0,-1,-1,-1,-1,-1,-1,-1,-1,-1
TATGTTCGTTATCTTC-1,0,3,0,0,0,0,0,0,0,0,2,0,0,0,0,0,20,0,-1,-1,-1,-1,-1,-1,0,21,0,-1,-1,-1
I41,0,0,0,0:0.01/2:0.99,0:0.01/9:0.99,0,0,0,0,0,0:0.01/16:0.99,0,0:0.01/8:0.99,11,0,14,0:0.01/11:0.99,0,0:0.02/-1:0.97/1:0.003/2:0.005/3:0.009/4:0.007/6:0.003/7:0.009/9:0.008/10:0.008/11:0.003/12:0.002/13:0.001/14:0.001,0:0.02/-1:0.97/1:0.001/2:0.005/3:0.003/4:0.008/5:0.009/7:0.009/8:0.003/9:0.001/10:0.001/12:0.001/13:0.003/15:0.005/16:0.008/17:0.006/18:0.003/19:0.002/20:0.001/21:0.009/22:0.001/23:0.001/24:0.001/25:0.005,0:0.02/-1:0.97/2:0.001,0:0.01/6:0.99,0:0.01/13:0.99,0,0:0.42/5:0.58,0:0.42/8:0.58,0,-1,-1,-1
I42,0,0,0,2,9,0,0:0.63/17:0.37,0:0.63/18:0.37,0,0,16,0,8,11,0,14,11,0,-1,-1,-1,6,13,0,0:0.03/-1:0.92/5:0.05,0:0.03/-1:0.92/8:0.05,0:0.07/-1:0.92/1:0.001,-1,-1,-1
I43,0,0,0,2,9,0,-1:0.99/17:0.01,-1:0.99/18:0.01,-1:0.99/2:0.001/3:0.001/5:0.006,2,16,0,8,11,0,14,11,0,-1,-1,-1,6,13,0,-1,-1,-1,-1,-1,-1
ATCACGATCATGGATC-1,0,0,0,2,9,0,-1,-1,-1,2,16,0,8,11,0,14,11,0,-1,-1,-1,6,13,0,-1,-1,-1,-1,-1,-1
AGCCACGGTCATCCCT-1,9,17,0,2,9,0,-1,-1,-1,2,16,0,8,11,0,14,11,0,-1,-1,-1,6,13,0,-1,-1,-1,-1,-1,-1
CATACAGCATAGCTGT-1,11,2,0,2,9,0,17,18,0,0,16,0,8,11,0,14,11,0,-1,-1,-1,6,13,0,-1,-1,-1,-1,-1,-1
AGCATCATCCGTCAAA-1,8,16,2,2,9,0,0,2,0,0,16,0,8,11,0,14,11,0,-1,-1,-1,6,13,0,5,8,0,-1,-1,-1
I44,0,5,0,0,0:0.01/1:0.99,0,0,0,0,0,0,0,0,0,0,0,0,0,0,0,0,0,5,0,0,2,0,0:0.61/1:0.39,0:0.61/2:0.39,0
I45,0,5,0,0,1,0,0,0,0,0,0,0,0,4,0,0,0,0,0,0,0,0,5,0,0,2,0,0:0.02/-1:0.96/1:0.02,0:0.02/-1:0.96/2:0.02,0:0.03/-1:0.96/1:0.01
I46,0,5,0,0,1,0,0,0,0,0:0.64/20:0.36,0:0.64/27:0.36,0,0,4,0,0,0,0,0,0,0,0,5,0,0:0.12/-1:0.87/1:0.001/2:0.008/5:0.001/6:0.009/7:0.007/8:0.008/11:0.006/12:0.009/13:0.006,-1:0.87/2:0.13,0:0.12/-1:0.87/1:0.001,-1,-1,-1
CGATGGCGTTTGCAGT-1,0,5,0,0,1,0,0,24,0,20,27,0,0,4,0,21,26,0,0,5,0,0,5,0,-1,-1,-1,-1,-1,-1
CAACCAAAGGTCCTGC-1,0,5,0,0,1,0,0,0,0,-1,-1,-1,8,4,0,0,0,0,7,7,0,0,5,0,-1,-1,-1,-1,-1,-1
I47,0,5,0,0,1,0,0,0,0,0,0,0,0,4,0,0,0,0,0:0.02/-1:0.98,0:0.02/-1:0.98,0:0.02/-1:0.98,0,5,0,0,2,0,-1,-1,-1
CACCGTTGTACAACGG-1,0,5,0,0,1,0,0,0,0,0,0,0,0,4,0,3,3,0,-1,-1,-1,0,5,0,0,2,1,-1,-1,-1
I48,0,5,0,0,1,0,0,0,0,0,4,0,0,4,0,0,0,0,-1,-1,-1,0,5,0,0,2,0,-1,-1,-1
I49,0,5,0,0,1,0,0,0,0,0,4,0,0,4,0,0,0,0,-1,-1,-1,3,5,0,0,2,0,-1,-1,-1
I50,0,5,0,0,1,0,0,0,0,0,4,0,0,4,0,0,0,0,-1,-1,-1,3,5,0,0,2,0,-1,-1,-1
I51,0,5,0,0,1,0,0,0,0,0,4,0,0,4,0,0,0,0,-1,-1,-1,3,5,0,0,2,0,-1,-1,-1
AACCTTTAGTTGTAAG-1,0,5,0,0,1,0,3,4,0,0,4,0,0,4,0,4,4,0,-1,-1,-1,3,5,0,0,2,0,-1,-1,-1
AGGACGAAGGTCACCC-1,0,5,0,11,1,0,0,0,0,0,4,0,9,4,0,0,17,0,-1,-1,-1,3,5,0,0,2,0,-1,-1,-1
CGCAGGTCATACATCG-1,0,5,0,0,1,0,0,2,0,0,4,0,0,4,0,22,27,2,-1,-1,-1,3,5,0,0,2,0,-1,-1,-1
TTACGCCAGATTGCGG-1,0,5,0,0,1,0,0,0,0,0,4,0,0,4,7,0,13,0,-1,-1,-1,3,5,0,-1,-1,-1,-1,-1,-1
I52,0,5,0,0,1,0,0,0,0,0,4,0,0,4,0,0,0,0,-1,-1,-1,0,5,2,0,2,0,-1,-1,-1
I53,0,5,0,0,1,0,0,0,0,0,4,0,0,4,0,0,0,0,-1,-1,-1,0,5,2,0,2,0,-1,-1,-1
GGGTAGAGTCAAAGCG-1,0,5,0,0,1,0,-1,-1,-1,9,4,0,0,4,0,-1,-1,-1,-1,-1,-1,18,5,2,0,2,0,-1,-1,-1
I54,0,5,0,0,1,0,0,0,0,0:0.04/2:0.96,4,0,0,4,0,0,0,0,-1,-1,-1,0,5,2,0,2,0,-1,-1,-1
GACTTCCCACACACGC-1,0,5,0,0,1,0,10,27,0,2,4,0,0,4,0,0,17,0,-1,-1,-1,0,5,2,0,2,0,-1,-1,-1
TGCTCGTTCCATACAG-1,0,5,0,13,1,0,0,35,0,2,4,0,0,4,0,0,24,0,-1,-1,-1,0,5,2,0,2,0,-1,-1,-1
I55,0,5,0,15,1,0,0,0,0,0,4,0,0,4,0,0,0,0,-1,-1,-1,0,5,2,0,2,0,-1,-1,-1
I56,0,5,0,15,1,0,0,0,0,0,4,0,0,4,0,0,0,0,-1,-1,-1,0,5,2,0,2,0,-1,-1,-1
CATCCGTGTCAAGCGA-1,0,5,0,15,1,0,0,19,3,0,4,0,0,4,0,0,22,0,-1,-1,-1,0,5,2,0,2,0,-1,-1,-1
ATGGAGGAGGTAGACC-1,0,5,0,15,1,0,14,8,0,0,4,0,0,4,0,0,17,0,-1,-1,-1,0,5,2,0,2,0,-1,-1,-1
GTCAGCGGTTGGGATG-1,0,5,0,15,1,0,2,3,0,0,4,0,0,4,0,26,31,0,-1,-1,-1,0,5,2,0,2,0,-1,-1,-1
I57,0,5,0,0,1,0,0,0,0,0,4,0,0,0,0,0,0,0,0,0:0.51/4:0.49,0,0:0.03/3:0.97,5,0,0,2,0,0:0.31/1:0.69,0:0.31/2:0.69,0
AGTACCAGTGAGATCG-1,0,5,0,0,1,0,0,0,0,0,4,0,0,0,0,0,13,0,0,4,0,3,5,0,0,2,0,-1,-1,-1
CTCCGATGTCTACGTA-1,0,5,0,0,1,0,0,0,0,2,4,0,0,4,0,0,0,0,-1,-1,-1,3,5,0,0,2,0,1,2,0
(((CATTGCCGTCAGACGA-1:1.403,CCTGTTGCATAATGAG-1:5.024)I48:14.598,(((AGGTCTACATCCTTCG-1:10.037,((GTCTGTCAGTGATTCC-1:7.61,TTCTGTATCCGATGTA-1:6.61)I47:3.468,(GGTAACTAGACTGGGT-1:14.023,CTTACCGCAAGCCATT-1:5.285)I46:3.416)I45:3.332)I44:3.02,((((CGCATGGCATGCCGCA-1:6.167,ACATTTCGTGTGAGCA-1:5.167)I43:0.846,(AGGAATATCGAGCACC-1:7.012,CCTGCATAGATGGGCT-1:3.012)I42:0.001)I41:3.094,TCAGTGAGTTGAGGAC-1:5.637)I40:9.956,ACTTTCACATACGCAT-1:16.806)I39:1.47)I38:0.001,(((AGATGCTCAGCGGATA-1:0,CCACGTTGTTGTTGTG-1:1)I37:6,(GTGCAGCTCAGGACGA-1:8,(TCCAGAACATTAGGAA-1:10,((((ACATCCCTCGACGACC-1:4.011,ACGCACGAGTACAGAT-1:1.011)I36:5.012,((GACTTCCAGATCCGAG-1:1.069,(CTGTATTAGGTAGTCG-1:3.039,GACCTTCGTTCGTTCC-1:2.039)I35:2.03)I34:2.978,TGATCAGCATGTGGCC-1:3.259)I33:3.764)I32:3.977,(GCGGAAACAAAGAACT-1:12.371,AGAGCAGTCTTTGATC-1:9.371)I31:2.708)I30:0,(((CTAACTTAGGTGCGAT-1:7.005,((ATTCCATCAACGACAG-1:4.972,(CAGGTATAGGGCCAAT-1:2.134,CTCAATTGTGTGTGGA-1:3.134)I29:3.117)I28:3.105,CCTACGTTCCGTCCTA-1:5.066)I27:1.939)I26:1.013,ATACCGAGTTTACCTT-1:5.018)I25:2.983,((TTGCATTCATAGACTC-1:10.134,((TTGTTTGGTCAAAGTA-1:3,((CGCATAAGTGGAACCA-1:2,TGATGCATCCTAGCGG-1:3)I24:0,CCGAACGCAGACGATG-1:2)I23:0)I22:1.002,((TAAGTCGAGTCCGCCA-1:1.074,AGGATCTGTTTACGAC-1:3.074)I21:2.935,TGTTCCGAGTGGCGAT-1:4.002)I20:0)I19:3.132)I18:0.866,(AGCGTATAGGTCTGGA-1:2,(ATTCCATAGGGAACAA-1:0,(GTGCTGGTCGTGCTCT-1:0,TAGCACAGTAAGGCTG-1:0)I17:0)I16:0)I15:0)I14:0.001)I13:0.999)I12:0)I11:1)I10:0)I9:0,((ATGTCTTAGTTGCGCC-1:10.034,(AGAGAGCGTATGGAGC-1:11.845,TCTGGCTCAGAGCTAG-1:7.845)I8:1.859)I7:3.562,(ACATCCCTCGTGGTAT-1:12.109,(GAGGGATTCGGTAGAG-1:5.077,CCTCTAGAGCACTCCG-1:2.657)I6:12.468)I5:0.933)I4:0)I3:3)I2:0)I1:2.999)I0;
I0,0,0,0,0,0,0,0,0,0,0,0,0,0,0,0,0,0,0,0,0,0,0,0,0,0,0,0,0,0,0
I1,0,0,0,0,0,0,0,0,0,0,0,0,0,0,0,0,0,0,0,0,0,0,0,0,0,0,0,-1,-1,-1
I2,0,0,0,0,0,0,0,0,0,0,0,0,0,0,0,0,0,0,0,0,0,0,0,0,0,0,0,-1,-1,-1
I3,0,0,0,0,0,0,0,0,0,0,0,0,0,0,0,0,0,0,0,0,0,0,0,0,-1,-1,-1,-1,-1,-1
I4,0,0,0,0,0,0,0,0,0,0,0,0,0,0,0,0,0,0,0,0,0,0,0,0,-1,-1,-1,-1,-1,-1
I5,0,0,0,0,0,0,0,0,0,0,0,0,0,0,0,0,0,0,0:0.69/-1:0.3/1:0.003/2:0.005/3:0.009/4:0.007/6:0.003/7:0.009/9:0.008/10:0.008/11:0.003/12:0.002/13:0.001/14:0.001,0:0.69/-1:0.3/1:0.001/2:0.005/3:0.003/4:0.008/5:0.009/7:0.009/8:0.003/9:0.001/10:0.001/12:0.001/13:0.003/15:0.005/16:0.008/17:0.006/18:0.003/19:0.002/20:0.001/21:0.009/22:0.001/23:0.001/24:0.001/25:0.005,0:0.69/-1:0.3/2:0.001,0,0,0,-1,-1,-1,-1,-1,-1
I6,0,25,0,0:0.01/2:0.99,25,0,3,4,0,0,0:0.01/26:0.99,0,0,20,0:0.01/3:0.99,0:0.29/3:0.71,0:0.29/24:0.71,0,0:0.01/-1:0.98/1:0.003/2:0.005/3:0.009/4:0.007/6:0.003/7:0.009/9:0.008/10:0.008/11:0.003/12:0.002/13:0.001/14:0.001,0:0.01/-1:0.98/1:0.001/2:0.005/3:0.003/4:0.008/5:0.009/7:0.009/8:0.003/9:0.001/10:0.001/12:0.001/13:0.003/15:0.005/16:0.008/17:0.006/18:0.003/19:0.002/20:0.001/21:0.009/22:0.001/23:0.001/24:0.001/25:0.005,0:0.01/-1:0.98/2:0.001,13,0,0,-1,-1,-1,-1,-1,-1
CCTCTAGAGCACTCCG-1,5,25,0,2,25,0,3,4,0,13,26,0,0,20,3,3,24,0,-1,-1,-1,13,0,0,-1,-1,-1,-1,-1,-1
GAGGGATTCGGTAGAG-1,0,25,0,2,25,0,3,4,0,0,26,0,3,20,3,-1,-1,-1,-1,-1,-1,13,31,0,-1,-1,-1,-1,-1,-1
ACATCCCTCGTGGTAT-1,6,12,0,0,9,0,7,9,0,0,0,0,0,11,0,8,11,0,-1,-1,-1,4,3,0,-1,-1,-1,-1,-1,-1
I7,0,0,0,0,0:0.02/11:0.98,0,0:0.4/10:0.6,0,0,0,0,0,0,0,0,0:0.01/13:0.99,0:0.01/15:0.99,0,0,0,0,0,0,0,-1,-1,-1,-1,-1,-1
I8,0,0:0.02/15:0.98,0,0,11,0,0:0.09/10:0.91,0,0,0:0.87/11:0.13,0:0.87/14:0.13,0,0,0,0,13,15,0,0:0.87/13:0.13,0:0.87/20:0.13,0,0,0,0,-1,-1,-1,-1,-1,-1
TCTGGCTCAGAGCTAG-1,5,15,0,20,11,0,10,1,0,-1,-1,-1,0,0,0,13,15,0,13,20,0,0,0,0,-1,-1,-1,-1,-1,-1
AGAGAGCGTATGGAGC-1,2,15,1,7,11,0,10,2,0,11,14,0,3,14,0,13,15,0,-1,-1,-1,0,2,0,-1,-1,-1,-1,-1,-1
ATGTCTTAGTTGCGCC-1,0,1,0,0,11,0,-1,-1,-1,0,0,0,11,16,2,13,15,0,6,13,0,0,22,0,-1,-1,-1,-1,-1,-1
I9,0,0,0,0,0,0,0,0,0,0,0,0,0,0,0,0,0,0,0,0,0,0,0,0,-1,-1,-1,-1,-1,-1
I10,0,0,0,0,0,0,0,0,0,0,0,0,0,0,0,0,0,0,0,0,0,0,0,0,-1,-1,-1,-1,-1,-1
I11,0,0,0,0,0,0,0,2,0,0,0,0,0,0,0,0,0,0,0,0,0,0,0,0,-1,-1,-1,-1,-1,-1
I12,0,0,0,0,0,0,0,2,0,0,0,0,0,0,0,0,0,0,0,0,0,0,0,0,-1,-1,-1,-1,-1,-1
I13,0,0,0,0,0,0,0,2,0,0,0,0,0,7,0,0,0,0,0,0,0,0,0,0,-1,-1,-1,-1,-1,-1
I14,0,0,0,0,0,0,0,2,0,0,0,0,0,7,0,0,0,0,0,0,0,0,0,0,-1,-1,-1,-1,-1,-1
I15,0,0,0,0,0,0,0,2,0,0,0,0,0,7,0,0,0,0,0,0,0,0,0,0,-1,-1,-1,-1,-1,-1
I16,0,0,0,0,0,0,0,2,0,0,0,0,0,7,0,0,0,0,0,0,0,0,0,0,-1,-1,-1,-1,-1,-1
I17,0,0,0,0,0,0,0,2,0,0,0,0,0,7,0,0,0,0,0,0,0,0,0,0,-1,-1,-1,-1,-1,-1
TAGCACAGTAAGGCTG-1,0,0,0,0,0,0,0,2,0,0,0,0,0,7,0,0,0,0,0,0,0,0,0,0,-1,-1,-1,-1,-1,-1
GTGCTGGTCGTGCTCT-1,0,0,0,0,0,0,0,2,0,0,0,0,0,7,0,0,0,0,0,0,0,0,0,0,-1,-1,-1,-1,-1,-1
ATTCCATAGGGAACAA-1,0,0,0,0,0,0,0,2,0,0,0,0,0,7,0,0,0,0,0,0,0,0,0,0,-1,-1,-1,-1,-1,-1
AGCGTATAGGTCTGGA-1,0,0,0,0,0,0,0,2,0,0,17,0,0,7,0,0,3,0,0,0,0,0,0,0,-1,-1,-1,-1,-1,-1
I18,0,0,0,0,0:0.13/11:0.87,0,0,2,0,0,0,0,0,7,0,0,0,0,0,0,0,0,0,0,-1,-1,-1,-1,-1,-1
I19,0,0,0,0,11,0,0,2,0,0,0,0,0,7,0,0,0,0,0,0,0,-1,-1,-1,-1,-1,-1,-1,-1,-1
I20,0,0,0,0,11,0,0,2,0,0,0,0,0,7,0,0,0,0,0,0,0,-1,-1,-1,-1,-1,-1,-1,-1,-1
TGTTCCGAGTGGCGAT-1,0,0,0,0,11,0,0,2,0,20,36,0,0,7,0,0,7,0,0,22,0,-1,-1,-1,-1,-1,-1,-1,-1,-1
I21,0,0,0,0,11,0,0,2,0,0,0,0,0,7,0,0,0,0,0:0.02/-1:0.98,0:0.02/-1:0.98,0:0.02/-1:0.98,-1,-1,-1,-1,-1,-1,-1,-1,-1
AGGATCTGTTTACGAC-1,0,0,0,0,11,0,0,2,0,-1,-1,-1,0,7,0,0,0,0,-1,-1,-1,-1,-1,-1,-1,-1,-1,-1,-1,-1
TAAGTCGAGTCCGCCA-1,0,0,0,0,11,0,0,2,0,0,0,0,0,7,0,0,6,0,-1,-1,-1,-1,-1,-1,-1,-1,-1,-1,-1,-1
I22,0,0,0,0,11,0,0,2,0,0,0,0,0,7,0,0,0,0,0,15,0,-1,-1,-1,-1,-1,-1,-1,-1,-1
I23,0,0,0,0,11,0,0,2,0,0,0,0,0,7,0,0,0,0,0,15,0,-1,-1,-1,-1,-1,-1,-1,-1,-1
CCGAACGCAGACGATG-1,0,0,0,0,11,0,0,2,0,1,25,0,0,7,0,0,0,0,0,15,0,-1,-1,-1,-1,-1,-1,-1,-1,-1
I24,0,0,0,0,11,0,0,2,0,0,0,0,0,7,0,0,0,0,0,15,0,-1,-1,-1,-1,-1,-1,-1,-1,-1
TGATGCATCCTAGCGG-1,0,0,0,0,11,0,0,2,0,13,16,0,0,7,0,0,7,0,0,15,0,-1,-1,-1,-1,-1,-1,-1,-1,-1
CGCATAAGTGGAACCA-1,0,0,0,0,11,0,0,2,0,21,28,0,0,7,0,0,0,0,0,15,0,-1,-1,-1,-1,-1,-1,-1,-1,-1
TTGTTTGGTCAAAGTA-1,0,0,0,0,11,0,0,2,0,-1,-1,-1,0,7,0,0,0,0,0,15,0,-1,-1,-1,-1,-1,-1,-1,-1,-1
TTGCATTCATAGACTC-1,0,0,0,7,11,0,26,2,0,13,30,0,25,7,0,13,15,0,-1,-1,-1,0,0,0,-1,-1,-1,-1,-1,-1
I25,0,0,0,0,0,0,0,2,0,0,0,0,0,7,0,0,0:0.01/6:0.99,0,0,11,0,0,0:0.01/2:0.99,0,-1,-1,-1,-1,-1,-1
ATACCGAGTTTACCTT-1,0,22,0,0,0,0,7,2,0,14,21,0,10,7,0,0,6,0,0,11,0,0,2,0,-1,-1,-1,-1,-1,-1
I26,0,0,0,0,0,0,0,2,0,0,23,0,0,7,0,0,6,0,0,11,0,0,2,0,-1,-1,-1,-1,-1,-1
I27,0,0:0.02/22:0.98,0,0,0,0,0,2,0,0,23,0,0,7,0,0:0.05/2:0.95,6,0,0,11,0,0,2,0,-1,-1,-1,-1,-1,-1
CCTACGTTCCGTCCTA-1,0,22,0,0,1,0,16,2,0,1,23,0,8,7,0,2,6,0,0,11,0,1,2,0,-1,-1,-1,-1,-1,-1
I28,0,22,0,0,0:0.73/20:0.27,0,0,2,0,0,23,0,0,7,0,2,6,0,0:0.07/-1:0.92/1:0.003/2:0.005/3:0.009/4:0.007/6:0.003/7:0.009/9:0.008/10:0.008/11:0.003/12:0.002/13:0.001/14:0.001,-1:0.92/11:0.08,0:0.07/-1:0.92/2:0.001,0,2,0,-1,-1,-1,-1,-1,-1
I29,0,22,0,0:0.04/-1:0.96,0:0.03/-1:0.96/20:0.01,0:0.04/-1:0.96,0,2,0,0,23,0,0,7,0,2,6,0,-1,-1,-1,0,2,0,-1,-1,-1,-1,-1,-1
CTCAATTGTGTGTGGA-1,0,22,0,-1,-1,-1,0,2,0,15,23,0,16,7,0,2,6,0,-1,-1,-1,16,2,0,-1,-1,-1,-1,-1,-1
CAGGTATAGGGCCAAT-1,0,22,0,-1,-1,-1,16,2,0,18,23,0,0,7,0,2,6,0,-1,-1,-1,0,2,0,-1,-1,-1,-1,-1,-1
ATTCCATCAACGACAG-1,0,22,0,0,20,0,10,2,0,15,23,0,13,7,0,2,6,0,-1,-1,-1,3,2,0,-1,-1,-1,-1,-1,-1
CTAACTTAGGTGCGAT-1,1,4,0,0,0,0,4,2,0,19,23,0,0,7,0,11,6,0,4,11,0,15,2,0,-1,-1,-1,-1,-1,-1
I30,0,0,0,0,0,0,0,2,0,0,0,0,0,0,0,0,0,0,0,0,0,0,0,0,-1,-1,-1,-1,-1,-1
I31,0,0,0,0,0,0,0,2,0,0,0,0,0,0,0,0,0,0,0:0.38/-1:0.59/1:0.01/2:0.014/3:0.026/4:0.021/6:0.008/7:0.027/9:0.025/10:0.025/11:0.01/12:0.006/13:0.003/14:0.003/15:0.001,0:0.38/-1:0.59/1:0.003/2:0.014/3:0.008/4:0.025/5:0.027/7:0.027/8:0.01/9:0.002/10:0.004/12:0.002/13:0.008/14:0.001/15:0.015/16:0.023/17:0.018/18:0.009/19:0.006/20:0.003/21:0.028/22:0.002/23:0.004/24:0.003/25:0.016,0:0.38/-1:0.59/2:0.002,0,0:0.15/2:0.85,0,-1,-1,-1,-1,-1,-1
AGAGCAGTCTTTGATC-1,0,3,0,2,6,2,0,2,0,4,6,0,0,0,0,3,7,0,-1,-1,-1,0,2,0,-1,-1,-1,-1,-1,-1
GCGGAAACAAAGAACT-1,0,13,0,26,28,0,-1,-1,-1,0,30,0,0,25,0,11,29,0,-1,-1,-1,18,2,0,-1,-1,-1,-1,-1,-1
I32,0,0,0,0,0:0.01/8:0.99,0,0,2,0,6,10,0,0,0,0,0,10,0,0,0,0,0,0,0,-1,-1,-1,-1,-1,-1
I33,0,0,0,0,8,0,0:0.02/11:0.98,2,0,6,10,0,0,0:0.01/7:0.99,0,0,10,0,0,0:0.61/9:0.39,0:0.61/2:0.39,0,0:0.01/2:0.99,0,-1,-1,-1,-1,-1,-1
TGATCAGCATGTGGCC-1,0,0,0,4,8,0,11,2,0,6,10,0,3,7,0,0,10,0,0,9,2,0,2,0,-1,-1,-1,-1,-1,-1
I34,0,0,0,0,8,0,11,2,0,6,10,0,0,7,0,0,10,0,0:0.02/-1:0.98,0:0.01/-1:0.98/9:0.01,0:0.01/-1:0.98/2:0.01,0,2,0,-1,-1,-1,-1,-1,-1
I35,0,0,0,0,8,0,11,2,0,6,10,0,0,7,0,0:0.02/3:0.98,10,0,-1,-1,-1,0:0.02/3:0.98,2,0,-1,-1,-1,-1,-1,-1
GACCTTCGTTCGTTCC-1,0,3,0,22,8,0,11,2,0,6,10,0,0,7,0,3,10,0,-1,-1,-1,3,2,0,-1,-1,-1,-1,-1,-1
CTGTATTAGGTAGTCG-1,0,29,0,2,8,0,11,2,0,6,10,0,17,7,0,3,10,0,-1,-1,-1,3,2,0,-1,-1,-1,-1,-1,-1
GACTTCCAGATCCGAG-1,0,0,0,0,8,0,11,2,0,6,10,0,0,7,0,7,10,0,-1,-1,-1,0,2,0,-1,-1,-1,-1,-1,-1
I36,0,0,0,0,8,0,0,2,0,6,10,0,5,10,0:0.01/1:0.99,7,10,0,0,0,0,0,12,0,-1,-1,-1,-1,-1,-1
ACGCACGAGTACAGAT-1,0,0,0,5,8,0,0,2,0,6,10,0,5,10,1,7,10,0,0,0,0,0,12,0,-1,-1,-1,-1,-1,-1
ACATCCCTCGACGACC-1,0,11,0,0,8,0,0,2,0,6,10,0,5,10,1,7,10,0,-1,-1,-1,0,12,0,-1,-1,-1,-1,-1,-1
TCCAGAACATTAGGAA-1,0,21,0,0,35,9,22,2,0,0,26,0,0,29,0,0,33,0,0,18,0,10,14,0,-1,-1,-1,-1,-1,-1
GTGCAGCTCAGGACGA-1,0,7,0,20,1,0,0,10,0,8,12,0,0,2,0,0,13,0,0,0,0,0,0,0,-1,-1,-1,-1,-1,-1
I37,0,0,0,0,14,3,0,5,0,0,15,0,0,0,0,0,0,0,0,0,0,0,18,1,-1,-1,-1,-1,-1,-1
CCACGTTGTTGTTGTG-1,0,0,0,0,14,3,0,5,0,0,15,0,0,0,0,0,7,0,0,0,0,0,18,1,-1,-1,-1,-1,-1,-1
AGATGCTCAGCGGATA-1,0,0,0,0,14,3,0,5,0,0,15,0,0,0,0,0,0,0,0,0,0,0,18,1,-1,-1,-1,-1,-1,-1
I38,0,0,0,0,0,0,0,0,0,0,0,0,0,0,0,0,0,0,0,0,0,0,0,0,0,0,0,-1,-1,-1
I39,0,0,0,0,0,0,0:0.89/8:0.11,0:0.89/9:0.11,0,0,0,0,0,0,0,0,0,0,0:0.59/-1:0.4/6:0.01,0:0.59/-1:0.4/13:0.01,0:0.59/-1:0.4/2:0.001,0,0,0,0,0,0,-1,-1,-1
ACTTTCACATACGCAT-1,5,0,0,6,10,0,-1,-1,-1,10,13,0,7,12,0,12,14,0,-1,-1,-1,0,15,0,3,6,0,-1,-1,-1
I40,0,0,0,0:0.01/4:0.99,0:0.01/9:0.99,0,0:0.01/8:0.99,9,0,0,0,0,6,11,0,0,0,0,0:0.02/-1:0.98,0:0.02/-1:0.98,0:0.02/-1:0.98,0:0.01/3:0.99,0:0.01/13:0.99,0,0,0:0.53/26:0.47,0,-1,-1,-1
TCAGTGAGTTGAGGAC-1,0,1,0,4,9,6,8,9,0,0,16,0,6,11,0,3,11,0,-1,-1,-1,3,13,0,0,26,0,-1,-1,-1
I41,0,0,0,4,9,0,8,9,0,0,0,0,6,11,0,0,0,0,-1,-1,-1,3,13,0,-1,-1,-1,-1,-1,-1
I42,0,0,0,4,9,0,8,9,0,0,0,0,6,11,0,0,0,0,-1,-1,-1,3,13,0,-1,-1,-1,-1,-1,-1
CCTGCATAGATGGGCT-1,0,0,0,4,9,0,8,9,0,0,0,0,6,11,0,20,25,1,-1,-1,-1,3,13,0,-1,-1,-1,-1,-1,-1
AGGAATATCGAGCACC-1,-1,-1,-1,4,9,0,8,9,0,0,19,0,6,11,0,-1,-1,-1,-1,-1,-1,3,13,0,-1,-1,-1,-1,-1,-1
I43,0:0.16/2:0.84,0,0,4,9,0,8,9,0,0,0,0,6,11,0,0,0,0,-1,-1,-1,3,13,0,-1,-1,-1,-1,-1,-1
ACATTTCGTGTGAGCA-1,2,13,0,4,9,0,8,9,0,7,11,0,6,11,0,9,12,0,-1,-1,-1,3,13,0,-1,-1,-1,-1,-1,-1
CGCATGGCATGCCGCA-1,2,26,0,4,9,6,8,9,0,22,16,0,6,11,0,3,11,0,-1,-1,-1,3,13,0,-1,-1,-1,-1,-1,-1
I44,0,0,0,0,0,0,0,2,0,0,0,0,0,0:0.03/7:0.97,0,0,0,0,0:0.47/6:0.53,0:0.47/13:0.53,0,0,0,0,0,0,0,-1,-1,-1
I45,0,0,0,0,0,0,0,2,0,0,0,0,0,7,0,13,15,0,6,13,0,0,0,0,0:0.82/2:0.18,0:0.82/5:0.18,0,-1,-1,-1
I46,0,0,0,0,0,0,0:0.28/-1:0.69/1:0.001/2:0.005/4:0.026/5:0.005/7:0.025/8:0.024/9:0.017/10:0.027/11:0.025/12:0.008/13:0.002/14:0.001/15:0.01/16:0.002/18:0.002/19:0.001/21:0.008/22:0.021/23:0.006/24:0.001/25:0.002,-1:0.69/2:0.31,0:0.28/-1:0.69/2:0.002/3:0.002/5:0.017,0,0,0,0,7,0,13,15,0,6,13,0,0,0:0.1/15:0.9,0,0:0.63/2:0.37,0:0.63/5:0.37,0,-1,-1,-1
CTTACCGCAAGCCATT-1,20,30,0,0,11,0,-1,-1,-1,0,0,0,0,7,0,13,15,0,6,13,0,0,15,0,2,5,0,-1,-1,-1
GGTAACTAGACTGGGT-1,2,3,0,28,30,7,-1,-1,-1,28,33,5,3,7,4,13,15,0,6,13,0,0,15,0,-1,-1,-1,-1,-1,-1
I47,0,0,0,0,0:0.05/11:0.95,0,0,2,0,0,0,0,0,7,0,13,15,0,6,13,0,0,0,0,0:0.13/-1:0.81/2:0.06,0:0.13/-1:0.81/5:0.06,0:0.16/-1:0.81/1:0.002,-1,-1,-1
TTCTGTATCCGATGTA-1,27,15,0,3,11,0,22,2,0,0,39,0,9,7,0,13,15,0,6,13,0,0,0,0,-1,-1,-1,-1,-1,-1
GTCTGTCAGTGATTCC-1,23,36,5,29,11,0,8,2,0,0,0,0,16,7,5,13,15,0,6,13,0,0,0,0,-1,-1,-1,-1,-1,-1
AGGTCTACATCCTTCG-1,10,20,0,0,17,0,0,2,0,0,0,0,0,7,0,0,19,0,-1,-1,-1,7,14,0,0,10,0,-1,-1,-1
I48,0,1,0,2,2,0,15,21,0,0,22,0,0,19,0,18,17,0,8,14,0,11,3,0,0:0.19/4:0.81,0:0.19/7:0.81,0,-1,-1,-1
CCTGTTGCATAATGAG-1,5,1,0,2,2,0,15,21,0,0,22,0,15,19,0,18,17,0,8,14,0,11,3,0,-1,-1,-1,-1,-1,-1
CATTGCCGTCAGACGA-1,15,1,0,2,2,0,15,21,0,0,22,0,0,19,0,18,17,0,8,14,0,11,3,0,4,7,0,-1,-1,-1
((((AGGGTTTAGAAACTAC-1:4.594,ATTTACCAGGGTTAAT-1:3.007)I30:1.435,TCTCCGACACATGTTG-1:9.029)I29:2.982,(CCACCATAGGAAAGTG-1:14.011,((CGCCATTTCAGGACGA-1:12.948,(CCTAACCAGGATTCCT-1:5,((GAGTTACTCCGGACGT-1:5,(((GGCTGTGTCCTTATAC-1:0,TGTTACTTCCATCGTC-1:0)I28:0,((((((ACGGTTAGTAATCAGA-1:2,(GTCGTTCTCCTCTGCA-1:1.006,TCCTTCTAGTGACCTT-1:1.006)I27:0.994)I26:0,TCGAACAAGGCCCGTT-1:3)I25:0,TTCAATCGTTTGGGTT-1:2)I24:0,GCTGAATGTGGCCTCA-1:2)I23:0,AGCCACGCATCAGCTA-1:2)I22:0,CAACAGTCACGACAAG-1:2)I21:0)I20:3,(((CCTCTCCAGGTACAGC-1:3,AGGTCTATCCATTGGA-1:5)I19:1,(AGAACAAAGTCTGGAG-1:3.42,(AACCTGAAGTGTTCCA-1:1.003,TCCATGCCAAGGGCAT-1:0.003)I18:3.03)I17:1.58)I16:0,(AGGAATAAGTCATCCA-1:3.006,AACGTCAAGTTGCTGT-1:0.746)I15:3.254)I14:0)I13:1)I12:0,CATCGTCCAAAGGCGT-1:5)I11:0)I10:3.021)I9:2.196,(TACCGGGGTACAGTTC-1:8.118,(CTCATCGTCGACATAC-1:6.024,(TCCACGTGTATAGGGC-1:4.029,(((CTTGATTGTAGCTTTG-1:0,ACAAAGATCGTTCCTG-1:0)I8:0.014,TCCTCTTAGCGAACTG-1:3.014)I7:1.669,GAAGGGTAGCTGACCC-1:5.03)I6:1.346)I5:0.995)I4:2.095)I3:7.043)I2:1.868)I1:0)5:2.99)I0;
I0,0,0,0,0,0,0,0,0,0,0,0,0,0,0,0,0,0,0,0,0,0,0,0,0,0,0,0,0,0,0
5,0,0,0,0,0,0,0,0,0,0,0,0,0,0,0,0,0,0,0,0,0,0,0,0,0,0,0,-1,-1,-1
I1,0,0,0,0,0,0,0,0,0,0,0,0,0,0,0,0,0,0,0,0,0,0,0,0,0,0,0,-1,-1,-1
I2,0,3,0,0,0,0,0,0,0,0,0,0,0,0,0,0,0,0,0,0,0,0:0.14/3:0.86,0,0,0,0,0,-1,-1,-1
I3,0,3,0,0,0,0,0,0,0,5,9,0,0,0,0,0,0,0,0,0:0.01/7:0.99,0,3,11,0,0:0.03/-1:0.97,0:0.03/-1:0.97,0:0.03/-1:0.97,-1,-1,-1
I4,0,3,0,0,0:0.01/6:0.99,0,0,0,0,5,9,0,0,0:0.01/6:0.99,0,0,0,0,0,7,0,3,11,0,-1,-1,-1,-1,-1,-1
I5,0,3,0,0,6,0,0,0:0.03/8:0.97,0,5,9,0,0,6,0,0,0,0,0,7,0,3,11,0,-1,-1,-1,-1,-1,-1
I6,0:0.03/5:0.97,3,0,0:0.65/2:0.35,6,0,0,8,0,5,9,0,0,6,0,0,0,0,0,7,0,3,11,0,-1,-1,-1,-1,-1,-1
GAAGGGTAGCTGACCC-1,5,3,0,-1,-1,-1,0,8,0,5,9,0,0,6,0,11,5,0,0,7,0,3,11,0,-1,-1,-1,-1,-1,-1
I7,5,3,0,0:0.01/2:0.99,6,0,0:0.01/7:0.99,8,0,5,9,0,0,6,0,0,0,0,0,7,0,3,11,0,-1,-1,-1,-1,-1,-1
TCCTCTTAGCGAACTG-1,5,3,0,2,6,0,7,8,0,5,9,0,0,6,0,-1,-1,-1,0,7,0,3,11,0,-1,-1,-1,-1,-1,-1
I8,5,3,0,2,6,0,7,8,0,5,9,0,0,6,0,0,0,0,0,7,0,3,11,0,-1,-1,-1,-1,-1,-1
ACAAAGATCGTTCCTG-1,5,3,0,2,6,0,7,8,0,5,9,0,0,6,0,0,0,0,0,7,0,3,11,0,-1,-1,-1,-1,-1,-1
CTTGATTGTAGCTTTG-1,5,3,0,2,6,0,7,8,0,5,9,0,0,6,0,0,0,0,0,7,0,3,11,0,-1,-1,-1,-1,-1,-1
TCCACGTGTATAGGGC-1,10,3,0,0,6,0,22,8,0,5,9,0,0,6,0,0,17,0,10,7,0,3,11,0,-1,-1,-1,-1,-1,-1
CTCATCGTCGACATAC-1,19,3,0,0,6,0,20,25,4,5,9,0,7,6,0,0,6,0,0,7,0,3,11,0,-1,-1,-1,-1,-1,-1
TACCGGGGTACAGTTC-1,19,3,0,34,32,0,0,8,0,5,9,0,21,28,0,27,32,0,0,7,0,3,11,0,-1,-1,-1,-1,-1,-1
I9,0,3,0,0,0,0,0,0,0,0,0:0.01/2:0.99,0,0,0,0,0,0:0.02/2:0.98,0,0,0,0,0:0.12/3:0.88,0:0.81/13:0.19,0,0,0,0,-1,-1,-1
I10,0,3,0,0,0,0,0,0,0,0,2,0,0,0,0,0,2,0,0,0,0,-1,-1,-1,0,0,0,-1,-1,-1
I11,0,3,0,0,0,0,0,0,0,0,2,0,0,0,0,0,2,0,0,0,0,-1,-1,-1,0,0,0,-1,-1,-1
CATCGTCCAAAGGCGT-1,0,3,0,0,15,0,0,20,0,0,2,0,0,0,0,0,2,0,0,5,0,-1,-1,-1,8,14,0,-1,-1,-1
I12,0,3,0,0,0,0,0,0,0,0,2,0,0,0,0,0,2,0,0,0,0,-1,-1,-1,0,0,0,-1,-1,-1
I13,0,3,0,0,0,0,0,0,0,0,2,0,0,0,0,0,2,0,0,2,0,-1,-1,-1,0,0,0,-1,-1,-1
I14,0,3,0,0,0,0,0,0,0,0,2,0,0,0,0,0,2,0,0,2,0,-1,-1,-1,0,0,0,-1,-1,-1
I15,0,3,0,0,0,0,2,3,0,0,2,0,0,0,0,0,2,0,0,2,0,-1,-1,-1,0:0.37/1:0.63,0:0.37/3:0.63,0,-1,-1,-1
AACGTCAAGTTGCTGT-1,0,3,0,0,0,0,2,3,0,0,2,0,0,0,0,0,2,0,0,2,0,-1,-1,-1,1,3,0,-1,-1,-1
AGGAATAAGTCATCCA-1,0,3,0,0,0,0,2,3,0,0,2,0,0,0,0,0,2,0,0,2,0,-1,-1,-1,-1,-1,-1,-1,-1,-1
I16,0,3,0,0,0,0,0,0,0,0,2,0,0,0,0,0,2,0,0,2,0,-1,-1,-1,0,0,0,-1,-1,-1
I17,0,3,0,0,0,0,0,0,0,0,2,0,0,0,0,0:0.03/2:0.97,2,0,0,2,0,-1,-1,-1,0:0.69/4:0.31,0:0.69/7:0.31,0,-1,-1,-1
I18,0,3,0,0,0,0,0,0,0,0,2,0,0,0,0,2,2,0,0,2,0,-1,-1,-1,-1,-1,-1,-1,-1,-1
TCCATGCCAAGGGCAT-1,0,3,0,0,0,0,0,0,0,0,2,0,0,0,0,2,2,0,0,2,0,-1,-1,-1,-1,-1,-1,-1,-1,-1
AACCTGAAGTGTTCCA-1,0,3,0,0,0,0,0,2,0,0,2,0,0,0,0,2,2,0,0,2,0,-1,-1,-1,-1,-1,-1,-1,-1,-1
AGAACAAAGTCTGGAG-1,0,3,0,0,0,0,9,13,0,0,2,0,0,0,0,2,2,0,0,2,0,-1,-1,-1,4,7,0,-1,-1,-1
I19,0,3,0,0,15,0,0,0,0,0,2,0,0,0,0,0,2,0,0,2,0,-1,-1,-1,0,0,0,-1,-1,-1
AGGTCTATCCATTGGA-1,0,3,0,0,15,0,12,16,2,0,2,0,0,0,0,0,2,0,0,2,0,-1,-1,-1,6,11,0,-1,-1,-1
CCTCTCCAGGTACAGC-1,0,3,0,0,15,0,10,23,0,0,2,0,0,0,0,0,2,0,0,2,0,-1,-1,-1,0,16,0,-1,-1,-1
I20,0,3,0,0,0,0,0,0,0,0,2,0,0,0,0,0,2,0,0,2,0,-1,-1,-1,-1,-1,-1,-1,-1,-1
I21,0,3,0,0,0,0,0,0,0,0,2,0,0,0,0,0,2,0,0,2,0,-1,-1,-1,-1,-1,-1,-1,-1,-1
CAACAGTCACGACAAG-1,0,3,0,0,0,0,15,8,0,0,2,0,0,0,0,0,2,0,0,2,0,-1,-1,-1,-1,-1,-1,-1,-1,-1
I22,0,3,0,0,0,0,0,0,0,0,2,0,0,0,0,0,2,0,0,2,0,-1,-1,-1,-1,-1,-1,-1,-1,-1
AGCCACGCATCAGCTA-1,0,3,0,0,15,0,0,14,0,0,2,0,0,0,0,0,2,0,0,2,0,-1,-1,-1,-1,-1,-1,-1,-1,-1
I23,0,3,0,0,0,0,0,0,0,0,2,0,0,0,0,0,2,0,0,2,0,-1,-1,-1,-1,-1,-1,-1,-1,-1
GCTGAATGTGGCCTCA-1,0,3,0,0,0,0,9,28,0,0,2,0,0,0,0,0,2,0,0,2,0,-1,-1,-1,-1,-1,-1,-1,-1,-1
I24,0,3,0,0,0,0,0,0,0,0,2,0,0,0,0,0,2,0,0,2,0,-1,-1,-1,-1,-1,-1,-1,-1,-1
TTCAATCGTTTGGGTT-1,0,3,0,0,0,0,25,37,0,0,2,0,0,0,0,0,2,0,0,2,0,-1,-1,-1,-1,-1,-1,-1,-1,-1
I25,0,3,0,0,0,0,0,0,0,0,2,0,0,0,0,0,2,0,0,2,0,-1,-1,-1,-1,-1,-1,-1,-1,-1
TCGAACAAGGCCCGTT-1,0,3,0,0,0,0,0,0,0,0,2,0,0,0,0,0,2,0,-1,-1,-1,-1,-1,-1,-1,-1,-1,-1,-1,-1
I26,0,3,0,0,0,0,0,0,0,0,2,0,0,0,0,0,2,0,0,2,0,-1,-1,-1,-1,-1,-1,-1,-1,-1
I27,0,3,0,0,0,0,0:0.01/10:0.99,0,0,0,2,0,0,0,0,0,2,0,0,2,0,-1,-1,-1,-1,-1,-1,-1,-1,-1
TCCTTCTAGTGACCTT-1,0,3,0,0,0,0,10,1,0,0,2,0,0,0,0,0,2,0,0,2,0,-1,-1,-1,-1,-1,-1,-1,-1,-1
GTCGTTCTCCTCTGCA-1,0,3,0,0,0,0,10,29,0,0,2,0,0,0,0,0,2,0,0,2,0,-1,-1,-1,-1,-1,-1,-1,-1,-1
ACGGTTAGTAATCAGA-1,0,3,0,0,0,0,0,11,0,0,2,1,0,0,0,0,2,0,0,2,0,-1,-1,-1,-1,-1,-1,-1,-1,-1
I28,0,3,0,0,0,0,0,0,0,0,2,0,0,0,0,0,2,0,0,2,0,-1,-1,-1,-1,-1,-1,-1,-1,-1
TGTTACTTCCATCGTC-1,0,3,0,0,0,0,0,0,0,0,2,0,0,0,0,0,2,0,0,2,0,-1,-1,-1,-1,-1,-1,-1,-1,-1
GGCTGTGTCCTTATAC-1,0,3,0,0,0,0,0,0,0,0,2,0,0,0,0,0,2,0,0,2,0,-1,-1,-1,-1,-1,-1,-1,-1,-1
GAGTTACTCCGGACGT-1,0,3,0,0,0,0,-1,-1,-1,0,2,0,0,0,0,0,2,0,0,15,0,-1,-1,-1,0,20,0,-1,-1,-1
CCTAACCAGGATTCCT-1,0,3,0,0,0,0,0,8,0,0,2,0,0,0,0,0,2,0,0,7,0,-1,-1,-1,-1,-1,-1,-1,-1,-1
CGCCATTTCAGGACGA-1,0,3,0,4,9,0,8,9,0,0,2,0,6,11,0,0,2,0,-1,-1,-1,3,13,0,-1,-1,-1,-1,-1,-1
CCACCATAGGAAAGTG-1,0,7,0,0,1,0,0,10,0,8,12,2,0,2,0,0,13,0,-1,-1,-1,0,0,0,-1,-1,-1,-1,-1,-1
I29,0:0.01/11:0.99,0,0,0,0,0,0,0:0.02/5:0.98,0,0,15,0,0,0,0,0,0,0,0,0,0,0,0,0,0,0,0,-1,-1,-1
TCTCCGACACATGTTG-1,11,0,0,0,0,0,0,5,0,0,15,0,0,0,0,0,7,0,12,19,0,-1,-1,-1,-1,-1,-1,-1,-1,-1
I30,11,0,0,0,0,0,0,5,0,0,15,0,0,0,0,0,0:0.01/2:0.99,0,0,0:0.59/2:0.41,0,0,0,0,0,0,0,-1,-1,-1
ATTTACCAGGGTTAAT-1,11,0,0,0,0,0,0,5,0,0,15,0,0,0,0,0,2,0,-1,-1,-1,0,0,0,0,0,0,-1,-1,-1
AGGGTTTAGAAACTAC-1,11,0,0,0,15,0,0,5,0,0,15,0,0,0,0,0,2,0,0,2,0,-1,-1,-1,0,0,0,-1,-1,-1
(((((TTGGGCGTCTACCAGA-1:2.076,GTCGTAAGTTCAGCTA-1:2.076)I15:2.933,(TCGTCCAGTTTAGTCG-1:4.001,CTGCGAGAGGTGAGCT-1:5.001)I14:0)I13:2.017,((CTACCCACAGAGGTAC-1:2,(TAATTCCAGGGCTTCC-1:3,(TTGGGATGTTAGTTCG-1:3.001,AGTAACCTCCTTGAAG-1:2.001)I12:1)I11:0)I10:1,((AAAGGTAGTCATACCA-1:0.001,CTACTATGTCGCGTCA-1:1.001)I9:3,(CCGGTGACACCTTCGT-1:3.001,AGAGCAGCACAACGTT-1:2.978)I8:4.022)I7:0)I6:1.018)I5:5.085,(TTACAGGTCTCTTGCG-1:5.039,((GTTGTAGGTCTTACTT-1:0.813,CGTGAATGTACAATAG-1:6.054)I4:1.188,(CAGATACTCAGTGATC-1:3,TCACACCAGCACTTTG-1:6)I3:0)I2:3.039)I1:3.062)4:7.917)I0;
I0,0,0,0,0,0,0,0,0,0,0,0,0,0,0,0,0,0,0,0,0,0,0,0,0,0,0,0,0,0,0
4,0,0,0,0,0,0,0,0:0.01/1:0.99,0,0,0,0,0,0:0.01/2:0.99,0,0,1,0,0,1,0,0,0:0.01/2:0.99,0,0,0,0,0:0.02/-1:0.97/1:0.009/2:0.002,0:0.02/-1:0.97/1:0.004/2:0.001/3:0.002,0:0.02/-1:0.97/1:0.01
I1,0,2,0,0,0:0.02/1:0.98,0,0,1,0,0,0:0.01/1:0.99,0,0,2,0,0,1,0,0,1,0,0,2,0,0,0,0,-1,-1,-1
I2,0,2,0,0,1,0,0,1,0,1,1,0,1,2,0,1,1,0,0,1,0,0,2,0,0,0,0,-1,-1,-1
I3,0,2,0,0,1,0,0,1,0,1,1,0,1,2,0,1,1,0,0,1,0,0,2,0,0,0,0,-1,-1,-1
TCACACCAGCACTTTG-1,0,2,0,13,1,0,11,1,0,1,1,0,1,2,0,1,1,0,0,1,0,28,2,0,-1,-1,-1,-1,-1,-1
CAGATACTCAGTGATC-1,13,2,0,0,1,0,10,1,0,1,1,0,1,2,0,1,1,0,0,1,0,0,2,0,0,9,0,-1,-1,-1
I4,0,2,0,0,1,0,0:0.05/4:0.95,1,0,1,1,0,1,2,0,1,1,0,0,1,0,0,2,0,0,0:0.76/25:0.24,0,-1,-1,-1
CGTGAATGTACAATAG-1,0,2,0,0,1,0,4,1,0,1,1,0,1,2,0,1,1,0,-1,-1,-1,0,2,0,-1,-1,-1,-1,-1,-1
GTTGTAGGTCTTACTT-1,0,2,0,0,1,0,4,1,0,1,1,0,1,2,0,1,1,0,0,1,0,0,2,0,0,25,0,-1,-1,-1
TTACAGGTCTCTTGCG-1,10,2,0,0,1,0,0,1,0,0,1,0,0,2,0,0,1,0,0,1,0,1,2,0,-1,-1,-1,-1,-1,-1
I5,0,0,0,0,0,0,0,1,0,0,0,0,1,2,0,1,1,0,0,1,0,0,2,0,-1:0.99/1:0.001/2:0.008/5:0.001/6:0.009/7:0.007/8:0.008/11:0.006/12:0.009/13:0.006,-1:0.99/1:0.006/2:0.002/3:0.001/4:0.009/7:0.004/8:0.001/9:0.005/10:0.004/11:0.003/13:0.008/14:0.004/16:0.001/18:0.009/19:0.006/20:0.001/21:0.003/23:0.001/25:0.008/27:0.009/28:0.003,-1:0.99/1:0.001,-1,-1,-1
I6,0,2,0,0,0,0,0,1,0,0,0,0,1,2,0,1,1,0,0,1,0,0,2,0,-1,-1,-1,-1,-1,-1
I7,0,2,0,0,0,0,0,1,0,0,0,0,1,2,0,1,1,0,0,1,0,0,2,0,-1,-1,-1,-1,-1,-1
I8,0,2,0,8,12,1,0,1,0,0:0.49/2:0.51,0:0.49/4:0.51,0,1,2,0,1,1,0,0,1,0,0,2,0,-1,-1,-1,-1,-1,-1
AGAGCAGCACAACGTT-1,7,2,0,8,12,1,11,1,0,2,4,0,1,2,0,1,1,0,0,1,0,0,2,0,-1,-1,-1,-1,-1,-1
CCGGTGACACCTTCGT-1,0,2,0,8,12,1,0,1,0,-1,-1,-1,1,2,0,1,1,0,0,1,0,0,2,0,-1,-1,-1,-1,-1,-1
I9,0,2,0,0,0,0,1,1,0,1,1,0,1,2,0,1,1,0,0,1,0,0,2,0,-1,-1,-1,-1,-1,-1
CTACTATGTCGCGTCA-1,0,2,0,0,11,0,1,1,0,1,1,0,1,2,0,1,1,0,0,1,0,0,2,0,-1,-1,-1,-1,-1,-1
AAAGGTAGTCATACCA-1,0,2,0,0,0,0,1,1,0,1,1,0,1,2,0,1,1,0,0,1,0,0,2,0,-1,-1,-1,-1,-1,-1
I10,0,2,0,0,1,0,0,1,0,0,0,0,1,2,0,1,1,0,0,1,0,0,2,0,-1,-1,-1,-1,-1,-1
I11,0,2,0,0,1,0,0,1,0,0,0,0,1,2,0,1,1,0,0,1,0,0,2,0,-1,-1,-1,-1,-1,-1
I12,0,2,0,0,1,0,0,1,0,0,0,0,1,2,0,1,1,0,5,1,0,0,2,0,-1,-1,-1,-1,-1,-1
AGTAACCTCCTTGAAG-1,0,2,0,0,1,0,0,1,0,2,4,0,1,2,0,1,1,0,5,1,0,0,2,0,-1,-1,-1,-1,-1,-1
TTGGGATGTTAGTTCG-1,0,2,0,0,1,0,10,1,0,1,1,0,1,2,0,1,1,0,5,1,0,0,2,0,-1,-1,-1,-1,-1,-1
TAATTCCAGGGCTTCC-1,10,2,0,0,1,0,0,1,0,31,34,0,1,2,0,1,1,0,0,1,0,0,2,0,-1,-1,-1,-1,-1,-1
CTACCCACAGAGGTAC-1,0,2,0,4,1,0,0,1,0,0,29,0,1,2,0,1,1,0,0,1,0,0,2,0,-1,-1,-1,-1,-1,-1
I13,0,0,0,0,1,0,21,1,0,0,0,0,1,2,0,1,1,0,0,1,0,0,2,0,-1,-1,-1,-1,-1,-1
I14,0,0,0,0,1,0,21,1,0,0,0,0,1,2,0,1,1,0,0,1,0,0,2,0,-1,-1,-1,-1,-1,-1
CTGCGAGAGGTGAGCT-1,0,28,0,4,1,0,21,1,0,20,30,0,1,2,0,1,1,0,0,1,0,19,2,0,-1,-1,-1,-1,-1,-1
TCGTCCAGTTTAGTCG-1,18,39,0,0,1,0,21,1,0,1,1,0,1,2,0,1,1,0,0,1,0,0,2,0,-1,-1,-1,-1,-1,-1
I15,0,0,0,0,1,0,21,1,0,0:0.02/-1:0.97/1:0.007/2:0.009/3:0.001/5:0.001/6:0.002/8:0.003/9:0.006/10:0.002/11:0.006/12:0.001/13:0.009/15:0.008/16:0.001/18:0.001/19:0.008/20:0.008/23:0.003/26:0.003/32:0.001,0:0.02/-1:0.97/1:0.004/2:0.001/3:0.004/4:0.001/5:0.009/6:0.002/9:0.001/10:0.002/12:0.003/13:0.002/14:0.006/16:0.008/17:0.001/18:0.001/20:0.004/22:0.009/23:0.001/24:0.001/25:0.003/26:0.009/29:0.002/30:0.001/31:0.001/36:0.003/38:0.008/39:0.005,0:0.02/-1:0.97/1:0.001/2:0.006,1,2,0,1,1,0,0,1,0,0,2,0,-1,-1,-1,-1,-1,-1
GTCGTAAGTTCAGCTA-1,10,1,0,0,1,0,21,1,0,-1,-1,-1,1,2,0,1,1,0,0,1,0,0,2,0,-1,-1,-1,-1,-1,-1
TTGGGCGTCTACCAGA-1,0,5,0,2,1,0,21,1,0,-1,-1,-1,1,2,0,1,1,0,0,1,0,0,2,0,-1,-1,-1,-1,-1,-1
((((CAGAGCCTCTTCCCAG-1:4.352,GTCAGCGTCAAGTGGG-1:5.352)I14:6.749,(CTAGGTATCCGCTAGG-1:2.644,(GATGTTGCAATACGCT-1:0.001,(TCTTGCGCAGCACCCA-1:3,GCCATGGAGTGCTCAT-1:3.001)I13:0.001)I12:3.012)I11:2.776)I10:3.65,((TCTTGCGAGGAATTAC-1:6.652,TTGTGTTTCGACACTA-1:6.652)I9:6.519,((((TTGACCCTCATCGCTC-1:0,GAGATGGAGGAACTAT-1:0)I8:2.045,(TCTATCAAGCAGCAGT-1:2.08,(TAAGCACAGTTGCATC-1:6.071,TCACGGGGTGCACATT-1:1.136)I7:0.944)I6:0.966)I5:3.095,ATTACTCGTTACCCAA-1:2.924)I4:4.463,(CCATCACGTCTCACGG-1:4.062,GCATGATCAAAGACGC-1:1.062)I3:5.984)I2:3.445)I1:2.255)3:4.939)I0;
I0,0,0,0,0,0,0,0,0,0,0,0,0,0,0,0,0,0,0,0,0,0,0,0,0,0,0,0,0,0,0
3,0,0,0,0,19,0,0,0,0,0,0,0,0,0,0,0,0,0,0,8,0,0,0,0,0,0,0,0:0.02/-1:0.98,0:0.02/-1:0.98,0:0.02/-1:0.98
I1,0,2,0,0,19,0,0,0,0,0,0,0,0,0,0,0,0:0.04/17:0.96,0,0,8,0,0,0,0,0:0.88/7:0.12,0:0.88/12:0.12,0,-1,-1,-1
I2,0,2,0,0,19,0,0,0,0,0,0,0,12,17,0,0,17,0,0,8,0,0,0:0.03/14:0.97,0,0:0.67/7:0.33,0:0.67/12:0.33,0,-1,-1,-1
I3,17,2,0,13,19,0,0,0,0,0,0,0,12,17,0,0,17,0,0,8,0,0:0.01/3:0.99,14,0,0:0.01/-1:0.98/7:0.01,0:0.01/-1:0.98/12:0.01,0:0.01/-1:0.98/1:0.001,-1,-1,-1
GCATGATCAAAGACGC-1,17,2,0,13,19,0,0,0,0,0,2,0,12,17,0,0,17,0,0,8,0,3,14,0,-1,-1,-1,-1,-1,-1
CCATCACGTCTCACGG-1,17,2,0,13,19,0,19,22,0,0,5,0,12,17,0,0,17,0,9,8,0,3,14,0,-1,-1,-1,-1,-1,-1
I4,0,2,0,0,19,0,0:0.04/-1:0.96,0:0.04/-1:0.96,0:0.04/-1:0.96,0,0:0.01/22:0.99,0,12,17,0,0,17,0,0,8,0,0,14,0,0:0.39/7:0.61,0:0.39/12:0.61,0,-1,-1,-1
ATTACTCGTTACCCAA-1,0,2,0,0,19,0,-1,-1,-1,13,22,0,12,17,0,0,17,0,7,8,0,0,14,0,7,12,0,-1,-1,-1
I5,0,2,0,0,19,0,-1,-1,-1,0,22,0,12,17,0,0,17,0,0,8,0,0,14,0,0:0.01/-1:0.99,0:0.01/-1:0.99,0:0.01/-1:0.99,-1,-1,-1
I6,0,2,0,0,19,0,-1,-1,-1,0:0.08/13:0.92,22,0,12,17,0,0,17,0,0,8,0,0,14,0,-1,-1,-1,-1,-1,-1
I7,0,2,0,0,19,0,-1,-1,-1,0:0.07/13:0.93,22,0,12,17,0,0,17,0,0,8,0,0:0.07/3:0.93,14,0,-1,-1,-1,-1,-1,-1
TCACGGGGTGCACATT-1,14,2,0,0,19,0,-1,-1,-1,13,22,0,12,17,0,0,17,0,0,8,0,3,14,0,-1,-1,-1,-1,-1,-1
TAAGCACAGTTGCATC-1,11,2,0,32,19,0,-1,-1,-1,-1,-1,-1,12,17,0,0,17,0,10,8,0,3,14,0,-1,-1,-1,-1,-1,-1
TCTATCAAGCAGCAGT-1,0,2,0,36,19,0,-1,-1,-1,13,22,0,12,17,0,0,17,0,0,8,0,6,14,0,-1,-1,-1,-1,-1,-1
I8,0,2,0,0,19,0,-1,-1,-1,0,22,0,12,17,0,0,17,0,3,8,0,21,14,0,-1,-1,-1,-1,-1,-1
GAGATGGAGGAACTAT-1,0,2,0,0,19,0,-1,-1,-1,0,22,0,12,17,0,0,17,0,3,8,0,21,14,0,-1,-1,-1,-1,-1,-1
TTGACCCTCATCGCTC-1,0,2,0,0,19,0,-1,-1,-1,0,22,0,12,17,0,0,17,0,3,8,0,21,14,0,-1,-1,-1,-1,-1,-1
I9,0,2,0,0,19,0,0:0.08/-1:0.9/2:0.003/4:0.017/5:0.004/7:0.017/8:0.016/9:0.012/10:0.018/11:0.016/12:0.005/13:0.001/14:0.001/15:0.007/16:0.001/18:0.001/19:0.001/21:0.006/22:0.014/23:0.004/25:0.002,0:0.08/-1:0.9/1:0.017/3:0.018/5:0.018/6:0.004/7:0.003/8:0.018/9:0.003/10:0.011/11:0.01/13:0.002/14:0.004/16:0.005/17:0.001/19:0.001/20:0.008/21:0.002/22:0.001/23:0.002/24:0.015/27:0.001/28:0.001/29:0.005/30:0.002/31:0.002/32:0.004/33:0.001/37:0.008,0:0.08/-1:0.9/2:0.001/3:0.001/5:0.011,0,0:0.03/22:0.97,0,0,0,0,0,17,0,0,8,0,0,0,0,0:0.07/-1:0.9/7:0.03,0:0.07/-1:0.9/12:0.03,0:0.08/-1:0.9/1:0.001,-1,-1,-1
TTGTGTTTCGACACTA-1,32,2,0,0,19,0,-1,-1,-1,2,22,0,26,35,0,32,17,0,0,8,0,0,45,0,-1,-1,-1,-1,-1,-1
TCTTGCGAGGAATTAC-1,0,2,0,37,19,0,-1,-1,-1,13,22,0,0,30,0,29,17,0,3,8,0,0,14,0,-1,-1,-1,-1,-1,-1
I10,0,0,0,14,19,0,0,0,0,0,0:0.02/22:0.98,0,0,0:0.01/13:0.99,0,0,0,0,0,8,0,0,0,0,0:0.69/10:0.31,0:0.69/17:0.31,0,-1,-1,-1
I11,0,2,0,14,19,0,0,0,0,0,22,0,0,13,0,0,0:0.01/17:0.99,0,0,8,0,0,0,0,0:0.31/10:0.69,0:0.31/17:0.69,0,-1,-1,-1
I12,0,2,0,14,19,0,0,0,0,0,22,0,0,13,0,0,17,0,0,8,0,0,0,0,-1,-1,-1,-1,-1,-1
I13,0,2,0,14,19,0,0,0,0,0,22,0,0,13,0,0,17,0,0,8,0,0,0,0,-1,-1,-1,-1,-1,-1
GCCATGGAGTGCTCAT-1,0,2,0,14,19,0,-1,-1,-1,0,22,0,0,13,0,0,17,0,0,8,0,0,0,0,-1,-1,-1,-1,-1,-1
TCTTGCGCAGCACCCA-1,0,2,0,14,19,0,8,11,0,0,22,0,0,13,0,0,17,0,0,8,0,0,10,0,-1,-1,-1,-1,-1,-1
GATGTTGCAATACGCT-1,0,2,0,14,19,0,0,0,0,0,22,0,0,13,0,0,17,0,0,8,0,0,0,0,-1,-1,-1,-1,-1,-1
CTAGGTATCCGCTAGG-1,0,2,0,14,19,0,5,6,0,0,22,0,0,13,0,0,17,0,0,8,0,0,0,0,10,17,0,-1,-1,-1
I14,0,0,0,14,19,0,0:0.05/-1:0.94/2:0.002/4:0.009/5:0.002/7:0.008/8:0.008/9:0.006/10:0.009/11:0.008/12:0.003/13:0.001/15:0.003/16:0.001/18:0.001/21:0.003/22:0.007/23:0.002/25:0.001,0:0.05/-1:0.94/1:0.008/3:0.009/5:0.009/6:0.002/7:0.001/8:0.009/9:0.001/10:0.005/11:0.005/13:0.001/14:0.002/16:0.003/17:0.001/19:0.001/20:0.004/21:0.001/23:0.001/24:0.008/27:0.001/29:0.002/30:0.001/31:0.001/32:0.002/37:0.004,0:0.05/-1:0.94/2:0.001/3:0.001/5:0.006,0,22,0,0,13,0,0,0,0,0,8,0,0,0:0.01/14:0.99,0,0:0.03/-1:0.94/10:0.03,0:0.03/-1:0.94/17:0.03,0:0.05/-1:0.94/1:0.001,-1,-1,-1
GTCAGCGTCAAGTGGG-1,0,2,0,14,19,0,-1,-1,-1,20,22,0,0,13,0,13,15,0,0,8,0,24,14,0,-1,-1,-1,-1,-1,-1
CAGAGCCTCTTCCCAG-1,0,0,0,14,19,0,-1,-1,-1,17,22,0,0,13,0,11,17,0,0,8,0,4,14,0,-1,-1,-1,-1,-1,-1
((((((AGGCCACTCGTTCTAT-1:5,(GAGAAATCATGGGCAA-1:4,(ATTCATCCAGTACTAC-1:1,GGGCTACCAGACTGCC-1:2)I69:0)I68:0)I67:2.169,(AGTCAACGTACGAGCA-1:5.032,TAAGTCGGTCGTTGCG-1:5.329)I66:3.841)I65:2.948,CTACCTGTCATGCTAG-1:6.104)I64:7.597,TTGGATGTCGGCTTGG-1:16.689)I63:4.455,(((((((TTACCATTCCGACATA-1:18,(CCACAAAGTCTACACA-1:18,(((ACCCTCACAGCGTTGC-1:1.577,TTTATGCCAGTCGAGA-1:6.031)I62:1.423,(GGGTTATAGCCTTTCC-1:4,(TTCACCGTCAGACCTA-1:3,TCAGGTACAGGACTAG-1:1)I61:0)I60:0.001)I59:5,((TTTAGTCCACTGTGTA-1:0.163,TAACTTCAGAAGTCTA-1:3.029)I58:11.844,(ACAAAGACATGTGGCC-1:10,((((TCATACTCACTCCGGA-1:11,(GTTCATTTCGAATCCA-1:9,(((AACAACCGTCAATCTG-1:9,(CAGAGCCCACTGGACC-1:12.937,AATCACGCATCTCGTC-1:9)I57:0.015)I56:0,GGGATGACACAAATGA-1:9)I55:0,(TCGTAGAGTAGTCCTA-1:0,(((((ACAGGGACACAAATCC-1:0,TGATGCACATGACTCA-1:0)I54:0,ATCCGTCCACCAAATC-1:0)I53:0,TCGAAGTTCTCCAAGA-1:0)I52:0,GAGACCCCAAGTGGCA-1:0)I51:0,GAAATGACATGAAGGC-1:0)I50:0)I49:8)I48:0)I47:0.015)I46:0,CTACGGGCAGGCTACC-1:11)I45:0,(GGTAATCAGAAACTCA-1:1.008,CACGGGTTCCGTGTAA-1:1.008)I44:8.994)I43:0,AAACGCTAGGTTGGAC-1:10)I42:0)I41:0.016)I40:0.016)I39:0)I38:0)I37:0,(TCGACCTCAGTCAGCC-1:17,(((((GGCAGTCTCAGAGCGA-1:8.337,(GGTCTGGGTTTGGAGG-1:8.148,AGTGATCAGGTAAAGG-1:0.819)I36:10.55)I35:0.663,((AAGCCATAGGATACAT-1:4.65,CAGGCCACACCGTCGA-1:4.194)I34:9.452,(CATGAGTTCGTAACAC-1:6.191,AATCGACGTTCTCTCG-1:3.372)I33:8.197)I32:2.735)I31:0,(ACAAAGACAGCGGATA-1:10.137,GCACATACAGCGTACC-1:10.137)I30:2.863)I29:0,(TCATTCACACTACACA-1:9.07,GATCAGTAGGCATGCA-1:2.574)I28:4.426)I27:0,(GCCGATGCAATGCAAA-1:15.247,GGTCACGCACTTGACA-1:9.361)I26:0.753)I25:0)I24:6)I23:0,TGCAGATTCTACAGGT-1:21)I22:0,(CTCCAACTCGACACTA-1:8.174,TTACGTTTCACTTTGT-1:5.802)I21:12.578)I20:0,((((TGCAGATGTACTGCGC-1:3.14,TACCCGTAGCTTTGTG-1:3.14)I19:2.875,(TCGAACAAGTCTCGTA-1:4,((CCCTCAACAGAGTGTG-1:2.143,ACTACGATCGTAACCA-1:4.143)I18:2.864,(AACCTGAGTACTCCGG-1:1.004,AGATGAATCCCAGGAC-1:2.004)I17:0.426)I16:2.57)I15:0)I14:1.003,CACGAATGTATCACCA-1:2.003)I13:1.024,((AGCTACATCGTGTGGC-1:5.004,AGTTCGATCCGCAGTG-1:0.977)I12:3.063,(CAAGACTCAAGCTGCC-1:8.04,GCGAGAACATTCTTCA-1:8.04)I11:0)I10:2.99)I9:8.978)I8:0,(TCGTAGAAGATAGCAT-1:15.86,(GAATCGTGTCTACTGA-1:8.025,(GTTCTATTCGCTCTAC-1:4.441,(TCTTCCTGTCCTACGG-1:5.397,AATTTCCCAGTCCGTG-1:5.397)I7:2.622)I6:1.108)I5:6.315)I4:3.221)I3:0,(GTTGCGGTCCAACTGA-1:1.247,TCCAGAAAGACTTGTC-1:3.031)I2:12.766)I1:0)1:0)I0;
I0,0,0,0,0,0,0,0,0,0,0,0,0,0,0,0,0,0,0,0,0,0,0,0,0,0,0,0,0,0,0
1,0,0,0,0,0,0,0,0,0,0,0,0,0,0,0,0,0,0,0,0,0,0,0,0,0,0,0,0,0,0
I1,0,0,0,0,0,0,0,0,0,0,0,0,0,0,0,0,0,0,0,0,0,0,0,0,0,0,0,0,0,0
I2,0,3,0,0,1,0,0,0,0,0,2,0,0,0,0,0,20,0,0,2,0,-1,-1,-1,0:0.11/15:0.89,0:0.11/24:0.89,0,-1,-1,-1
TCCAGAAAGACTTGTC-1,0,3,0,0,1,0,0,0,0,0,2,0,0,0,0,0,20,0,0,2,0,-1,-1,-1,-1,-1,-1,-1,-1,-1
GTTGCGGTCCAACTGA-1,0,3,0,0,1,0,0,5,0,0,2,0,0,0,0,0,20,0,0,2,0,-1,-1,-1,15,24,0,-1,-1,-1
I3,0,0,0,0,0,0,0,0,0,0,0,0,0,0,0,0,0,0,0,0,0,0,0,0,0,0,0,0,0,0
I4,0,0,0,0,0,0,0,0,0,0,0,0,0,0,0,0,0,0,0,0,0,0,0,0,0,0:0.02/23:0.98,0,0:0.25/-1:0.72/1:0.027/2:0.005,0:0.25/-1:0.72/1:0.012/2:0.004/3:0.005,0:0.25/-1:0.72/1:0.03
I5,0,8,0,0,4,0,0,0,0,0,0,0,0,8,0,0,8,0,0,0,0,0,0:0.01/3:0.99,0,0:0.52/11:0.48,0:0.01/23:0.99,0,-1:0.99/1:0.009/2:0.002,-1:0.99/1:0.004/2:0.001/3:0.002,-1:0.99/1:0.01
I6,0,8,0,0,4,0,0,0,0,0,7,0,0,8,0,0,8,0,0,0,0,0,3,0,0:0.43/11:0.57,0:0.01/23:0.99,0,-1,-1,-1
I7,0,8,0,0,4,0,0,0,0,0,7,0,0,8,0,0,8,0,0,0,0,0,3,0,0:0.05/-1:0.87/11:0.08,-1:0.87/23:0.13,0:0.12/-1:0.87/1:0.001,-1,-1,-1
AATTTCCCAGTCCGTG-1,0,8,0,0,4,0,5,6,0,0,7,0,3,8,0,0,8,0,0,6,1,0,3,0,-1,-1,-1,-1,-1,-1
TCTTCCTGTCCTACGG-1,0,8,0,2,4,0,10,33,0,0,7,0,0,8,0,0,8,0,14,16,0,0,3,0,-1,-1,-1,-1,-1,-1
GTTCTATTCGCTCTAC-1,0,8,0,0,4,0,0,31,6,0,7,0,0,8,0,11,8,0,0,16,0,0,3,0,11,23,0,-1,-1,-1
GAATCGTGTCTACTGA-1,0,8,0,0,4,0,0,26,0,0,5,0,0,8,0,0,8,0,-1,-1,-1,0,3,0,-1,-1,-1,-1,-1,-1
TCGTAGAAGATAGCAT-1,26,38,6,9,13,0,7,11,0,15,16,0,0,0,0,28,34,0,-1,-1,-1,0,27,0,0,23,0,-1,-1,-1
I8,0,0,0,0,0,0,0,0,0,0,0,0,0,0,0,0,0,0,0,0,0,0,0,0,0,0,0,0,0,0
I9,1,4,0,0,0,0,2,3,0,0,0,0,0,0,0,3,3,0,0,0,0,0,0,0,0,0,0,-1:0.99/1:0.009/2:0.002,-1:0.99/1:0.004/2:0.001/3:0.002,-1:0.99/1:0.01
I10,1,4,0,0,0,0,2,3,0,0,0,0,0,0,0,3,3,0,0,0,0,0,0,0,0:0.01/-1:0.99,0:0.01/-1:0.99,0:0.01/-1:0.99,-1,-1,-1
I11,1,4,0,0,0,0,2,3,0,0,0,0,0,0,0,3,3,0,0,0,0,0,0,0,0:0.01/-1:0.99,0:0.01/-1:0.99,0:0.01/-1:0.99,-1,-1,-1
GCGAGAACATTCTTCA-1,1,4,0,4,6,0,2,3,0,0,3,0,17,0,0,3,3,0,10,5,0,4,2,0,-1,-1,-1,-1,-1,-1
CAAGACTCAAGCTGCC-1,1,4,0,13,0,0,2,3,0,11,14,0,0,0,0,3,3,0,-1,-1,-1,9,23,0,-1,-1,-1,-1,-1,-1
I12,1,4,0,10,16,0,2,3,0,0,0,0,0,0,0,3,3,0,0:0.49/3:0.51,0:0.49/10:0.51,0,0,0,0,-1,-1,-1,-1,-1,-1
AGTTCGATCCGCAGTG-1,1,4,0,10,16,0,2,3,0,0,0,0,0,0,0,3,3,0,3,10,0,0,0,0,-1,-1,-1,-1,-1,-1
AGCTACATCGTGTGGC-1,1,4,0,10,16,0,2,3,0,12,18,0,0,0,0,3,3,0,-1,-1,-1,0,0,0,-1,-1,-1,-1,-1,-1
I13,1,4,0,0,0,0,2,3,0,0,0,0,0,0,0,3,3,0,0,3,0,0,0,0,0,0,0,-1,-1,-1
CACGAATGTATCACCA-1,1,4,0,0,2,0,2,3,0,0,5,0,0,0,0,3,3,0,0,3,0,0,0,0,0,0,0,-1,-1,-1
I14,1,4,0,0,0,0,2,3,0,0,3,0,0,0,0,3,3,0,0,3,0,0,0,0,0,0,0,-1,-1,-1
I15,1,4,0,0,0,0,2,3,0,0,3,0,0,0,0,3,3,0,0,3,0,0,0,0,0,0,0,-1,-1,-1
I16,1,4,0,0,0,0,2,3,0,0,3,0,0,0,0,3,3,0,0,3,0,2,4,0,0,0:0.43/1:0.57,0,-1,-1,-1
I17,1,4,0,0,0,0,2,3,0,0,3,0,0,0,0,3,3,0,0,3,0,2,4,0,0,1,0,-1,-1,-1
AGATGAATCCCAGGAC-1,1,4,0,9,13,0,2,3,0,0,3,0,0,0,0,3,3,0,0,3,0,2,4,0,0,1,0,-1,-1,-1
AACCTGAGTACTCCGG-1,1,4,0,0,0,0,2,3,0,0,3,0,0,3,0,3,3,0,0,3,0,2,4,0,0,1,0,-1,-1,-1
I18,1,4,0,0,0,0,2,3,0,0,3,0,0,0,0,3,3,0,0,3,0,2,4,0,0:0.04/-1:0.95/1:0.001/2:0.008/5:0.001/6:0.009/7:0.007/8:0.008/11:0.006/12:0.009/13:0.006,0:0.02/-1:0.95/1:0.03,0:0.04/-1:0.95/1:0.001,-1,-1,-1
ACTACGATCGTAACCA-1,1,4,0,0,0,0,2,3,0,9,3,0,0,0,0,3,3,0,-1,-1,-1,2,4,0,-1,-1,-1,-1,-1,-1
CCCTCAACAGAGTGTG-1,1,4,0,2,19,0,2,3,0,0,3,0,0,0,0,3,3,0,0,3,0,2,4,0,-1,-1,-1,-1,-1,-1
TCGAACAAGTCTCGTA-1,1,4,0,4,9,0,2,3,0,0,3,0,0,0,0,3,3,0,0,3,0,0,38,0,0,4,0,-1,-1,-1
I19,1,4,0,0,0,0,2,3,0,0,3,0,0,0,0,3,3,0,0,3,0,0,0,0,0:0.04/-1:0.95/1:0.001/2:0.008/5:0.001/6:0.009/7:0.007/8:0.008/11:0.006/12:0.009/13:0.006,0:0.04/-1:0.95/1:0.006/2:0.002/3:0.001/4:0.009/7:0.004/8:0.001/9:0.005/10:0.004/11:0.003/13:0.008/14:0.004/16:0.001/18:0.009/19:0.006/20:0.001/21:0.003/23:0.001/25:0.008/27:0.009/28:0.003,0:0.04/-1:0.95/1:0.001,-1,-1,-1
TACCCGTAGCTTTGTG-1,1,4,0,13,0,0,2,3,0,0,3,0,0,0,0,3,3,0,0,3,0,27,36,0,-1,-1,-1,-1,-1,-1
TGCAGATGTACTGCGC-1,1,4,0,38,38,0,2,3,0,0,3,0,0,0,0,3,3,0,0,3,0,0,14,0,-1,-1,-1,-1,-1,-1
I20,0,0,0,0,0,0,0,0,0,0,0,0,0,0,0,0,0,0,0,0,0,0,0,0,0,0,0,0,0,0
I21,0,0:0.02/19:0.98,0,0,0,0,0,0,0,0:0.04/-1:0.93/1:0.021/2:0.027/3:0.002/5:0.002/6:0.006/7:0.001/8:0.008/9:0.017/10:0.006/11:0.018/12:0.004/13:0.026/14:0.001/15:0.024/16:0.003/17:0.001/18:0.003/19:0.025/20:0.025/21:0.001/23:0.01/24:0.001/26:0.008/29:0.001/30:0.001/32:0.002,0:0.04/-1:0.93/1:0.012/2:0.002/3:0.011/4:0.002/5:0.027/6:0.006/7:0.001/9:0.002/10:0.006/11:0.001/12:0.008/13:0.006/14:0.018/15:0.001/16:0.023/17:0.004/18:0.004/20:0.011/21:0.001/22:0.027/23:0.002/24:0.003/25:0.01/26:0.028/27:0.001/28:0.001/29:0.007/30:0.002/31:0.004/36:0.009/37:0.001/38:0.025/39:0.015,0:0.04/-1:0.93/1:0.002/2:0.017/4:0.001/6:0.001,0,22,0,0:0.02/11:0.98,23,0,0,0:0.37/23:0.63,0,0,29,0,0:0.37/13:0.63,0:0.37/19:0.63,0,0:0.04/-1:0.93/1:0.027/2:0.005,0:0.04/-1:0.93/1:0.012/2:0.004/3:0.005,0:0.04/-1:0.93/1:0.03
TTACGTTTCACTTTGT-1,0,19,0,0,0,0,0,36,0,-1,-1,-1,3,22,0,11,23,0,0,23,0,0,29,0,-1,-1,-1,-1,-1,-1
CTCCAACTCGACACTA-1,0,19,0,21,2,0,11,11,0,-1,-1,-1,0,22,0,11,23,0,-1,-1,-1,0,29,0,13,19,0,-1,-1,-1
I22,0,0,0,0,0,0,0,0,0,0,0,0,0,0,0,0,0,0,0,0,0,0,0,0,0,0,0,0,0,0
TGCAGATTCTACAGGT-1,27,40,0,0,11,0,4,34,8,15,36,0,-1,-1,-1,2,36,0,15,21,0,-1,-1,-1,0,0,0,-1,-1,-1
I23,0,0,0,0,0,0,0,0,0,0,0,0,0,0,0,0,0,0,0,0,0,0,0,0,0,0,0,0,0,0
I24,0,0,0,0,0,0,0,0,0,0,0,0,0,0,0,0,0,0,0,0,0,0,0,0,-1,-1,-1,-1,-1,-1
I25,0,0,0,0,0,0,0,0,0,0,0,0,0,0,0,0,0,0,0,0,0,0,0,0,-1,-1,-1,-1,-1,-1
I26,0,0,0,0,0,0,0:0.94/9:0.06,0:0.94/9:0.06,0,0,0:0.36/16:0.64,0,0,0,0,0,0,0,0,0,0,0,0,0,-1,-1,-1,-1,-1,-1
GGTCACGCACTTGACA-1,0,35,0,0,6,0,-1,-1,-1,0,16,0,2,5,0,0,17,0,0,0,0,0,15,0,-1,-1,-1,-1,-1,-1
GCCGATGCAATGCAAA-1,0,31,0,25,9,0,9,9,0,13,16,4,20,11,0,14,11,0,0,9,2,6,13,0,-1,-1,-1,-1,-1,-1
I27,0,0,0,0,0,0,0,0,0,0,0,0,0,0,0,0,0,0,0,0,0,0,0,0,-1,-1,-1,-1,-1,-1
I28,0,0:0.02/7:0.98,0,0,0:0.03/1:0.97,0,0,0:0.5/10:0.5,0,0:0.01/8:0.99,0:0.01/12:0.99,0,0,0,0,0,0,0,0,0,0,0,0,0,-1,-1,-1,-1,-1,-1
GATCAGTAGGCATGCA-1,0,7,0,0,1,0,0,10,0,8,12,0,0,2,0,0,13,0,0,0,0,0,0,0,-1,-1,-1,-1,-1,-1
TCATTCACACTACACA-1,0,7,0,0,1,0,-1,-1,-1,8,12,0,2,5,0,3,5,0,0,4,0,0,6,0,-1,-1,-1,-1,-1,-1
I29,0,0,0,0,0,0,0,0,0,0,0,0,0,0,0,0,0,0,0,0,0,0,0,0,-1,-1,-1,-1,-1,-1
I30,0,0,0,0,0,0,6,0:0.02/7:0.98,0,0,0,0,0,0,0,0,0,0,0,0:0.12/7:0.88,0,0,0,0,-1,-1,-1,-1,-1,-1
GCACATACAGCGTACC-1,2,3,0,3,1,0,6,7,0,15,26,0,19,24,0,3,24,0,0,7,0,0,0,0,-1,-1,-1,-1,-1,-1
ACAAAGACAGCGGATA-1,4,9,0,0,5,0,6,7,0,0,8,0,4,2,0,0,9,0,2,7,0,1,9,0,-1,-1,-1,-1,-1,-1
I31,0,0,0,0,0,0,0,0,0,0,0,0,0,0,0,0,0,0,0,0,0,0,0,0,-1,-1,-1,-1,-1,-1
I32,0,0:0.08/7:0.92,0,0,0,0,0:0.23/4:0.77,0:0.22/5:0.78,0,0,0,0,0,0,0,0,0,0,0:0.86/1:0.14,0:0.86/5:0.14,0,0,0,0,-1,-1,-1,-1,-1,-1
I33,0,7,0,0,0,0,0:0.09/4:0.91,0:0.09/5:0.91,0,4,6,0,0,0,0,0:0.02/6:0.98,7,0,0:0.03/-1:0.95/1:0.02,0:0.03/-1:0.95/5:0.02,0:0.04/-1:0.95/2:0.001,0,0:0.01/2:0.99,0,-1,-1,-1,-1,-1,-1
AATCGACGTTCTCTCG-1,3,7,0,0,0,0,4,5,0,4,6,0,3,7,0,6,7,0,-1,-1,-1,0,2,0,-1,-1,-1,-1,-1,-1
CATGAGTTCGTAACAC-1,2,7,0,0,0,0,-1,-1,-1,4,6,0,2,5,0,6,7,0,-1,-1,-1,0,2,0,-1,-1,-1,-1,-1,-1
I34,0,7,0,1,3,0,0:0.08/4:0.92,0:0.08/5:0.92,0,3,0:0.01/5:0.99,0,0,6,0,5,0:0.01/6:0.99,0,0:0.31/1:0.69,0:0.31/5:0.69,0,0,7,0,-1,-1,-1,-1,-1,-1
CAGGCCACACCGTCGA-1,14,7,0,1,3,0,4,5,0,3,5,0,0,6,0,5,6,0,-1,-1,-1,0,7,0,-1,-1,-1,-1,-1,-1
AAGCCATAGGATACAT-1,2,7,0,1,3,0,-1,-1,-1,3,5,0,0,6,0,5,6,0,1,5,0,0,7,0,-1,-1,-1,-1,-1,-1
I35,0,0,0,0,0:0.34/11:0.66,0,0,0,0,0,0,0,0,0,0,0,0,0,0,0,0,0,0,0,-1,-1,-1,-1,-1,-1
I36,0:0.01/12:0.99,21,0,0,11,0,0:0.34/10:0.66,0:0.34/17:0.66,0,0,0,0,0,0:0.01/9:0.99,0,0,0:0.01/6:0.99,0,0:0.03/-1:0.96/1:0.003/2:0.005/3:0.009/4:0.007/6:0.003/7:0.009/9:0.008/10:0.008/11:0.003/12:0.002/13:0.001/14:0.001,0:0.03/-1:0.96/1:0.001/2:0.005/3:0.003/4:0.008/5:0.009/7:0.009/8:0.003/9:0.001/10:0.001/12:0.001/13:0.003/15:0.005/16:0.008/17:0.006/18:0.003/19:0.002/20:0.001/21:0.009/22:0.001/23:0.001/24:0.001/25:0.005,0:0.03/-1:0.96/2:0.001,8,21,0,-1,-1,-1,-1,-1,-1
AGTGATCAGGTAAAGG-1,12,21,0,0,11,0,10,17,0,0,0,0,0,9,0,0,6,0,-1,-1,-1,8,21,0,-1,-1,-1,-1,-1,-1
GGTCTGGGTTTGGAGG-1,12,21,0,0,11,0,-1,-1,-1,13,16,4,10,9,0,11,6,0,-1,-1,-1,8,21,0,-1,-1,-1,-1,-1,-1
GGCAGTCTCAGAGCGA-1,0,23,0,2,11,0,0,0,0,0,31,0,0,26,0,24,30,0,0,0,0,6,3,0,-1,-1,-1,-1,-1,-1
TCGACCTCAGTCAGCC-1,0,18,0,35,36,0,23,32,0,-1,-1,-1,-1,-1,-1,2,17,0,-1,-1,-1,0,39,0,-1,-1,-1,-1,-1,-1
I37,0,0,0,0,0,0,0,0,0,0,0,0,0,0,0,0,0,0,0,0,0,0,0,0,0,0,0,0,0,0
I38,0,0,0,0,0,0,0,0,0,0,0,0,0,0,0,0,0,0,0,0,0,0,0,0,0,0,0,0,0,0
I39,0,0,0,0,0,0,0,0,0,0,0,0,0,0,0,0,0,0,0,0,0,0,0,0,0,0,0,0,0,0
I40,0,0,0,0,0,0,0,0,0,0,0,0,0,0,0,0,0,0,0,0,0,0,0,0,0,0:0.98/13:0.02,0,0,0,0
I41,0,0,0,0,0,0,0,0,0,0,0,0,0,0,0,0,0,0,0,0,0,0,0,0,0,0:0.97/13:0.03,0,0,0,0
I42,0,0,0,0,0,0,0,0,0,0,0,0,0,0,0,0,0,0,0,0,0,0,0,0,0,0:0.97/13:0.03,0,0,0,0
AAACGCTAGGTTGGAC-1,0,1,0,0,0,0,0,0,0,0,0,0,0,1,0,0,0,0,0,0,0,1,1,0,-1,-1,-1,-1,-1,-1
I43,0,0,0,0,0,0,0,0,0,0,0,0,0,0,0,0,0,0,0,0,0,0,0,0,0,0:0.97/13:0.03,0,0,0,0
I44,0,1,0,0,0,0,0,0,0,0,0,0,0,1,0,0,0,0,0,0,0,3,0,0,-1,-1,-1,-1,-1,-1
CACGGGTTCCGTGTAA-1,0,1,0,0,0,0,0,0,0,0,0,0,0,1,0,0,0,0,0,0,0,3,24,0,-1,-1,-1,-1,-1,-1
GGTAATCAGAAACTCA-1,0,1,0,0,0,0,0,0,0,0,0,0,0,1,0,0,0,0,0,0,0,3,34,0,-1,-1,-1,-1,-1,-1
I45,0,0,0,0,0,0,0,0,0,0,0,0,0,0,0,0,0,0,0,0,0,0,0,0,0,0:0.97/13:0.03,0,0,0,0
CTACGGGCAGGCTACC-1,0,1,0,0,0,0,0,0,0,0,0,0,0,1,0,0,0,0,-1,-1,-1,0,0,0,-1,-1,-1,-1,-1,-1
I46,0,0,0,0,0,0,0,0,0,0,0,0,0,0,0,0,0,0,0,0,0,0,0,0,0,0:0.97/13:0.03,0,0,0,0
I47,0,0,0,0,0,0,0,0,0,0,0,0,0,0,0,0,0,0,0,0,0,0,0,0,0,0:0.95/13:0.05,0,0,0,0
I48,0,0,0,0,0,0,0,0,0,0,0,0,0,0,0,0,0,0,0,0,0,0,0,0,0,0:0.95/13:0.05,0,0,0,0
I49,0,1,0,0,0,0,0,0,0,0,0,0,0,1,0,0,0,0,0,0,0,0,0,0,-1,-1,-1,-1,-1,-1
I50,0,1,0,0,0,0,0,0,0,0,0,0,0,1,0,0,0,0,0,0,0,0,0,0,-1,-1,-1,-1,-1,-1
GAAATGACATGAAGGC-1,0,1,0,0,0,0,0,0,0,0,0,0,0,1,0,0,0,0,0,0,0,0,0,0,-1,-1,-1,-1,-1,-1
I51,0,1,0,0,0,0,0,0,0,0,0,0,0,1,0,0,0,0,0,0,0,0,0,0,-1,-1,-1,-1,-1,-1
GAGACCCCAAGTGGCA-1,0,1,0,0,0,0,0,0,0,0,0,0,0,1,0,0,0,0,0,0,0,0,0,0,-1,-1,-1,-1,-1,-1
I52,0,1,0,0,0,0,0,0,0,0,0,0,0,1,0,0,0,0,0,0,0,0,0,0,-1,-1,-1,-1,-1,-1
TCGAAGTTCTCCAAGA-1,0,1,0,0,0,0,0,0,0,0,0,0,0,1,0,0,0,0,0,0,0,0,0,0,-1,-1,-1,-1,-1,-1
I53,0,1,0,0,0,0,0,0,0,0,0,0,0,1,0,0,0,0,0,0,0,0,0,0,-1,-1,-1,-1,-1,-1
ATCCGTCCACCAAATC-1,0,1,0,0,0,0,0,0,0,0,0,0,0,1,0,0,0,0,0,0,0,0,0,0,-1,-1,-1,-1,-1,-1
I54,0,1,0,0,0,0,0,0,0,0,0,0,0,1,0,0,0,0,0,0,0,0,0,0,-1,-1,-1,-1,-1,-1
TGATGCACATGACTCA-1,0,1,0,0,0,0,0,0,0,0,0,0,0,1,0,0,0,0,0,0,0,0,0,0,-1,-1,-1,-1,-1,-1
ACAGGGACACAAATCC-1,0,1,0,0,0,0,0,0,0,0,0,0,0,1,0,0,0,0,0,0,0,0,0,0,-1,-1,-1,-1,-1,-1
TCGTAGAGTAGTCCTA-1,0,1,0,0,0,0,0,0,0,0,0,0,0,1,0,0,0,0,0,0,0,0,0,0,-1,-1,-1,-1,-1,-1
I55,0,0,0,0,0,0,0,0,0,0,0,0,0,0,0,0,0,0,0,0,0,0,0,0,0,0:0.95/13:0.05,0,0,0,0
GGGATGACACAAATGA-1,0,1,0,0,0,0,0,0,0,0,0,0,0,1,0,0,0,0,0,0,0,0,2,0,-1,-1,-1,-1,-1,-1
I56,0,0,0,0,0,0,0,0,0,0,0,0,0,0,0,0,0,0,0,0,0,0,0,0,0,0:0.95/13:0.05,0,0,0,0
I57,0,0,0,0,0,0,0,0,0,0,0,0,0,0,0,0,0,0,0,0,0,0,0,0,0,0:0.94/13:0.06,0,0,0,0
AATCACGCATCTCGTC-1,0,1,0,0,0,0,0,0,0,0,0,0,0,1,0,0,0,0,0,0,0,0,8,0,-1,-1,-1,-1,-1,-1
CAGAGCCCACTGGACC-1,10,7,0,0,22,0,-1,-1,-1,16,24,0,14,18,0,0,6,0,0,0,0,0,25,0,0,13,0,0,0,0
AACAACCGTCAATCTG-1,0,1,0,0,0,0,0,0,0,0,0,0,0,1,0,0,0,0,0,0,0,0,3,0,-1,-1,-1,-1,-1,-1
GTTCATTTCGAATCCA-1,0,1,0,0,0,0,0,0,0,0,0,0,0,1,0,0,6,0,0,0,0,0,0,0,-1,-1,-1,-1,-1,-1
TCATACTCACTCCGGA-1,0,1,0,0,0,0,0,0,0,0,0,0,0,1,0,0,0,0,0,0,0,-1,-1,-1,-1,-1,-1,-1,-1,-1
ACAAAGACATGTGGCC-1,0,1,0,0,0,0,0,0,0,0,0,0,0,1,0,0,0,0,0,0,0,4,10,0,-1,-1,-1,-1,-1,-1
I58,0,1,0,0,0,0,0,0,0,0,0,0,0,1,0,0,0,0,-1,-1,-1,0,0:0.13/46:0.87,0,-1,-1,-1,-1,-1,-1
TAACTTCAGAAGTCTA-1,0,1,0,0,0,0,0,0,0,0,0,0,0,1,0,0,0,0,-1,-1,-1,-1,-1,-1,-1,-1,-1,-1,-1,-1
TTTAGTCCACTGTGTA-1,0,1,0,0,0,0,0,0,0,0,0,0,0,1,0,0,0,0,-1,-1,-1,0,46,0,-1,-1,-1,-1,-1,-1
I59,0,1,0,0,0,0,0,0,0,0,0,0,0,1,0,0,0,0,0,0,0,0,0,0,0,0,0,-1,-1,-1
I60,0,1,0,0,0,0,0,0,0,0,0,0,0,1,0,0,0,0,0,0,0,0,0,0,0,0,0,-1,-1,-1
I61,0,1,0,0,0,0,0,0,0,0,0,0,0,1,0,0,0,0,0,0,0,0,0,0,0,0,0,-1,-1,-1
TCAGGTACAGGACTAG-1,0,1,0,0,0,0,0,0,0,0,0,0,0,1,0,0,0,0,0,0,0,0,37,0,0,0,0,-1,-1,-1
TTCACCGTCAGACCTA-1,0,1,0,0,0,0,0,0,0,0,0,0,0,1,0,0,0,0,0,0,0,0,40,0,5,8,0,-1,-1,-1
GGGTTATAGCCTTTCC-1,0,1,0,0,0,0,0,0,0,0,0,0,0,1,0,0,0,0,0,0,0,22,33,0,4,7,0,-1,-1,-1
I62,0,1,0,0,0,0,0,0,0,0,0,0,0,1,0,0,0,0,0,0,0,0,0:0.03/14:0.97,0,0:0.77/2:0.23,0:0.77/5:0.23,0,-1,-1,-1
TTTATGCCAGTCGAGA-1,0,1,0,0,0,0,0,0,0,0,0,0,0,1,0,0,0,0,-1,-1,-1,0,14,0,-1,-1,-1,-1,-1,-1
ACCCTCACAGCGTTGC-1,0,1,0,0,0,0,0,0,0,0,0,0,0,1,0,0,0,0,0,0,0,0,14,0,2,5,0,-1,-1,-1
CCACAAAGTCTACACA-1,16,1,3,0,0,0,7,11,0,20,16,0,0,0,0,2,23,0,7,4,0,0,27,0,-1,-1,-1,-1,-1,-1
TTACCATTCCGACATA-1,0,27,0,0,39,0,-1,-1,-1,2,4,0,2,5,0,0,5,0,0,4,0,0,6,0,-1,-1,-1,-1,-1,-1
I63,0,0,0,0,0,0,0,0,0,0,0,0,0,0,0,0,0,0,0:0.26/-1:0.72/1:0.006/2:0.009/3:0.017/4:0.014/6:0.005/7:0.018/9:0.017/10:0.016/11:0.007/12:0.004/13:0.002/14:0.002/15:0.001,0:0.26/-1:0.72/1:0.002/2:0.01/3:0.005/4:0.017/5:0.018/7:0.018/8:0.007/9:0.002/10:0.002/12:0.001/13:0.005/15:0.01/16:0.015/17:0.012/18:0.006/19:0.004/20:0.002/21:0.018/22:0.002/23:0.003/24:0.002/25:0.011,0:0.26/-1:0.72/2:0.002,0,0,0,0,0,0,0:0.26/-1:0.72/1:0.018/2:0.004,0:0.26/-1:0.72/1:0.008/2:0.002/3:0.004,0:0.26/-1:0.72/1:0.02
TTGGATGTCGGCTTGG-1,0,46,0,13,2,0,7,5,0,15,15,0,0,34,0,0,24,0,-1,-1,-1,29,44,6,-1,-1,-1,-1,-1,-1
I64,0,0,0,0,0,0,0,15,1,0,20,0,0,0:0.01/15:0.99,0,0,0:0.01/18:0.99,0,0:0.01/-1:0.99,0:0.01/-1:0.99,0:0.01/-1:0.99,0,0:0.01/20:0.99,0,0,0,0,0:0.01/-1:0.99,0:0.01/-1:0.99,0:0.01/-1:0.99
CTACCTGTCATGCTAG-1,10,19,0,0,6,0,7,15,1,0,20,0,0,15,0,17,18,0,-1,-1,-1,6,20,0,0,0,0,-1,-1,-1
I65,0,0,0,0,0,0,0,15,1,0,20,0,0,15,0,0,18,0,-1,-1,-1,0,20,0,0:0.05/-1:0.95,0:0.05/-1:0.95,0:0.05/-1:0.95,-1,-1,-1
I66,0:0.65/2:0.35,0:0.65/15:0.35,0,0,18,0:0.01/4:0.99,13,15,1,0,20,0,0,15,0,0,18,0,-1,-1,-1,0,20,0,0:0.01/-1:0.99,0:0.01/-1:0.99,0:0.01/-1:0.99,-1,-1,-1
TAAGTCGGTCGTTGCG-1,2,15,0,33,18,4,13,15,1,0,20,0,3,15,0,17,18,0,-1,-1,-1,18,20,0,-1,-1,-1,-1,-1,-1
AGTCAACGTACGAGCA-1,-1,-1,-1,13,18,4,13,15,1,0,20,0,0,15,0,3,18,0,-1,-1,-1,0,20,0,-1,-1,-1,-1,-1,-1
I67,0,19,0,0,0,0,7,15,1,0,20,0,0,15,0,0,18,0,-1,-1,-1,0,20,0,-1,-1,-1,-1,-1,-1
I68,0,19,0,0,0,0,7,15,1,0,20,0,0,15,0,0,18,0,-1,-1,-1,0,20,0,-1,-1,-1,-1,-1,-1
I69,0,19,0,0,0,0,7,15,1,0,20,0,0,15,0,0,18,0,-1,-1,-1,0,20,0,-1,-1,-1,-1,-1,-1
GGGCTACCAGACTGCC-1,0,19,0,27,2,0,7,15,1,0,20,0,0,15,0,0,18,0,-1,-1,-1,0,20,0,-1,-1,-1,-1,-1,-1
ATTCATCCAGTACTAC-1,0,19,0,0,0,0,7,15,1,2,20,0,0,15,0,0,18,0,-1,-1,-1,0,20,0,-1,-1,-1,-1,-1,-1
GAGAAATCATGGGCAA-1,0,19,0,23,27,0,7,15,1,3,20,0,0,15,0,17,18,0,-1,-1,-1,0,20,0,-1,-1,-1,-1,-1,-1
AGGCCACTCGTTCTAT-1,10,19,0,9,13,0,7,15,1,13,20,0,0,15,0,6,18,0,-1,-1,-1,0,20,0,-1,-1,-1,-1,-1,-1
