(((((ACGGTCGTCCGATTAG-1:5,(((((((CCGTAGGAGCCGAACA-1:0,(CAATACGAGCGGTATG-1:0,GTCTACCCAAGCGAGT-1:0)I36:0)I35:0.003,GTCACTCGTAACACGG-1:1.003)I34:2.997,(CTCAGGGCATGGCTGC-1:2,(CCTATCGGTCCCTAAA-1:2,((CGGACACAGTAAACAC-1:0,AGACACTCAATGCAAA-1:1)I33:0,(TTCCGGTAGGTGATAT-1:1.001,TATACCTCAGGAAGTC-1:0.001)I32:0.999)I31:0)I30:0)I29:0)I28:0,((AGGGTCCTCGACGATT-1:1,AGGTTACGTCTGCAAT-1:1)I27:1,GTGCGTGTCATGGTAC-1:1)I26:0)I25:0,ACCGTTCTCATGGAGG-1:5)I24:0,(TGTTTGTTCGTAGTCA-1:2.048,TCTACCGCAGTCAGAG-1:4.048)I23:0.952)I22:0,((CACAGATAGCTGTCCG-1:0,CTGTAGACAAGTGGAC-1:0)I21:0.033,GGTCTGGTCCGATGTA-1:3.033)I20:2.97)I19:0)I18:3.001,(CCTCTAGAGTTACGGG-1:4.001,TTGCGTCTCCGTCCTA-1:4.001)I17:0)I16:4.013,((AGCTTCCGTCTACAAC-1:5,(GGTTCTCGTGGGTATG-1:4,GATGGAGCAACGACTT-1:2)I15:0)I14:0,((CAGATTGTCAACTGGT-1:2.001,(GTGGGAAAGACAACTA-1:2.001,ACTATGGTCTTCTGTA-1:1.001)I13:0)I12:2.999,((TAAGTCGCAATCCTAG-1:4,((GCATCGGAGACTGGGT-1:2,((CGAAGTTTCCTGATAG-1:1.001,AGGCTGCGTTTGAAAG-1:0.001)I11:0.999,TCCATGCGTAACAGGC-1:1)I10:0)I9:0,((GACTCAACAACCTATG-1:0,GTCGTTCGTCAAGGCA-1:0)I8:0.008,CTCCGATGTCGCCTAG-1:3.008)I7:0.992)I6:0)I5:0,TTCAGGATCGGCTGTG-1:4)I4:0)I3:3)I2:1.013)I1:3.821,GTTCCGTCAAGCTGCC-1:17.832)12:2.257)I0;
I0,0,0,0,0,0,0,0,0,0,0,0,0,0,0,0,0,0,0,0,0,0,0,0,0,0,0,0,0,0,0
12,0,0,0,0,0,0,0,0,0,0,0,0,0,0,0,0,0,0,0,0,0,0,0,0,0,0,0,0:0.25/-1:0.72/1:0.027/2:0.005,0:0.25/-1:0.72/1:0.012/2:0.004/3:0.005,0:0.25/-1:0.72/1:0.03
GTTCCGTCAAGCTGCC-1,0,2,0,30,9,0,0,12,0,30,16,0,6,11,0,3,11,0,1,8,0,3,13,0,-1,-1,-1,-1,-1,-1
I1,0,0,0,0,0,0,0,0,0,8,12,0,0,0,0,0,13,0,0,0,0,0,0,0,0,0,0,-1,-1,-1
I2,0,0,0,0,0,0,0,12,0,8,12,0,0,0,0,0,13,0,0,0,0,0,0,0,0,0,0,-1,-1,-1
I3,0,0,0,0,0,0,0,12,0,8,12,0,0,0,0,0,13,0,0,0,0,0,0,0,-1,-1,-1,-1,-1,-1
I4,0,0,0,0,0,0,0,12,0,8,12,0,0,0,0,0,13,0,0,0,0,0,0,0,-1,-1,-1,-1,-1,-1
TTCAGGATCGGCTGTG-1,0,0,0,0,0,0,0,12,0,8,12,0,0,0,0,0,13,0,7,24,0,3,41,0,-1,-1,-1,-1,-1,-1
I5,0,0,0,0,0,0,0,12,0,8,12,0,0,0,0,0,13,0,0,0,0,0,0,0,-1,-1,-1,-1,-1,-1
I6,0,0,0,0,0,0,0,12,0,8,12,0,0,0,0,0,13,0,0,0,0,0,0,0,-1,-1,-1,-1,-1,-1
I7,0,0:0.01/27:0.99,0,0,0,0,0,12,0,8,12,0,0,0,0,0,13,0,0,0,0,0,0,0,-1,-1,-1,-1,-1,-1
CTCCGATGTCGCCTAG-1,0,27,0,0,0,0,0,12,0,8,12,0,0,7,0,0,13,0,0,0,0,18,30,0,-1,-1,-1,-1,-1,-1
I8,0,27,0,0,0,0,0,12,0,8,12,0,0,0,0,0,13,0,0,0,0,0,0,0,-1,-1,-1,-1,-1,-1
GTCGTTCGTCAAGGCA-1,0,27,0,0,0,0,0,12,0,8,12,0,0,0,0,0,13,0,0,0,0,0,0,0,-1,-1,-1,-1,-1,-1
GACTCAACAACCTATG-1,0,27,0,0,0,0,0,12,0,8,12,0,0,0,0,0,13,0,0,0,0,0,0,0,-1,-1,-1,-1,-1,-1
I9,0,0,0,0,0,0,0,12,0,8,12,0,0,0,0,0,13,0,0,0,0,0,0,0,-1,-1,-1,-1,-1,-1
I10,0,0,0,0,0,0,0,12,0,8,12,0,0,0,0,0,13,0,0,0,0,0,0,0,-1,-1,-1,-1,-1,-1
TCCATGCGTAACAGGC-1,0,0,0,0,0,0,0,12,0,8,12,0,0,30,0,0,13,0,0,0,0,0,0,0,-1,-1,-1,-1,-1,-1
I11,0,0,0,0,0,0,0,12,0,8,12,0,0,0,0,0,13,0,0,0,0,0,2,0,-1,-1,-1,-1,-1,-1
AGGCTGCGTTTGAAAG-1,0,0,0,0,0,0,0,12,0,8,12,0,0,0,0,0,13,0,0,0,0,0,2,0,-1,-1,-1,-1,-1,-1
CGAAGTTTCCTGATAG-1,0,0,0,0,0,0,0,12,0,8,12,0,0,0,0,0,13,0,0,0,0,14,2,0,-1,-1,-1,-1,-1,-1
GCATCGGAGACTGGGT-1,0,0,0,0,0,0,0,12,0,8,12,0,0,0,0,0,13,0,0,0,0,1,15,0,-1,-1,-1,-1,-1,-1
TAAGTCGCAATCCTAG-1,0,0,0,2,8,0,0,12,0,8,12,0,0,0,0,0,13,0,0,0,0,26,2,0,-1,-1,-1,-1,-1,-1
I12,0,0,0,0,0,0,0,12,0,8,12,0,0,0,0,0,13,0,-1,-1,-1,0,0,0,-1,-1,-1,-1,-1,-1
I13,0,0,0,0,0,0,0,12,0,8,12,0,0,0,0,0,13,0,-1,-1,-1,0,0,0,-1,-1,-1,-1,-1,-1
ACTATGGTCTTCTGTA-1,0,0,0,0,0,0,0,12,0,8,12,0,0,0,0,0,13,0,-1,-1,-1,0,16,0,-1,-1,-1,-1,-1,-1
GTGGGAAAGACAACTA-1,0,0,0,0,0,0,0,12,0,8,12,0,0,0,0,0,13,0,-1,-1,-1,25,35,0,-1,-1,-1,-1,-1,-1
CAGATTGTCAACTGGT-1,0,0,0,0,0,0,0,12,0,8,12,0,0,0,0,0,13,0,-1,-1,-1,10,26,0,-1,-1,-1,-1,-1,-1
I14,0,0,0,0,0,0,0,12,0,8,12,0,0,0,0,0,13,0,0,0,0,0,0,0,0,0,0,-1,-1,-1
I15,0,0,0,0,0,0,0,12,0,8,12,0,0,0,0,0,13,0,0,0,0,0,0,0,0,0,0,-1,-1,-1
GATGGAGCAACGACTT-1,0,0,0,0,0,0,0,12,0,8,12,0,0,0,0,0,13,0,0,0,0,0,32,0,0,21,0,-1,-1,-1
GGTTCTCGTGGGTATG-1,0,0,0,0,0,0,0,12,0,8,12,0,0,0,0,0,13,0,0,0,0,4,3,0,14,22,0,-1,-1,-1
AGCTTCCGTCTACAAC-1,0,18,0,0,0,0,0,12,0,8,12,0,0,0,0,0,13,0,0,9,2,0,19,0,0,9,0,-1,-1,-1
I16,0,7,0,0,1,0,0,10,0,8,12,0,0,2,0,0,13,0,0,0,0,0,0,0,0,0,0,-1,-1,-1
I17,0,7,0,0,1,0,0,10,0,8,12,0,0,2,0,0,13,0,0,0,0,0,0,0,0,0,0,-1,-1,-1
TTGCGTCTCCGTCCTA-1,0,7,0,0,1,0,0,10,0,8,12,0,0,2,0,0,13,0,7,25,0,0,2,0,0,28,0,-1,-1,-1
CCTCTAGAGTTACGGG-1,0,7,0,0,1,0,0,10,0,8,12,0,0,2,0,0,13,0,0,0,0,3,14,0,9,15,0,-1,-1,-1
I18,0,7,0,0,1,0,0,10,0,8,12,0,0,2,0,0,13,0,0,0,0,0,0,0,-1,-1,-1,-1,-1,-1
I19,0,7,0,0,1,0,0,10,0,8,12,0,0,2,0,0,13,0,0,0,0,0,0,0,-1,-1,-1,-1,-1,-1
I20,0,7,0,0,1,0,0,10,0,8,12,0,0,2,0,0,13,0,0,0,0,0:0.01/-1:0.99,0:0.01/-1:0.99,0:0.01/-1:0.99,-1,-1,-1,-1,-1,-1
GGTCTGGTCCGATGTA-1,0,7,0,0,1,0,0,10,0,8,12,0,0,2,0,0,13,0,-1,-1,-1,-1,-1,-1,-1,-1,-1,-1,-1,-1
I21,0,7,0,0,1,0,0,10,0,8,12,0,0,2,0,0,13,0,0,0,0,-1,-1,-1,-1,-1,-1,-1,-1,-1
CTGTAGACAAGTGGAC-1,0,7,0,0,1,0,0,10,0,8,12,0,0,2,0,0,13,0,0,0,0,-1,-1,-1,-1,-1,-1,-1,-1,-1
CACAGATAGCTGTCCG-1,0,7,0,0,1,0,0,10,0,8,12,0,0,2,0,0,13,0,0,0,0,-1,-1,-1,-1,-1,-1,-1,-1,-1
I22,0,7,0,0,1,0,0,10,0,8,12,0,0,2,0,0,13,0,0,0,0,0,0,0,-1,-1,-1,-1,-1,-1
I23,0,7,0,0,1,0,0,10,0,8,12,0,0,2,0,0,13,0,0,0,0,0:0.05/3:0.95,0,0,-1,-1,-1,-1,-1,-1
TCTACCGCAGTCAGAG-1,0,7,0,0,1,0,0,10,0,8,12,0,0,2,0,0,13,0,-1,-1,-1,3,13,0,-1,-1,-1,-1,-1,-1
TGTTTGTTCGTAGTCA-1,0,7,0,0,1,0,0,10,0,8,12,0,23,2,0,0,13,0,0,0,0,3,11,0,-1,-1,-1,-1,-1,-1
I24,0,7,0,0,1,0,0,10,0,8,12,0,0,2,0,0,13,0,0,0,0,0,0,0,-1,-1,-1,-1,-1,-1
ACCGTTCTCATGGAGG-1,0,7,0,0,1,0,0,10,0,8,12,0,0,2,0,10,13,0,-1,-1,-1,0,15,0,-1,-1,-1,-1,-1,-1
I25,0,7,0,0,1,0,0,10,0,8,12,0,0,2,0,0,13,0,0,0,0,0,0,0,-1,-1,-1,-1,-1,-1
I26,0,7,0,0,1,0,0,10,0,8,12,0,0,2,0,0,13,0,0,0,0,0,0,0,-1,-1,-1,-1,-1,-1
GTGCGTGTCATGGTAC-1,0,7,0,0,1,0,0,10,0,8,12,0,0,2,0,0,13,0,0,0,0,0,2,0,-1,-1,-1,-1,-1,-1
I27,0,7,0,0,1,0,0,10,0,8,12,0,0,2,0,0,13,0,0,1,0,0,0,0,-1,-1,-1,-1,-1,-1
AGGTTACGTCTGCAAT-1,0,7,0,0,1,0,0,10,0,8,12,0,0,2,0,0,13,0,3,1,0,0,0,0,-1,-1,-1,-1,-1,-1
AGGGTCCTCGACGATT-1,0,7,0,0,1,0,0,10,0,8,12,0,0,2,0,0,13,0,4,1,0,0,0,0,-1,-1,-1,-1,-1,-1
I28,0,7,0,0,1,0,0,10,0,8,12,0,0,2,0,0,13,0,0,0,0,0,0,0,-1,-1,-1,-1,-1,-1
I29,0,7,0,0,1,0,0,10,0,8,12,0,0,2,0,0,13,0,0,0,0,0,0,0,-1,-1,-1,-1,-1,-1
I30,0,7,0,0,1,0,0,10,0,8,12,0,0,2,0,0,13,0,0,0,0,0,0,0,-1,-1,-1,-1,-1,-1
I31,0,7,0,0,1,0,0,10,0,8,12,0,0,2,0,0,13,0,0,0,0,0,0,0,-1,-1,-1,-1,-1,-1
I32,0,7,0,0,1,0,0,10,0,8,12,0,0,2,0,0,13,0,0,0,0,0,3,0,-1,-1,-1,-1,-1,-1
TATACCTCAGGAAGTC-1,0,7,0,0,1,0,0,10,0,8,12,0,0,2,0,0,13,0,0,0,0,0,3,0,-1,-1,-1,-1,-1,-1
TTCCGGTAGGTGATAT-1,0,7,0,0,1,0,0,10,0,8,12,0,0,2,0,0,13,0,0,0,0,6,3,0,-1,-1,-1,-1,-1,-1
I33,0,7,0,0,1,0,0,10,0,8,12,0,0,2,0,0,13,0,0,0,0,0,0,0,-1,-1,-1,-1,-1,-1
AGACACTCAATGCAAA-1,0,7,0,0,1,0,0,10,0,8,12,0,0,2,0,0,13,0,0,0,0,0,17,0,-1,-1,-1,-1,-1,-1
CGGACACAGTAAACAC-1,0,7,0,0,1,0,0,10,0,8,12,0,0,2,0,0,13,0,0,0,0,0,0,0,-1,-1,-1,-1,-1,-1
CCTATCGGTCCCTAAA-1,0,7,0,0,1,0,0,10,0,8,12,0,0,2,0,0,13,0,0,0,0,12,20,0,-1,-1,-1,-1,-1,-1
CTCAGGGCATGGCTGC-1,0,7,0,0,1,0,0,10,0,8,12,0,0,2,0,0,13,0,0,0,0,17,28,0,-1,-1,-1,-1,-1,-1
I34,0,7,0,0,1,0,0,10,0,8,12,0,0,2,0,0,13,0,-1,-1,-1,0,0,0,-1,-1,-1,-1,-1,-1
GTCACTCGTAACACGG-1,0,7,0,0,1,0,0,10,0,8,12,0,0,2,0,0,13,0,-1,-1,-1,23,0,0,-1,-1,-1,-1,-1,-1
I35,0,7,0,0,1,0,0,10,0,8,12,0,0,2,0,0,13,0,-1,-1,-1,0,0,0,-1,-1,-1,-1,-1,-1
I36,0,7,0,0,1,0,0,10,0,8,12,0,0,2,0,0,13,0,-1,-1,-1,0,0,0,-1,-1,-1,-1,-1,-1
GTCTACCCAAGCGAGT-1,0,7,0,0,1,0,0,10,0,8,12,0,0,2,0,0,13,0,-1,-1,-1,0,0,0,-1,-1,-1,-1,-1,-1
CAATACGAGCGGTATG-1,0,7,0,0,1,0,0,10,0,8,12,0,0,2,0,0,13,0,-1,-1,-1,0,0,0,-1,-1,-1,-1,-1,-1
CCGTAGGAGCCGAACA-1,0,7,0,0,1,0,0,10,0,8,12,0,0,2,0,0,13,0,-1,-1,-1,0,0,0,-1,-1,-1,-1,-1,-1
ACGGTCGTCCGATTAG-1,0,7,0,0,1,0,0,10,0,8,12,0,0,2,0,0,13,0,-1,-1,-1,5,14,0,-1,-1,-1,-1,-1,-1
((((((AGGCCACTCGTTCTAT-1:5,(GAGAAATCATGGGCAA-1:4,(ATTCATCCAGTACTAC-1:1,GGGCTACCAGACTGCC-1:2)I68:0)I67:0)I66:2.155,(AGTCAACGTACGAGCA-1:5.03,TAAGTCGGTCGTTGCG-1:5.332)I65:3.825)I64:2.951,CTACCTGTCATGCTAG-1:6.094)I63:7.386,TTGGATGTCGGCTTGG-1:16.47)I62:1.577,(((((((((((AATTTCCCAGTCCGTG-1:5.373,TCTTCCTGTCCTACGG-1:5.373)I61:2.644,GTTCTATTCGCTCTAC-1:4.473)I60:1.102,GAATCGTGTCTACTGA-1:8.007)I59:5.472,TCGTAGAAGATAGCAT-1:15.047)I58:0.953,(TCCAGAAAGACTTGTC-1:3.022,GTTGCGGTCCAACTGA-1:1.292)I57:9.715)I56:0,((GCGAGAACATTCTTCA-1:8.037,(CAAGACTCAAGCTGCC-1:8.036,(AGTTCGATCCGCAGTG-1:0.967,AGCTACATCGTGTGGC-1:5.003)I55:3.069)I54:0.001)I53:2.979,(CACGAATGTATCACCA-1:2.003,(((AGATGAATCCCAGGAC-1:2.004,AACCTGAGTACTCCGG-1:1.004)I52:0.425,(ACTACGATCGTAACCA-1:4.135,CCCTCAACAGAGTGTG-1:2.135)I51:2.872)I50:2.571,(TCGAACAAGTCTCGTA-1:4,(TACCCGTAGCTTTGTG-1:3.131,TGCAGATGTACTGCGC-1:3.131)I49:2.883)I48:0)I47:1.003)I46:1.01)I45:5.987)I44:0,(TTACGTTTCACTTTGT-1:5.734,CTCCAACTCGACACTA-1:8.175)I43:9.447)I42:0,TGCAGATTCTACAGGT-1:18)I41:0,(((AATCGACGTTCTCTCG-1:3.369,CATGAGTTCGTAACAC-1:6.184)I40:8.21,(CAGGCCACACCGTCGA-1:4.199,AAGCCATAGGATACAT-1:4.657)I39:9.458)I38:2.718,(((((GGTCACGCACTTGACA-1:9.369,GCCGATGCAATGCAAA-1:15.258)I37:0.741,TCGACCTCAGTCAGCC-1:17)I36:0.001,(GATCAGTAGGCATGCA-1:2.58,TCATTCACACTACACA-1:9.072)I35:4.42)I34:0,(GCACATACAGCGTACC-1:10.14,ACAAAGACAGCGGATA-1:10.14)I33:2.86)I32:0,((AGTGATCAGGTAAAGG-1:0.817,GGTCTGGGTTTGGAGG-1:8.143)I31:10.559,GGCAGTCTCAGAGCGA-1:8.345)I30:0.655)I29:0)I28:3)I27:0,TTACCATTCCGACATA-1:15)I26:0,((((ACCCTCACAGCGTTGC-1:1.474,TTTATGCCAGTCGAGA-1:6.031)I25:1.526,(GGGTTATAGCCTTTCC-1:4,(TTCACCGTCAGACCTA-1:3,TCAGGTACAGGACTAG-1:1)I24:0)I23:0)I22:0,((TTTAGTCCACTGTGTA-1:0.443,TAACTTCAGAAGTCTA-1:3.029)I21:3.572,(ACAAAGACATGTGGCC-1:2,((((TCATACTCACTCCGGA-1:3,(AATCACGCATCTCGTC-1:1,((((TGATGCACATGACTCA-1:0,(((((GAAATGACATGAAGGC-1:0,TCGTAGAGTAGTCCTA-1:0)I20:0,GAGACCCCAAGTGGCA-1:0)I19:0,TCGAAGTTCTCCAAGA-1:0)I18:0,ATCCGTCCACCAAATC-1:0)I17:0,ACAGGGACACAAATCC-1:0)I16:0)I15:0,GTTCATTTCGAATCCA-1:1)I14:0,GGGATGACACAAATGA-1:1)I13:0,AACAACCGTCAATCTG-1:1)I12:0)I11:0)I10:0,CTACGGGCAGGCTACC-1:3)I9:0,(GGTAATCAGAAACTCA-1:1.004,CACGGGTTCCGTGTAA-1:1.004)I8:0.996)I7:0,AAACGCTAGGTTGGAC-1:2)I6:0)I5:0.013)I4:2.988)I3:1.071,CCACAAAGTCTACACA-1:14.071)I2:0.929)I1:0)1:3)I0;
I0,0,0,0,0,0,0,0,0,0,0,0,0,0,0,0,0,0,0,0,0,0,0,0,0,0,0,0,0,0,0
1,0,0,0,0,0,0,0,0,0,0,0,0,0,0,0,0,0,0,0,0,0,0,0,0,0,0,0,-1,-1,-1
I1,0,0,0,0,0,0,0,0,0,0,0,0,0,0,0,0,0,0,0,0,0,0,0,0,0,0,0,-1,-1,-1
I2,0,0:0.07/1:0.93,0,0,0,0,0,0,0,0,0,0,0,0,0,0,0,0,0,0,0,0,0,0,0,0,0,-1,-1,-1
CCACAAAGTCTACACA-1,16,1,3,0,0,0,7,11,0,20,16,0,0,0,0,2,23,0,7,4,0,0,27,0,-1,-1,-1,-1,-1,-1
I3,0,1,0,0,0,0,0,0,0,0,0,0,0,1,0,0,0,0,0,0,0,0,0,0,0,0,0,-1,-1,-1
I4,0,1,0,0,0,0,0,0,0,0,0,0,0,1,0,0,0,0,0,0,0,0,0,0,-1,-1,-1,-1,-1,-1
I5,0,1,0,0,0,0,0,0,0,0,0,0,0,1,0,0,0,0,0,0,0,0,0,0,-1,-1,-1,-1,-1,-1
I6,0,1,0,0,0,0,0,0,0,0,0,0,0,1,0,0,0,0,0,0,0,0,0,0,-1,-1,-1,-1,-1,-1
AAACGCTAGGTTGGAC-1,0,1,0,0,0,0,0,0,0,0,0,0,0,1,0,0,0,0,0,0,0,1,1,0,-1,-1,-1,-1,-1,-1
I7,0,1,0,0,0,0,0,0,0,0,0,0,0,1,0,0,0,0,0,0,0,0,0,0,-1,-1,-1,-1,-1,-1
I8,0,1,0,0,0,0,0,0,0,0,0,0,0,1,0,0,0,0,0,0,0,3,0,0,-1,-1,-1,-1,-1,-1
CACGGGTTCCGTGTAA-1,0,1,0,0,0,0,0,0,0,0,0,0,0,1,0,0,0,0,0,0,0,3,24,0,-1,-1,-1,-1,-1,-1
GGTAATCAGAAACTCA-1,0,1,0,0,0,0,0,0,0,0,0,0,0,1,0,0,0,0,0,0,0,3,34,0,-1,-1,-1,-1,-1,-1
I9,0,1,0,0,0,0,0,0,0,0,0,0,0,1,0,0,0,0,0,0,0,0,0,0,-1,-1,-1,-1,-1,-1
CTACGGGCAGGCTACC-1,0,1,0,0,0,0,0,0,0,0,0,0,0,1,0,0,0,0,-1,-1,-1,0,0,0,-1,-1,-1,-1,-1,-1
I10,0,1,0,0,0,0,0,0,0,0,0,0,0,1,0,0,0,0,0,0,0,0,0,0,-1,-1,-1,-1,-1,-1
I11,0,1,0,0,0,0,0,0,0,0,0,0,0,1,0,0,0,0,0,0,0,0,0,0,-1,-1,-1,-1,-1,-1
I12,0,1,0,0,0,0,0,0,0,0,0,0,0,1,0,0,0,0,0,0,0,0,0,0,-1,-1,-1,-1,-1,-1
AACAACCGTCAATCTG-1,0,1,0,0,0,0,0,0,0,0,0,0,0,1,0,0,0,0,0,0,0,0,3,0,-1,-1,-1,-1,-1,-1
I13,0,1,0,0,0,0,0,0,0,0,0,0,0,1,0,0,0,0,0,0,0,0,0,0,-1,-1,-1,-1,-1,-1
GGGATGACACAAATGA-1,0,1,0,0,0,0,0,0,0,0,0,0,0,1,0,0,0,0,0,0,0,0,2,0,-1,-1,-1,-1,-1,-1
I14,0,1,0,0,0,0,0,0,0,0,0,0,0,1,0,0,0,0,0,0,0,0,0,0,-1,-1,-1,-1,-1,-1
GTTCATTTCGAATCCA-1,0,1,0,0,0,0,0,0,0,0,0,0,0,1,0,0,6,0,0,0,0,0,0,0,-1,-1,-1,-1,-1,-1
I15,0,1,0,0,0,0,0,0,0,0,0,0,0,1,0,0,0,0,0,0,0,0,0,0,-1,-1,-1,-1,-1,-1
I16,0,1,0,0,0,0,0,0,0,0,0,0,0,1,0,0,0,0,0,0,0,0,0,0,-1,-1,-1,-1,-1,-1
ACAGGGACACAAATCC-1,0,1,0,0,0,0,0,0,0,0,0,0,0,1,0,0,0,0,0,0,0,0,0,0,-1,-1,-1,-1,-1,-1
I17,0,1,0,0,0,0,0,0,0,0,0,0,0,1,0,0,0,0,0,0,0,0,0,0,-1,-1,-1,-1,-1,-1
ATCCGTCCACCAAATC-1,0,1,0,0,0,0,0,0,0,0,0,0,0,1,0,0,0,0,0,0,0,0,0,0,-1,-1,-1,-1,-1,-1
I18,0,1,0,0,0,0,0,0,0,0,0,0,0,1,0,0,0,0,0,0,0,0,0,0,-1,-1,-1,-1,-1,-1
TCGAAGTTCTCCAAGA-1,0,1,0,0,0,0,0,0,0,0,0,0,0,1,0,0,0,0,0,0,0,0,0,0,-1,-1,-1,-1,-1,-1
I19,0,1,0,0,0,0,0,0,0,0,0,0,0,1,0,0,0,0,0,0,0,0,0,0,-1,-1,-1,-1,-1,-1
GAGACCCCAAGTGGCA-1,0,1,0,0,0,0,0,0,0,0,0,0,0,1,0,0,0,0,0,0,0,0,0,0,-1,-1,-1,-1,-1,-1
I20,0,1,0,0,0,0,0,0,0,0,0,0,0,1,0,0,0,0,0,0,0,0,0,0,-1,-1,-1,-1,-1,-1
TCGTAGAGTAGTCCTA-1,0,1,0,0,0,0,0,0,0,0,0,0,0,1,0,0,0,0,0,0,0,0,0,0,-1,-1,-1,-1,-1,-1
GAAATGACATGAAGGC-1,0,1,0,0,0,0,0,0,0,0,0,0,0,1,0,0,0,0,0,0,0,0,0,0,-1,-1,-1,-1,-1,-1
TGATGCACATGACTCA-1,0,1,0,0,0,0,0,0,0,0,0,0,0,1,0,0,0,0,0,0,0,0,0,0,-1,-1,-1,-1,-1,-1
AATCACGCATCTCGTC-1,0,1,0,0,0,0,0,0,0,0,0,0,0,1,0,0,0,0,0,0,0,0,8,0,-1,-1,-1,-1,-1,-1
TCATACTCACTCCGGA-1,0,1,0,0,0,0,0,0,0,0,0,0,0,1,0,0,0,0,0,0,0,-1,-1,-1,-1,-1,-1,-1,-1,-1
ACAAAGACATGTGGCC-1,0,1,0,0,0,0,0,0,0,0,0,0,0,1,0,0,0,0,0,0,0,4,10,0,-1,-1,-1,-1,-1,-1
I21,0,1,0,0,0,0,0,0,0,0,0,0,0,1,0,0,0,0,0:0.01/-1:0.99,0:0.01/-1:0.99,0:0.01/-1:0.99,0,0:0.41/46:0.59,0,-1,-1,-1,-1,-1,-1
TAACTTCAGAAGTCTA-1,0,1,0,0,0,0,0,0,0,0,0,0,0,1,0,0,0,0,-1,-1,-1,-1,-1,-1,-1,-1,-1,-1,-1,-1
TTTAGTCCACTGTGTA-1,0,1,0,0,0,0,0,0,0,0,0,0,0,1,0,0,0,0,-1,-1,-1,0,46,0,-1,-1,-1,-1,-1,-1
I22,0,1,0,0,0,0,0,0,0,0,0,0,0,1,0,0,0,0,0,0,0,0,0,0,0,0,0,-1,-1,-1
I23,0,1,0,0,0,0,0,0,0,0,0,0,0,1,0,0,0,0,0,0,0,0,0,0,0,0,0,-1,-1,-1
I24,0,1,0,0,0,0,0,0,0,0,0,0,0,1,0,0,0,0,0,0,0,0,0,0,0,0,0,-1,-1,-1
TCAGGTACAGGACTAG-1,0,1,0,0,0,0,0,0,0,0,0,0,0,1,0,0,0,0,0,0,0,0,37,0,0,0,0,-1,-1,-1
TTCACCGTCAGACCTA-1,0,1,0,0,0,0,0,0,0,0,0,0,0,1,0,0,0,0,0,0,0,0,40,0,5,8,0,-1,-1,-1
GGGTTATAGCCTTTCC-1,0,1,0,0,0,0,0,0,0,0,0,0,0,1,0,0,0,0,0,0,0,22,33,0,4,7,0,-1,-1,-1
I25,0,1,0,0,0,0,0,0,0,0,0,0,0,1,0,0,0,0,0,0,0,0,0:0.03/14:0.97,0,0:0.72/2:0.28,0:0.72/5:0.28,0,-1,-1,-1
TTTATGCCAGTCGAGA-1,0,1,0,0,0,0,0,0,0,0,0,0,0,1,0,0,0,0,-1,-1,-1,0,14,0,-1,-1,-1,-1,-1,-1
ACCCTCACAGCGTTGC-1,0,1,0,0,0,0,0,0,0,0,0,0,0,1,0,0,0,0,0,0,0,0,14,0,2,5,0,-1,-1,-1
I26,0,0,0,0,0,0,0,0,0,0,0,0,0,0,0,0,0,0,0,0,0,0,0,0,0,0,0,-1,-1,-1
TTACCATTCCGACATA-1,0,27,0,0,39,0,-1,-1,-1,2,4,0,2,5,0,0,5,0,0,4,0,0,6,0,-1,-1,-1,-1,-1,-1
I27,0,0,0,0,0,0,0,0,0,0,0,0,0,0,0,0,0,0,0,0,0,0,0,0,0,0,0,-1,-1,-1
I28,0,0,0,0,0,0,0,0,0,0,0,0,0,0,0,0,0,0,0,0,0,0,0,0,-1,-1,-1,-1,-1,-1
I29,0,0,0,0,0,0,0,0,0,0,0,0,0,0,0,0,0,0,0,0,0,0,0,0,-1,-1,-1,-1,-1,-1
I30,0,0,0,0,0:0.34/11:0.66,0,0,0,0,0,0,0,0,0,0,0,0,0,0,0,0,0,0,0,-1,-1,-1,-1,-1,-1
GGCAGTCTCAGAGCGA-1,0,23,0,2,11,0,0,0,0,0,31,0,0,26,0,24,30,0,0,0,0,6,3,0,-1,-1,-1,-1,-1,-1
I31,0:0.01/12:0.99,21,0,0,11,0,0:0.34/10:0.66,0:0.34/17:0.66,0,0,0,0,0,0:0.01/9:0.99,0,0,0:0.01/6:0.99,0,0:0.03/-1:0.96/1:0.003/2:0.005/3:0.009/4:0.007/6:0.003/7:0.009/9:0.008/10:0.008/11:0.003/12:0.002/13:0.001/14:0.001,0:0.03/-1:0.96/1:0.001/2:0.005/3:0.003/4:0.008/5:0.009/7:0.009/8:0.003/9:0.001/10:0.001/12:0.001/13:0.003/15:0.005/16:0.008/17:0.006/18:0.003/19:0.002/20:0.001/21:0.009/22:0.001/23:0.001/24:0.001/25:0.005,0:0.03/-1:0.96/2:0.001,8,21,0,-1,-1,-1,-1,-1,-1
GGTCTGGGTTTGGAGG-1,12,21,0,0,11,0,-1,-1,-1,13,16,4,10,9,0,11,6,0,-1,-1,-1,8,21,0,-1,-1,-1,-1,-1,-1
AGTGATCAGGTAAAGG-1,12,21,0,0,11,0,10,17,0,0,0,0,0,9,0,0,6,0,-1,-1,-1,8,21,0,-1,-1,-1,-1,-1,-1
I32,0,0,0,0,0,0,0,0,0,0,0,0,0,0,0,0,0,0,0,0,0,0,0,0,-1,-1,-1,-1,-1,-1
I33,0,0,0,0,0,0,6,0:0.02/7:0.98,0,0,0,0,0,0,0,0,0,0,0,0:0.12/7:0.88,0,0,0,0,-1,-1,-1,-1,-1,-1
ACAAAGACAGCGGATA-1,4,9,0,0,5,0,6,7,0,0,8,0,4,2,0,0,9,0,2,7,0,1,9,0,-1,-1,-1,-1,-1,-1
GCACATACAGCGTACC-1,2,3,0,3,1,0,6,7,0,15,26,0,19,24,0,3,24,0,0,7,0,0,0,0,-1,-1,-1,-1,-1,-1
I34,0,0,0,0,0,0,0,0,0,0,0,0,0,0,0,0,0,0,0,0,0,0,0,0,-1,-1,-1,-1,-1,-1
I35,0,0:0.02/7:0.98,0,0,0:0.03/1:0.97,0,0,0:0.51/10:0.49,0,0:0.01/8:0.99,0:0.01/12:0.99,0,0,0,0,0,0,0,0,0,0,0,0,0,-1,-1,-1,-1,-1,-1
TCATTCACACTACACA-1,0,7,0,0,1,0,-1,-1,-1,8,12,0,2,5,0,3,5,0,0,4,0,0,6,0,-1,-1,-1,-1,-1,-1
GATCAGTAGGCATGCA-1,0,7,0,0,1,0,0,10,0,8,12,0,0,2,0,0,13,0,0,0,0,0,0,0,-1,-1,-1,-1,-1,-1
I36,0,0,0,0,0,0,0,0,0,0,0,0,0,0,0,0,0,0,0,0,0,0,0,0,-1,-1,-1,-1,-1,-1
TCGACCTCAGTCAGCC-1,0,18,0,35,36,0,23,32,0,-1,-1,-1,-1,-1,-1,2,17,0,-1,-1,-1,0,39,0,-1,-1,-1,-1,-1,-1
I37,0,0,0,0,0,0,0:0.94/9:0.06,0:0.94/9:0.06,0,0,0:0.37/16:0.63,0,0,0,0,0,0,0,0,0,0,0,0,0,-1,-1,-1,-1,-1,-1
GCCGATGCAATGCAAA-1,0,31,0,25,9,0,9,9,0,13,16,4,20,11,0,14,11,0,0,9,2,6,13,0,-1,-1,-1,-1,-1,-1
GGTCACGCACTTGACA-1,0,35,0,0,6,0,-1,-1,-1,0,16,0,2,5,0,0,17,0,0,0,0,0,15,0,-1,-1,-1,-1,-1,-1
I38,0,0:0.08/7:0.92,0,0,0,0,0:0.24/4:0.76,0:0.23/5:0.77,0,0,0,0,0,0,0,0,0,0,0:0.87/1:0.13,0:0.87/5:0.13,0,0,0,0,-1,-1,-1,-1,-1,-1
I39,0,7,0,1,3,0,0:0.09/4:0.91,0:0.08/5:0.92,0,3,0:0.01/5:0.99,0,0,6,0,5,0:0.01/6:0.99,0,0:0.31/1:0.69,0:0.31/5:0.69,0,0,7,0,-1,-1,-1,-1,-1,-1
AAGCCATAGGATACAT-1,2,7,0,1,3,0,-1,-1,-1,3,5,0,0,6,0,5,6,0,1,5,0,0,7,0,-1,-1,-1,-1,-1,-1
CAGGCCACACCGTCGA-1,14,7,0,1,3,0,4,5,0,3,5,0,0,6,0,5,6,0,-1,-1,-1,0,7,0,-1,-1,-1,-1,-1,-1
I40,0,7,0,0,0,0,0:0.09/4:0.91,0:0.09/5:0.91,0,4,6,0,0,0,0,0:0.02/6:0.98,7,0,0:0.03/-1:0.95/1:0.02,0:0.03/-1:0.95/5:0.02,0:0.04/-1:0.95/2:0.001,0,0:0.01/2:0.99,0,-1,-1,-1,-1,-1,-1
CATGAGTTCGTAACAC-1,2,7,0,0,0,0,-1,-1,-1,4,6,0,2,5,0,6,7,0,-1,-1,-1,0,2,0,-1,-1,-1,-1,-1,-1
AATCGACGTTCTCTCG-1,3,7,0,0,0,0,4,5,0,4,6,0,3,7,0,6,7,0,-1,-1,-1,0,2,0,-1,-1,-1,-1,-1,-1
I41,0,0,0,0,0,0,0,0,0,0,0,0,0,0,0,0,0,0,0,0,0,0,0,0,0,0,0,-1,-1,-1
TGCAGATTCTACAGGT-1,27,40,0,0,11,0,4,34,8,15,36,0,-1,-1,-1,2,36,0,15,21,0,-1,-1,-1,0,0,0,-1,-1,-1
I42,0,0,0,0,0,0,0,0,0,0,0,0,0,0,0,0,0,0,0,0,0,0,0,0,0,0,0,-1,-1,-1
I43,0,0:0.02/19:0.98,0,0,0,0,0,0,0,0:0.06/-1:0.92/1:0.014/2:0.018/3:0.001/5:0.001/6:0.004/7:0.001/8:0.005/9:0.012/10:0.004/11:0.012/12:0.002/13:0.017/14:0.001/15:0.016/16:0.002/17:0.001/18:0.002/19:0.016/20:0.017/23:0.007/26:0.005/30:0.001/32:0.001,0:0.06/-1:0.92/1:0.008/2:0.001/3:0.008/4:0.001/5:0.018/6:0.004/9:0.001/10:0.004/11:0.001/12:0.005/13:0.004/14:0.012/15:0.001/16:0.015/17:0.002/18:0.002/20:0.008/21:0.001/22:0.018/23:0.001/24:0.002/25:0.007/26:0.018/29:0.005/30:0.001/31:0.003/36:0.006/37:0.001/38:0.017/39:0.01,0:0.06/-1:0.92/1:0.002/2:0.011/4:0.001,0,22,0,0:0.03/11:0.97,23,0,0,0:0.44/23:0.56,0,0,29,0,0:0.44/13:0.56,0:0.44/19:0.56,0,-1,-1,-1
CTCCAACTCGACACTA-1,0,19,0,21,2,0,11,11,0,-1,-1,-1,0,22,0,11,23,0,-1,-1,-1,0,29,0,13,19,0,-1,-1,-1
TTACGTTTCACTTTGT-1,0,19,0,0,0,0,0,36,0,-1,-1,-1,3,22,0,11,23,0,0,23,0,0,29,0,-1,-1,-1,-1,-1,-1
I44,0,0,0,0,0,0,0,0,0,0,0,0,0,0,0,0,0,0,0,0,0,0,0,0,0,0,0,-1,-1,-1
I45,1,4,0,0,0,0,2,3,0,0,0,0,0,0,0,3,3,0,0,0,0,0,0,0,0,0,0,-1,-1,-1
I46,1,4,0,0,0,0,2,3,0,0,0,0,0,0,0,3,3,0,0,3,0,0,0,0,0,0,0,-1,-1,-1
I47,1,4,0,0,0,0,2,3,0,0,3,0,0,0,0,3,3,0,0,3,0,0,0,0,0,0,0,-1,-1,-1
I48,1,4,0,0,0,0,2,3,0,0,3,0,0,0,0,3,3,0,0,3,0,0,0,0,0,0,0,-1,-1,-1
I49,1,4,0,0,0,0,2,3,0,0,3,0,0,0,0,3,3,0,0,3,0,0,0,0,0:0.04/-1:0.96,0:0.04/-1:0.96,0:0.04/-1:0.96,-1,-1,-1
TGCAGATGTACTGCGC-1,1,4,0,38,38,0,2,3,0,0,3,0,0,0,0,3,3,0,0,3,0,0,14,0,-1,-1,-1,-1,-1,-1
TACCCGTAGCTTTGTG-1,1,4,0,13,0,0,2,3,0,0,3,0,0,0,0,3,3,0,0,3,0,27,36,0,-1,-1,-1,-1,-1,-1
TCGAACAAGTCTCGTA-1,1,4,0,4,9,0,2,3,0,0,3,0,0,0,0,3,3,0,0,3,0,0,38,0,0,4,0,-1,-1,-1
I50,1,4,0,0,0,0,2,3,0,0,3,0,0,0,0,3,3,0,0,3,0,2,4,0,0,0:0.43/1:0.57,0,-1,-1,-1
I51,1,4,0,0,0,0,2,3,0,0,3,0,0,0,0,3,3,0,0,3,0,2,4,0,0:0.04/-1:0.96,0:0.02/-1:0.96/1:0.02,0:0.04/-1:0.96,-1,-1,-1
CCCTCAACAGAGTGTG-1,1,4,0,2,19,0,2,3,0,0,3,0,0,0,0,3,3,0,0,3,0,2,4,0,-1,-1,-1,-1,-1,-1
ACTACGATCGTAACCA-1,1,4,0,0,0,0,2,3,0,9,3,0,0,0,0,3,3,0,-1,-1,-1,2,4,0,-1,-1,-1,-1,-1,-1
I52,1,4,0,0,0,0,2,3,0,0,3,0,0,0,0,3,3,0,0,3,0,2,4,0,0,1,0,-1,-1,-1
AACCTGAGTACTCCGG-1,1,4,0,0,0,0,2,3,0,0,3,0,0,3,0,3,3,0,0,3,0,2,4,0,0,1,0,-1,-1,-1
AGATGAATCCCAGGAC-1,1,4,0,9,13,0,2,3,0,0,3,0,0,0,0,3,3,0,0,3,0,2,4,0,0,1,0,-1,-1,-1
CACGAATGTATCACCA-1,1,4,0,0,2,0,2,3,0,0,5,0,0,0,0,3,3,0,0,3,0,0,0,0,0,0,0,-1,-1,-1
I53,1,4,0,0,0,0,2,3,0,0,0,0,0,0,0,3,3,0,0,0,0,0,0,0,0:0.01/-1:0.99,0:0.01/-1:0.99,0:0.01/-1:0.99,-1,-1,-1
I54,1,4,0,0,0,0,2,3,0,0,0,0,0,0,0,3,3,0,0,0,0,0,0,0,0:0.01/-1:0.99,0:0.01/-1:0.99,0:0.01/-1:0.99,-1,-1,-1
I55,1,4,0,10,16,0,2,3,0,0,0,0,0,0,0,3,3,0,0:0.48/3:0.52,0:0.48/10:0.52,0,0,0,0,-1,-1,-1,-1,-1,-1
AGCTACATCGTGTGGC-1,1,4,0,10,16,0,2,3,0,12,18,0,0,0,0,3,3,0,-1,-1,-1,0,0,0,-1,-1,-1,-1,-1,-1
AGTTCGATCCGCAGTG-1,1,4,0,10,16,0,2,3,0,0,0,0,0,0,0,3,3,0,3,10,0,0,0,0,-1,-1,-1,-1,-1,-1
CAAGACTCAAGCTGCC-1,1,4,0,13,0,0,2,3,0,11,14,0,0,0,0,3,3,0,-1,-1,-1,9,23,0,-1,-1,-1,-1,-1,-1
GCGAGAACATTCTTCA-1,1,4,0,4,6,0,2,3,0,0,3,0,17,0,0,3,3,0,10,5,0,4,2,0,-1,-1,-1,-1,-1,-1
I56,0,0,0,0,0,0,0,0,0,0,0,0,0,0,0,0,0,0,0,0,0,0,0,0,0,0,0,-1,-1,-1
I57,0,3,0,0,1,0,0,0,0,0,2,0,0,0,0,0,20,0,0,2,0,-1:0.99/1:0.008/3:0.009/4:0.008/5:0.002/6:0.009/9:0.006/10:0.006/12:0.001/15:0.001/18:0.008/19:0.002/20:0.003/21:0.007/25:0.001/27:0.001/28:0.005/29:0.001,-1:0.99/2:0.009/3:0.009/5:0.002/6:0.001/10:0.001/11:0.001/13:0.006/14:0.008/15:0.009/19:0.001/20:0.005/23:0.006/25:0.002/30:0.001/31:0.005/32:0.004/34:0.008/35:0.001/36:0.001/38:0.001/41:0.001,-1:0.99/3:0.001/5:0.001,0:0.14/15:0.86,0:0.14/24:0.86,0,-1,-1,-1
GTTGCGGTCCAACTGA-1,0,3,0,0,1,0,0,5,0,0,2,0,0,0,0,0,20,0,0,2,0,-1,-1,-1,15,24,0,-1,-1,-1
TCCAGAAAGACTTGTC-1,0,3,0,0,1,0,0,0,0,0,2,0,0,0,0,0,20,0,0,2,0,-1,-1,-1,-1,-1,-1,-1,-1,-1
I58,0,0,0,0,0,0,0,0,0,0,0,0,0,0,0,0,0,0,0,0,0,0,0,0,0,0:0.05/23:0.95,0,-1,-1,-1
TCGTAGAAGATAGCAT-1,26,38,6,9,13,0,7,11,0,15,16,0,0,0,0,28,34,0,-1,-1,-1,0,27,0,0,23,0,-1,-1,-1
I59,0,8,0,0,4,0,0,0,0,0,0,0,0,8,0,0,8,0,0,0,0,0,0:0.01/3:0.99,0,0:0.54/11:0.46,0:0.03/23:0.97,0,-1,-1,-1
GAATCGTGTCTACTGA-1,0,8,0,0,4,0,0,26,0,0,5,0,0,8,0,0,8,0,-1,-1,-1,0,3,0,-1,-1,-1,-1,-1,-1
I60,0,8,0,0,4,0,0,0,0,0,7,0,0,8,0,0,8,0,0,0,0,0,3,0,0:0.45/11:0.55,0:0.02/23:0.98,0,-1,-1,-1
GTTCTATTCGCTCTAC-1,0,8,0,0,4,0,0,31,6,0,7,0,0,8,0,11,8,0,0,16,0,0,3,0,11,23,0,-1,-1,-1
I61,0,8,0,0,4,0,0,0,0,0,7,0,0,8,0,0,8,0,0,0,0,0,3,0,0:0.05/-1:0.88/11:0.07,-1:0.88/23:0.12,0:0.11/-1:0.88/1:0.001,-1,-1,-1
TCTTCCTGTCCTACGG-1,0,8,0,2,4,0,10,33,0,0,7,0,0,8,0,0,8,0,14,16,0,0,3,0,-1,-1,-1,-1,-1,-1
AATTTCCCAGTCCGTG-1,0,8,0,0,4,0,5,6,0,0,7,0,3,8,0,0,8,0,0,6,1,0,3,0,-1,-1,-1,-1,-1,-1
I62,0,0,0,0,0,0,0,0,0,0,0,0,0,0,0,0,0,0,0:0.47/-1:0.51/1:0.006/2:0.009/3:0.017/4:0.014/6:0.005/7:0.018/9:0.017/10:0.016/11:0.007/12:0.004/13:0.002/14:0.002/15:0.001,0:0.47/-1:0.51/1:0.002/2:0.01/3:0.005/4:0.017/5:0.018/7:0.018/8:0.007/9:0.002/10:0.002/12:0.001/13:0.005/15:0.01/16:0.015/17:0.012/18:0.006/19:0.004/20:0.002/21:0.018/22:0.002/23:0.003/24:0.002/25:0.011,0:0.47/-1:0.51/2:0.002,0,0,0,0,0,0,-1,-1,-1
TTGGATGTCGGCTTGG-1,0,46,0,13,2,0,7,5,0,15,15,0,0,34,0,0,24,0,-1,-1,-1,29,44,6,-1,-1,-1,-1,-1,-1
I63,0,0,0,0,0,0,0,15,1,0,20,0,0,0:0.01/15:0.99,0,0,0:0.01/18:0.99,0,0:0.02/-1:0.98,0:0.02/-1:0.98,0:0.02/-1:0.98,0,0:0.01/20:0.99,0,0,0,0,-1,-1,-1
CTACCTGTCATGCTAG-1,10,19,0,0,6,0,7,15,1,0,20,0,0,15,0,17,18,0,-1,-1,-1,6,20,0,0,0,0,-1,-1,-1
I64,0,0,0,0,0,0,0,15,1,0,20,0,0,15,0,0,18,0,-1,-1,-1,0,20,0,0:0.05/-1:0.95,0:0.05/-1:0.95,0:0.05/-1:0.95,-1,-1,-1
I65,0:0.65/2:0.35,0:0.65/15:0.35,0,0,18,0:0.01/4:0.99,13,15,1,0,20,0,0,15,0,0,18,0,-1,-1,-1,0,20,0,-1:0.99/1:0.001/2:0.008/5:0.001/6:0.009/7:0.007/8:0.008/11:0.006/12:0.009/13:0.006,-1:0.99/1:0.006/2:0.002/3:0.001/4:0.009/7:0.004/8:0.001/9:0.005/10:0.004/11:0.003/13:0.008/14:0.004/16:0.001/18:0.009/19:0.006/20:0.001/21:0.003/23:0.001/25:0.008/27:0.009/28:0.003,-1:0.99/1:0.001,-1,-1,-1
TAAGTCGGTCGTTGCG-1,2,15,0,33,18,4,13,15,1,0,20,0,3,15,0,17,18,0,-1,-1,-1,18,20,0,-1,-1,-1,-1,-1,-1
AGTCAACGTACGAGCA-1,-1,-1,-1,13,18,4,13,15,1,0,20,0,0,15,0,3,18,0,-1,-1,-1,0,20,0,-1,-1,-1,-1,-1,-1
I66,0,19,0,0,0,0,7,15,1,0,20,0,0,15,0,0,18,0,-1,-1,-1,0,20,0,-1,-1,-1,-1,-1,-1
I67,0,19,0,0,0,0,7,15,1,0,20,0,0,15,0,0,18,0,-1,-1,-1,0,20,0,-1,-1,-1,-1,-1,-1
I68,0,19,0,0,0,0,7,15,1,0,20,0,0,15,0,0,18,0,-1,-1,-1,0,20,0,-1,-1,-1,-1,-1,-1
GGGCTACCAGACTGCC-1,0,19,0,27,2,0,7,15,1,0,20,0,0,15,0,0,18,0,-1,-1,-1,0,20,0,-1,-1,-1,-1,-1,-1
ATTCATCCAGTACTAC-1,0,19,0,0,0,0,7,15,1,2,20,0,0,15,0,0,18,0,-1,-1,-1,0,20,0,-1,-1,-1,-1,-1,-1
GAGAAATCATGGGCAA-1,0,19,0,23,27,0,7,15,1,3,20,0,0,15,0,17,18,0,-1,-1,-1,0,20,0,-1,-1,-1,-1,-1,-1
AGGCCACTCGTTCTAT-1,10,19,0,9,13,0,7,15,1,13,20,0,0,15,0,6,18,0,-1,-1,-1,0,20,0,-1,-1,-1,-1,-1,-1
(((((GCATGATCAAAGACGC-1:1.06,CCATCACGTCTCACGG-1:4.06)I14:5.987,(ATTACTCGTTACCCAA-1:2.908,(((TCACGGGGTGCACATT-1:1.14,TAAGCACAGTTGCATC-1:6.073)I13:0.942,TCTATCAAGCAGCAGT-1:2.082)I12:0.96,(GAGATGGAGGAACTAT-1:0,TTGACCCTCATCGCTC-1:0)I11:2.043)I10:3.091)I9:4.473)I8:3.448,(TTGTGTTTCGACACTA-1:6.615,TCTTGCGAGGAATTAC-1:6.615)I7:6.554)I6:2.253,(((GCCATGGAGTGCTCAT-1:3.001,(TCTTGCGCAGCACCCA-1:3.001,GATGTTGCAATACGCT-1:0.001)I5:0)I4:3.013,CTAGGTATCCGCTAGG-1:2.635)I3:2.777,(GTCAGCGTCAAGTGGG-1:5.332,CAGAGCCTCTTCCCAG-1:4.332)I2:6.767)I1:3.653)3:4.944)I0;
I0,0,0,0,0,0,0,0,0,0,0,0,0,0,0,0,0,0,0,0,0,0,0,0,0,0,0,0,0,0,0
3,0,0,0,0,19,0,0,0,0,0,0,0,0,0,0,0,0,0,0,8,0,0,0,0,0,0,0,0:0.02/-1:0.98,0:0.02/-1:0.98,0:0.02/-1:0.98
I1,0,0,0,14,19,0,0,0,0,0,0:0.02/22:0.98,0,0,0:0.01/13:0.99,0,0,0,0,0,8,0,0,0,0,0:0.68/10:0.32,0:0.68/17:0.32,0,-1,-1,-1
I2,0,0,0,14,19,0,0:0.04/-1:0.95/2:0.002/4:0.009/5:0.002/7:0.008/8:0.008/9:0.006/10:0.009/11:0.008/12:0.003/13:0.001/15:0.003/16:0.001/18:0.001/21:0.003/22:0.007/23:0.002/25:0.001,0:0.04/-1:0.95/1:0.008/3:0.009/5:0.009/6:0.002/7:0.001/8:0.009/9:0.001/10:0.005/11:0.005/13:0.001/14:0.002/16:0.003/17:0.001/19:0.001/20:0.004/21:0.001/23:0.001/24:0.008/27:0.001/29:0.002/30:0.001/31:0.001/32:0.002/37:0.004,0:0.04/-1:0.95/2:0.001/3:0.001/5:0.006,0,22,0,0,13,0,0,0,0,0,8,0,0,0:0.02/14:0.98,0,0:0.03/-1:0.95/10:0.02,0:0.03/-1:0.95/17:0.02,0:0.04/-1:0.95/1:0.001,-1,-1,-1
CAGAGCCTCTTCCCAG-1,0,0,0,14,19,0,-1,-1,-1,17,22,0,0,13,0,11,17,0,0,8,0,4,14,0,-1,-1,-1,-1,-1,-1
GTCAGCGTCAAGTGGG-1,0,2,0,14,19,0,-1,-1,-1,20,22,0,0,13,0,13,15,0,0,8,0,24,14,0,-1,-1,-1,-1,-1,-1
I3,0,2,0,14,19,0,0,0,0,0,22,0,0,13,0,0,0:0.01/17:0.99,0,0,8,0,0,0,0,0:0.31/10:0.69,0:0.31/17:0.69,0,-1,-1,-1
CTAGGTATCCGCTAGG-1,0,2,0,14,19,0,5,6,0,0,22,0,0,13,0,0,17,0,0,8,0,0,0,0,10,17,0,-1,-1,-1
I4,0,2,0,14,19,0,0,0,0,0,22,0,0,13,0,0,17,0,0,8,0,0,0,0,-1,-1,-1,-1,-1,-1
I5,0,2,0,14,19,0,0,0,0,0,22,0,0,13,0,0,17,0,0,8,0,0,0,0,-1,-1,-1,-1,-1,-1
GATGTTGCAATACGCT-1,0,2,0,14,19,0,0,0,0,0,22,0,0,13,0,0,17,0,0,8,0,0,0,0,-1,-1,-1,-1,-1,-1
TCTTGCGCAGCACCCA-1,0,2,0,14,19,0,8,11,0,0,22,0,0,13,0,0,17,0,0,8,0,0,10,0,-1,-1,-1,-1,-1,-1
GCCATGGAGTGCTCAT-1,0,2,0,14,19,0,-1,-1,-1,0,22,0,0,13,0,0,17,0,0,8,0,0,0,0,-1,-1,-1,-1,-1,-1
I6,0,2,0,0,19,0,0,0,0,0,0,0,0,0,0,0,0:0.04/17:0.96,0,0,8,0,0,0,0,0:0.88/7:0.12,0:0.88/12:0.12,0,-1,-1,-1
I7,0,2,0,0,19,0,0:0.08/-1:0.9/2:0.003/4:0.017/5:0.004/7:0.017/8:0.016/9:0.012/10:0.018/11:0.016/12:0.005/13:0.001/14:0.001/15:0.007/16:0.001/18:0.001/19:0.001/21:0.006/22:0.014/23:0.004/25:0.002,0:0.08/-1:0.9/1:0.017/3:0.018/5:0.018/6:0.004/7:0.003/8:0.018/9:0.003/10:0.011/11:0.01/13:0.002/14:0.004/16:0.005/17:0.001/19:0.001/20:0.008/21:0.002/22:0.001/23:0.002/24:0.015/27:0.001/28:0.001/29:0.005/30:0.002/31:0.002/32:0.004/33:0.001/37:0.008,0:0.08/-1:0.9/2:0.001/3:0.001/5:0.011,0,0:0.03/22:0.97,0,0,0,0,0,17,0,0,8,0,0,0,0,0:0.07/-1:0.9/7:0.03,0:0.07/-1:0.9/12:0.03,0:0.08/-1:0.9/1:0.001,-1,-1,-1
TCTTGCGAGGAATTAC-1,0,2,0,37,19,0,-1,-1,-1,13,22,0,0,30,0,29,17,0,3,8,0,0,14,0,-1,-1,-1,-1,-1,-1
TTGTGTTTCGACACTA-1,32,2,0,0,19,0,-1,-1,-1,2,22,0,26,35,0,32,17,0,0,8,0,0,45,0,-1,-1,-1,-1,-1,-1
I8,0,2,0,0,19,0,0,0,0,0,0,0,12,17,0,0,17,0,0,8,0,0,0:0.03/14:0.97,0,0:0.66/7:0.34,0:0.66/12:0.34,0,-1,-1,-1
I9,0,2,0,0,19,0,0:0.03/-1:0.96/2:0.002/4:0.009/5:0.002/7:0.008/8:0.008/9:0.006/10:0.009/11:0.008/12:0.003/13:0.001/15:0.003/16:0.001/18:0.001/21:0.003/22:0.007/23:0.002/25:0.001,0:0.03/-1:0.96/1:0.008/3:0.009/5:0.009/6:0.002/7:0.001/8:0.009/9:0.001/10:0.005/11:0.005/13:0.001/14:0.002/16:0.003/17:0.001/19:0.001/20:0.004/21:0.001/23:0.001/24:0.008/27:0.001/29:0.002/30:0.001/31:0.001/32:0.002/37:0.004,0:0.03/-1:0.96/2:0.001/3:0.001/5:0.006,0,0:0.01/22:0.99,0,12,17,0,0,17,0,0,8,0,0,14,0,0:0.39/7:0.61,0:0.39/12:0.61,0,-1,-1,-1
I10,0,2,0,0,19,0,-1,-1,-1,0,22,0,12,17,0,0,17,0,0,8,0,0,14,0,-1:0.99/7:0.01,-1:0.99/12:0.01,0:0.01/-1:0.99,-1,-1,-1
I11,0,2,0,0,19,0,-1,-1,-1,0,22,0,12,17,0,0,17,0,3,8,0,21,14,0,-1,-1,-1,-1,-1,-1
TTGACCCTCATCGCTC-1,0,2,0,0,19,0,-1,-1,-1,0,22,0,12,17,0,0,17,0,3,8,0,21,14,0,-1,-1,-1,-1,-1,-1
GAGATGGAGGAACTAT-1,0,2,0,0,19,0,-1,-1,-1,0,22,0,12,17,0,0,17,0,3,8,0,21,14,0,-1,-1,-1,-1,-1,-1
I12,0,2,0,0,19,0,-1,-1,-1,0:0.08/13:0.92,22,0,12,17,0,0,17,0,0,8,0,0,14,0,-1,-1,-1,-1,-1,-1
TCTATCAAGCAGCAGT-1,0,2,0,36,19,0,-1,-1,-1,13,22,0,12,17,0,0,17,0,0,8,0,6,14,0,-1,-1,-1,-1,-1,-1
I13,0,2,0,0,19,0,-1,-1,-1,0:0.07/13:0.93,22,0,12,17,0,0,17,0,0,8,0,0:0.07/3:0.93,14,0,-1,-1,-1,-1,-1,-1
TAAGCACAGTTGCATC-1,11,2,0,32,19,0,-1,-1,-1,-1,-1,-1,12,17,0,0,17,0,10,8,0,3,14,0,-1,-1,-1,-1,-1,-1
TCACGGGGTGCACATT-1,14,2,0,0,19,0,-1,-1,-1,13,22,0,12,17,0,0,17,0,0,8,0,3,14,0,-1,-1,-1,-1,-1,-1
ATTACTCGTTACCCAA-1,0,2,0,0,19,0,-1,-1,-1,13,22,0,12,17,0,0,17,0,7,8,0,0,14,0,7,12,0,-1,-1,-1
I14,17,2,0,13,19,0,0,0,0,0,0,0,12,17,0,0,17,0,0,8,0,0:0.01/3:0.99,14,0,0:0.01/-1:0.98/7:0.01,0:0.01/-1:0.98/12:0.01,0:0.01/-1:0.98/1:0.001,-1,-1,-1
CCATCACGTCTCACGG-1,17,2,0,13,19,0,19,22,0,0,5,0,12,17,0,0,17,0,9,8,0,3,14,0,-1,-1,-1,-1,-1,-1
GCATGATCAAAGACGC-1,17,2,0,13,19,0,0,0,0,0,2,0,12,17,0,0,17,0,0,8,0,3,14,0,-1,-1,-1,-1,-1,-1
((((TCACACCAGCACTTTG-1:6,(CAGATACTCAGTGATC-1:3,(CGTGAATGTACAATAG-1:6.055,GTTGTAGGTCTTACTT-1:0.814)I15:1.186)I14:0)I13:3.039,TTACAGGTCTCTTGCG-1:5.039)I12:3.058,(((AGAGCAGCACAACGTT-1:2.978,CCGGTGACACCTTCGT-1:3.001)I11:4.022,((CTACTATGTCGCGTCA-1:1.001,AAAGGTAGTCATACCA-1:0.001)I10:3,((AGTAACCTCCTTGAAG-1:2.001,TTGGGATGTTAGTTCG-1:3.001)I9:1,(TAATTCCAGGGCTTCC-1:3,CTACCCACAGAGGTAC-1:2)I8:0)I7:1)I6:0)I5:1.017,(CTGCGAGAGGTGAGCT-1:5.001,(TCGTCCAGTTTAGTCG-1:4,(GTCGTAAGTTCAGCTA-1:2.072,TTGGGCGTCTACCAGA-1:2.072)I4:2.937)I3:0.001)I2:2.016)I1:5.082)4:7.921)I0;
I0,0,0,0,0,0,0,0,0,0,0,0,0,0,0,0,0,0,0,0,0,0,0,0,0,0,0,0,0,0,0
4,0,0,0,0,0,0,0,0:0.01/1:0.99,0,0,0,0,0,0:0.01/2:0.99,0,0,1,0,0,1,0,0,0:0.01/2:0.99,0,0,0,0,0:0.02/-1:0.98,0:0.02/-1:0.98,0:0.02/-1:0.98
I1,0,0,0,0,0,0,0,1,0,0,0,0,1,2,0,1,1,0,0,1,0,0,2,0,-1:0.99/1:0.001/2:0.008/5:0.001/6:0.009/7:0.007/8:0.008/11:0.006/12:0.009/13:0.006,-1:0.99/1:0.006/2:0.002/3:0.001/4:0.009/7:0.004/8:0.001/9:0.005/10:0.004/11:0.003/13:0.008/14:0.004/16:0.001/18:0.009/19:0.006/20:0.001/21:0.003/23:0.001/25:0.008/27:0.009/28:0.003,-1:0.99/1:0.001,-1,-1,-1
I2,0,0,0,0,1,0,21,1,0,0,0,0,1,2,0,1,1,0,0,1,0,0,2,0,-1,-1,-1,-1,-1,-1
I3,0,0,0,0,1,0,21,1,0,0,0,0,1,2,0,1,1,0,0,1,0,0,2,0,-1,-1,-1,-1,-1,-1
I4,0,0,0,0,1,0,21,1,0,0:0.02/-1:0.98,0:0.02/-1:0.98,0:0.02/-1:0.98,1,2,0,1,1,0,0,1,0,0,2,0,-1,-1,-1,-1,-1,-1
TTGGGCGTCTACCAGA-1,0,5,0,2,1,0,21,1,0,-1,-1,-1,1,2,0,1,1,0,0,1,0,0,2,0,-1,-1,-1,-1,-1,-1
GTCGTAAGTTCAGCTA-1,10,1,0,0,1,0,21,1,0,-1,-1,-1,1,2,0,1,1,0,0,1,0,0,2,0,-1,-1,-1,-1,-1,-1
TCGTCCAGTTTAGTCG-1,18,39,0,0,1,0,21,1,0,1,1,0,1,2,0,1,1,0,0,1,0,0,2,0,-1,-1,-1,-1,-1,-1
CTGCGAGAGGTGAGCT-1,0,28,0,4,1,0,21,1,0,20,30,0,1,2,0,1,1,0,0,1,0,19,2,0,-1,-1,-1,-1,-1,-1
I5,0,2,0,0,0,0,0,1,0,0,0,0,1,2,0,1,1,0,0,1,0,0,2,0,-1,-1,-1,-1,-1,-1
I6,0,2,0,0,0,0,0,1,0,0,0,0,1,2,0,1,1,0,0,1,0,0,2,0,-1,-1,-1,-1,-1,-1
I7,0,2,0,0,1,0,0,1,0,0,0,0,1,2,0,1,1,0,0,1,0,0,2,0,-1,-1,-1,-1,-1,-1
I8,0,2,0,0,1,0,0,1,0,0,0,0,1,2,0,1,1,0,0,1,0,0,2,0,-1,-1,-1,-1,-1,-1
CTACCCACAGAGGTAC-1,0,2,0,4,1,0,0,1,0,0,29,0,1,2,0,1,1,0,0,1,0,0,2,0,-1,-1,-1,-1,-1,-1
TAATTCCAGGGCTTCC-1,10,2,0,0,1,0,0,1,0,31,34,0,1,2,0,1,1,0,0,1,0,0,2,0,-1,-1,-1,-1,-1,-1
I9,0,2,0,0,1,0,0,1,0,0,0,0,1,2,0,1,1,0,5,1,0,0,2,0,-1,-1,-1,-1,-1,-1
TTGGGATGTTAGTTCG-1,0,2,0,0,1,0,10,1,0,1,1,0,1,2,0,1,1,0,5,1,0,0,2,0,-1,-1,-1,-1,-1,-1
AGTAACCTCCTTGAAG-1,0,2,0,0,1,0,0,1,0,2,4,0,1,2,0,1,1,0,5,1,0,0,2,0,-1,-1,-1,-1,-1,-1
I10,0,2,0,0,0,0,1,1,0,1,1,0,1,2,0,1,1,0,0,1,0,0,2,0,-1,-1,-1,-1,-1,-1
AAAGGTAGTCATACCA-1,0,2,0,0,0,0,1,1,0,1,1,0,1,2,0,1,1,0,0,1,0,0,2,0,-1,-1,-1,-1,-1,-1
CTACTATGTCGCGTCA-1,0,2,0,0,11,0,1,1,0,1,1,0,1,2,0,1,1,0,0,1,0,0,2,0,-1,-1,-1,-1,-1,-1
I11,0,2,0,8,12,1,0,1,0,0:0.49/2:0.51,0:0.49/4:0.51,0,1,2,0,1,1,0,0,1,0,0,2,0,-1,-1,-1,-1,-1,-1
CCGGTGACACCTTCGT-1,0,2,0,8,12,1,0,1,0,-1,-1,-1,1,2,0,1,1,0,0,1,0,0,2,0,-1,-1,-1,-1,-1,-1
AGAGCAGCACAACGTT-1,7,2,0,8,12,1,11,1,0,2,4,0,1,2,0,1,1,0,0,1,0,0,2,0,-1,-1,-1,-1,-1,-1
I12,0,2,0,0,0:0.02/1:0.98,0,0,1,0,0,0:0.01/1:0.99,0,0,2,0,0,1,0,0,1,0,0,2,0,0,0,0,-1,-1,-1
TTACAGGTCTCTTGCG-1,10,2,0,0,1,0,0,1,0,0,1,0,0,2,0,0,1,0,0,1,0,1,2,0,-1,-1,-1,-1,-1,-1
I13,0,2,0,0,1,0,0,1,0,1,1,0,1,2,0,1,1,0,0,1,0,0,2,0,0,0,0,-1,-1,-1
I14,0,2,0,0,1,0,0,1,0,1,1,0,1,2,0,1,1,0,0,1,0,0,2,0,0,0,0,-1,-1,-1
I15,0,2,0,0,1,0,0:0.06/4:0.94,1,0,1,1,0,1,2,0,1,1,0,0,1,0,0,2,0,0,0:0.76/25:0.24,0,-1,-1,-1
GTTGTAGGTCTTACTT-1,0,2,0,0,1,0,4,1,0,1,1,0,1,2,0,1,1,0,0,1,0,0,2,0,0,25,0,-1,-1,-1
CGTGAATGTACAATAG-1,0,2,0,0,1,0,4,1,0,1,1,0,1,2,0,1,1,0,-1,-1,-1,0,2,0,-1,-1,-1,-1,-1,-1
CAGATACTCAGTGATC-1,13,2,0,0,1,0,10,1,0,1,1,0,1,2,0,1,1,0,0,1,0,0,2,0,0,9,0,-1,-1,-1
TCACACCAGCACTTTG-1,0,2,0,13,1,0,11,1,0,1,1,0,1,2,0,1,1,0,0,1,0,28,2,0,-1,-1,-1,-1,-1,-1
(((((((GAAGGGTAGCTGACCC-1:5.031,(TCCTCTTAGCGAACTG-1:3.015,(ACAAAGATCGTTCCTG-1:0,CTTGATTGTAGCTTTG-1:0)I30:0.015)I29:1.669)I28:1.347,TCCACGTGTATAGGGC-1:4.03)I27:0.994,CTCATCGTCGACATAC-1:6.024)I26:2.089,TACCGGGGTACAGTTC-1:8.113)I25:7.05,(((((TCCATGCCAAGGGCAT-1:0.003,AACCTGAAGTGTTCCA-1:1.003)I24:3.031,AGAACAAAGTCTGGAG-1:3.421)I23:1.579,(((AACGTCAAGTTGCTGT-1:0.746,AGGAATAAGTCATCCA-1:3.006)I22:3.254,((TCCTTCTAGTGACCTT-1:1.006,GTCGTTCTCCTCTGCA-1:1.006)I21:0.994,((((((CAACAGTCACGACAAG-1:2,(TGTTACTTCCATCGTC-1:0,GGCTGTGTCCTTATAC-1:0)I20:0)I19:0,AGCCACGCATCAGCTA-1:2)I18:0,GCTGAATGTGGCCTCA-1:2)I17:0,TTCAATCGTTTGGGTT-1:2)I16:0,TCGAACAAGGCCCGTT-1:3)I15:0,ACGGTTAGTAATCAGA-1:2)I14:0)I13:3)I12:0.001,(AGGTCTATCCATTGGA-1:5,CCTCTCCAGGTACAGC-1:3)I11:1)I10:0)I9:1,((CATCGTCCAAAGGCGT-1:5,CCTAACCAGGATTCCT-1:5)I8:0,GAGTTACTCCGGACGT-1:5)I7:0)I6:3.021,CGCCATTTCAGGACGA-1:12.948)I5:2.197)I4:1.864,(CCACCATAGGAAAGTG-1:14.009,(TCTCCGACACATGTTG-1:9.029,(ATTTACCAGGGTTAAT-1:3.007,AGGGTTTAGAAACTAC-1:4.591)I3:1.439)I2:2.98)I1:0)5:2.992)I0;
I0,0,0,0,0,0,0,0,0,0,0,0,0,0,0,0,0,0,0,0,0,0,0,0,0,0,0,0,0,0,0
5,0,0,0,0,0,0,0,0,0,0,0,0,0,0,0,0,0,0,0,0,0,0,0,0,0,0,0,-1,-1,-1
I1,0,0,0,0,0,0,0,0,0,0,0,0,0,0,0,0,0,0,0,0,0,0,0,0,0,0,0,-1,-1,-1
I2,0:0.01/11:0.99,0,0,0,0,0,0,0:0.02/5:0.98,0,0,15,0,0,0,0,0,0,0,0,0,0,0,0,0,0,0,0,-1,-1,-1
I3,11,0,0,0,0,0,0,5,0,0,15,0,0,0,0,0,0:0.01/2:0.99,0,0,0:0.58/2:0.42,0,0,0,0,0,0,0,-1,-1,-1
AGGGTTTAGAAACTAC-1,11,0,0,0,15,0,0,5,0,0,15,0,0,0,0,0,2,0,0,2,0,-1,-1,-1,0,0,0,-1,-1,-1
ATTTACCAGGGTTAAT-1,11,0,0,0,0,0,0,5,0,0,15,0,0,0,0,0,2,0,-1,-1,-1,0,0,0,0,0,0,-1,-1,-1
TCTCCGACACATGTTG-1,11,0,0,0,0,0,0,5,0,0,15,0,0,0,0,0,7,0,12,19,0,-1,-1,-1,-1,-1,-1,-1,-1,-1
CCACCATAGGAAAGTG-1,0,7,0,0,1,0,0,10,0,8,12,2,0,2,0,0,13,0,-1,-1,-1,0,0,0,-1,-1,-1,-1,-1,-1
I4,0,3,0,0,0,0,0,0,0,0,0,0,0,0,0,0,0,0,0,0,0,0:0.14/3:0.86,0,0,0,0,0,-1,-1,-1
I5,0,3,0,0,0,0,0,0,0,0,0:0.01/2:0.99,0,0,0,0,0,0:0.02/2:0.98,0,0,0,0,0:0.12/3:0.88,0:0.81/13:0.19,0,0,0,0,-1,-1,-1
CGCCATTTCAGGACGA-1,0,3,0,4,9,0,8,9,0,0,2,0,6,11,0,0,2,0,-1,-1,-1,3,13,0,-1,-1,-1,-1,-1,-1
I6,0,3,0,0,0,0,0,0,0,0,2,0,0,0,0,0,2,0,0,0,0,-1,-1,-1,0,0,0,-1,-1,-1
I7,0,3,0,0,0,0,0,0,0,0,2,0,0,0,0,0,2,0,0,0,0,-1,-1,-1,0,0,0,-1,-1,-1
GAGTTACTCCGGACGT-1,0,3,0,0,0,0,-1,-1,-1,0,2,0,0,0,0,0,2,0,0,15,0,-1,-1,-1,0,20,0,-1,-1,-1
I8,0,3,0,0,0,0,0,0,0,0,2,0,0,0,0,0,2,0,0,0,0,-1,-1,-1,0,0,0,-1,-1,-1
CCTAACCAGGATTCCT-1,0,3,0,0,0,0,0,8,0,0,2,0,0,0,0,0,2,0,0,7,0,-1,-1,-1,-1,-1,-1,-1,-1,-1
CATCGTCCAAAGGCGT-1,0,3,0,0,15,0,0,20,0,0,2,0,0,0,0,0,2,0,0,5,0,-1,-1,-1,8,14,0,-1,-1,-1
I9,0,3,0,0,0,0,0,0,0,0,2,0,0,0,0,0,2,0,0,2,0,-1,-1,-1,0,0,0,-1,-1,-1
I10,0,3,0,0,0,0,0,0,0,0,2,0,0,0,0,0,2,0,0,2,0,-1,-1,-1,0,0,0,-1,-1,-1
I11,0,3,0,0,15,0,0,0,0,0,2,0,0,0,0,0,2,0,0,2,0,-1,-1,-1,0,0,0,-1,-1,-1
CCTCTCCAGGTACAGC-1,0,3,0,0,15,0,10,23,0,0,2,0,0,0,0,0,2,0,0,2,0,-1,-1,-1,0,16,0,-1,-1,-1
AGGTCTATCCATTGGA-1,0,3,0,0,15,0,12,16,2,0,2,0,0,0,0,0,2,0,0,2,0,-1,-1,-1,6,11,0,-1,-1,-1
I12,0,3,0,0,0,0,0,0,0,0,2,0,0,0,0,0,2,0,0,2,0,-1,-1,-1,0,0,0,-1,-1,-1
I13,0,3,0,0,0,0,0,0,0,0,2,0,0,0,0,0,2,0,0,2,0,-1,-1,-1,-1,-1,-1,-1,-1,-1
I14,0,3,0,0,0,0,0,0,0,0,2,0,0,0,0,0,2,0,0,2,0,-1,-1,-1,-1,-1,-1,-1,-1,-1
ACGGTTAGTAATCAGA-1,0,3,0,0,0,0,0,11,0,0,2,1,0,0,0,0,2,0,0,2,0,-1,-1,-1,-1,-1,-1,-1,-1,-1
I15,0,3,0,0,0,0,0,0,0,0,2,0,0,0,0,0,2,0,0,2,0,-1,-1,-1,-1,-1,-1,-1,-1,-1
TCGAACAAGGCCCGTT-1,0,3,0,0,0,0,0,0,0,0,2,0,0,0,0,0,2,0,-1,-1,-1,-1,-1,-1,-1,-1,-1,-1,-1,-1
I16,0,3,0,0,0,0,0,0,0,0,2,0,0,0,0,0,2,0,0,2,0,-1,-1,-1,-1,-1,-1,-1,-1,-1
TTCAATCGTTTGGGTT-1,0,3,0,0,0,0,25,37,0,0,2,0,0,0,0,0,2,0,0,2,0,-1,-1,-1,-1,-1,-1,-1,-1,-1
I17,0,3,0,0,0,0,0,0,0,0,2,0,0,0,0,0,2,0,0,2,0,-1,-1,-1,-1,-1,-1,-1,-1,-1
GCTGAATGTGGCCTCA-1,0,3,0,0,0,0,9,28,0,0,2,0,0,0,0,0,2,0,0,2,0,-1,-1,-1,-1,-1,-1,-1,-1,-1
I18,0,3,0,0,0,0,0,0,0,0,2,0,0,0,0,0,2,0,0,2,0,-1,-1,-1,-1,-1,-1,-1,-1,-1
AGCCACGCATCAGCTA-1,0,3,0,0,15,0,0,14,0,0,2,0,0,0,0,0,2,0,0,2,0,-1,-1,-1,-1,-1,-1,-1,-1,-1
I19,0,3,0,0,0,0,0,0,0,0,2,0,0,0,0,0,2,0,0,2,0,-1,-1,-1,-1,-1,-1,-1,-1,-1
I20,0,3,0,0,0,0,0,0,0,0,2,0,0,0,0,0,2,0,0,2,0,-1,-1,-1,-1,-1,-1,-1,-1,-1
GGCTGTGTCCTTATAC-1,0,3,0,0,0,0,0,0,0,0,2,0,0,0,0,0,2,0,0,2,0,-1,-1,-1,-1,-1,-1,-1,-1,-1
TGTTACTTCCATCGTC-1,0,3,0,0,0,0,0,0,0,0,2,0,0,0,0,0,2,0,0,2,0,-1,-1,-1,-1,-1,-1,-1,-1,-1
CAACAGTCACGACAAG-1,0,3,0,0,0,0,15,8,0,0,2,0,0,0,0,0,2,0,0,2,0,-1,-1,-1,-1,-1,-1,-1,-1,-1
I21,0,3,0,0,0,0,0:0.01/10:0.99,0,0,0,2,0,0,0,0,0,2,0,0,2,0,-1,-1,-1,-1,-1,-1,-1,-1,-1
GTCGTTCTCCTCTGCA-1,0,3,0,0,0,0,10,29,0,0,2,0,0,0,0,0,2,0,0,2,0,-1,-1,-1,-1,-1,-1,-1,-1,-1
TCCTTCTAGTGACCTT-1,0,3,0,0,0,0,10,1,0,0,2,0,0,0,0,0,2,0,0,2,0,-1,-1,-1,-1,-1,-1,-1,-1,-1
I22,0,3,0,0,0,0,2,0:0.01/3:0.99,0,0,2,0,0,0,0,0,2,0,0,2,0,-1,-1,-1,0:0.37/1:0.63,0:0.37/3:0.63,0,-1,-1,-1
AGGAATAAGTCATCCA-1,0,3,0,0,0,0,2,3,0,0,2,0,0,0,0,0,2,0,0,2,0,-1,-1,-1,-1,-1,-1,-1,-1,-1
AACGTCAAGTTGCTGT-1,0,3,0,0,0,0,2,3,0,0,2,0,0,0,0,0,2,0,0,2,0,-1,-1,-1,1,3,0,-1,-1,-1
I23,0,3,0,0,0,0,0,0,0,0,2,0,0,0,0,0:0.03/2:0.97,2,0,0,2,0,-1,-1,-1,0:0.69/4:0.31,0:0.69/7:0.31,0,-1,-1,-1
AGAACAAAGTCTGGAG-1,0,3,0,0,0,0,9,13,0,0,2,0,0,0,0,2,2,0,0,2,0,-1,-1,-1,4,7,0,-1,-1,-1
I24,0,3,0,0,0,0,0,0,0,0,2,0,0,0,0,2,2,0,0,2,0,-1,-1,-1,-1,-1,-1,-1,-1,-1
AACCTGAAGTGTTCCA-1,0,3,0,0,0,0,0,2,0,0,2,0,0,0,0,2,2,0,0,2,0,-1,-1,-1,-1,-1,-1,-1,-1,-1
TCCATGCCAAGGGCAT-1,0,3,0,0,0,0,0,0,0,0,2,0,0,0,0,2,2,0,0,2,0,-1,-1,-1,-1,-1,-1,-1,-1,-1
I25,0,3,0,0,0,0,0,0,0,5,9,0,0,0,0,0,0,0,0,0:0.01/7:0.99,0,3,11,0,0:0.03/-1:0.97,0:0.03/-1:0.97,0:0.03/-1:0.97,-1,-1,-1
TACCGGGGTACAGTTC-1,19,3,0,34,32,0,0,8,0,5,9,0,21,28,0,27,32,0,0,7,0,3,11,0,-1,-1,-1,-1,-1,-1
I26,0,3,0,0,0:0.01/6:0.99,0,0,0,0,5,9,0,0,0:0.01/6:0.99,0,0,0,0,0,7,0,3,11,0,-1,-1,-1,-1,-1,-1
CTCATCGTCGACATAC-1,19,3,0,0,6,0,20,25,4,5,9,0,7,6,0,0,6,0,0,7,0,3,11,0,-1,-1,-1,-1,-1,-1
I27,0,3,0,0,6,0,0,0:0.03/8:0.97,0,5,9,0,0,6,0,0,0,0,0,7,0,3,11,0,-1,-1,-1,-1,-1,-1
TCCACGTGTATAGGGC-1,10,3,0,0,6,0,22,8,0,5,9,0,0,6,0,0,17,0,10,7,0,3,11,0,-1,-1,-1,-1,-1,-1
I28,0:0.03/5:0.97,3,0,0:0.65/2:0.35,6,0,0,8,0,5,9,0,0,6,0,0,0,0,0,7,0,3,11,0,-1,-1,-1,-1,-1,-1
I29,5,3,0,0:0.01/2:0.99,6,0,0:0.01/7:0.99,8,0,5,9,0,0,6,0,0,0,0,0,7,0,3,11,0,-1,-1,-1,-1,-1,-1
I30,5,3,0,2,6,0,7,8,0,5,9,0,0,6,0,0,0,0,0,7,0,3,11,0,-1,-1,-1,-1,-1,-1
CTTGATTGTAGCTTTG-1,5,3,0,2,6,0,7,8,0,5,9,0,0,6,0,0,0,0,0,7,0,3,11,0,-1,-1,-1,-1,-1,-1
ACAAAGATCGTTCCTG-1,5,3,0,2,6,0,7,8,0,5,9,0,0,6,0,0,0,0,0,7,0,3,11,0,-1,-1,-1,-1,-1,-1
TCCTCTTAGCGAACTG-1,5,3,0,2,6,0,7,8,0,5,9,0,0,6,0,-1,-1,-1,0,7,0,3,11,0,-1,-1,-1,-1,-1,-1
GAAGGGTAGCTGACCC-1,5,3,0,-1,-1,-1,0,8,0,5,9,0,0,6,0,11,5,0,0,7,0,3,11,0,-1,-1,-1,-1,-1,-1
(((ACTTTCACATACGCAT-1:16.694,(TCAGTGAGTTGAGGAC-1:5.633,(CCTGCATAGATGGGCT-1:3.011,(AGGAATATCGAGCACC-1:7.011,(ACATTTCGTGTGAGCA-1:5.172,CGCATGGCATGCCGCA-1:6.172)I48:0.838)I47:0.002)I46:3.092)I45:9.824)I44:1.609,(((((CCTCTAGAGCACTCCG-1:2.655,GAGGGATTCGGTAGAG-1:5.073)I43:12.333,ACATCCCTCGTGGTAT-1:11.974)I42:1.074,(((TCTGGCTCAGAGCTAG-1:7.847,AGAGAGCGTATGGAGC-1:11.847)I41:1.859,ATGTCTTAGTTGCGCC-1:10.035)I40:3.561,(((AGAGCAGTCTTTGATC-1:9.309,GCGGAAACAAAGAACT-1:12.309)I39:2.77,((((((TAGCACAGTAAGGCTG-1:0,(GTGCTGGTCGTGCTCT-1:0,ATTCCATAGGGAACAA-1:0)I38:0)I37:0,AGCGTATAGGTCTGGA-1:2)I36:0,((TGTTCCGAGTGGCGAT-1:4.002,((AGGATCTGTTTACGAC-1:3.069,TAAGTCGAGTCCGCCA-1:1.069)I35:2.94,(TGATGCATCCTAGCGG-1:3,((CCGAACGCAGACGATG-1:1.999,TTGTTTGGTCAAAGTA-1:3)I34:0.001,CGCATAAGTGGAACCA-1:2)I33:0)I32:1.001)I31:0.001)I30:3.136,TTGCATTCATAGACTC-1:10.137)I29:0.863)I28:0.002,(ATACCGAGTTTACCTT-1:5.019,((CCTACGTTCCGTCCTA-1:5.068,((CTCAATTGTGTGTGGA-1:3.126,CAGGTATAGGGCCAAT-1:2.126)I27:3.11,ATTCCATCAACGACAG-1:4.955)I26:3.123)I25:1.937,CTAACTTAGGTGCGAT-1:7.005)I24:1.014)I23:2.983)I22:0.998,TCCAGAACATTAGGAA-1:10)I21:0,((TGATCAGCATGTGGCC-1:3.261,((GACCTTCGTTCGTTCC-1:2.04,CTGTATTAGGTAGTCG-1:3.04)I20:2.025,GACTTCCAGATCCGAG-1:1.064)I19:2.984)I18:3.763,(ACGCACGAGTACAGAT-1:1.011,ACATCCCTCGACGACC-1:4.011)I17:5.012)I16:3.976)I15:0)I14:1,(GTGCAGCTCAGGACGA-1:8,(CCACGTTGTTGTTGTG-1:1,AGATGCTCAGCGGATA-1:0)I13:6)I12:0)I11:0)I10:0)I9:3,(CCTGTTGCATAATGAG-1:5.025,CATTGCCGTCAGACGA-1:1.401)I8:14.599)I7:0,(((CTTACCGCAAGCCATT-1:5.232,GGTAACTAGACTGGGT-1:13.981)I6:3.466,(TTCTGTATCCGATGTA-1:6.582,GTCTGTCAGTGATTCC-1:7.582)I5:3.496)I4:3.33,AGGTCTACATCCTTCG-1:10.038)I3:3.025)I2:0)I1:3)I0;
I0,0,0,0,0,0,0,0,0,0,0,0,0,0,0,0,0,0,0,0,0,0,0,0,0,0,0,0,0,0,0
I1,0,0,0,0,0,0,0,0,0,0,0,0,0,0,0,0,0,0,0,0,0,0,0,0,0,0,0,-1,-1,-1
I2,0,0,0,0,0,0,0,0,0,0,0,0,0,0,0,0,0,0,0,0,0,0,0,0,0,0,0,-1,-1,-1
I3,0,0,0,0,0,0,0,2,0,0,0,0,0,0:0.04/7:0.96,0,0,0,0,0:0.47/6:0.53,0:0.47/13:0.53,0,0,0,0,0,0,0,-1,-1,-1
AGGTCTACATCCTTCG-1,10,20,0,0,17,0,0,2,0,0,0,0,0,7,0,0,19,0,-1,-1,-1,7,14,0,0,10,0,-1,-1,-1
I4,0,0,0,0,0,0,0,2,0,0,0,0,0,7,0,13,15,0,6,13,0,0,0,0,0:0.82/2:0.18,0:0.82/5:0.18,0,-1,-1,-1
I5,0,0,0,0,0:0.05/11:0.95,0,0,2,0,0,0,0,0,7,0,13,15,0,6,13,0,0,0,0,0:0.12/-1:0.82/2:0.06,0:0.12/-1:0.82/5:0.06,0:0.15/-1:0.82/1:0.002,-1,-1,-1
GTCTGTCAGTGATTCC-1,23,36,5,29,11,0,8,2,0,0,0,0,16,7,5,13,15,0,6,13,0,0,0,0,-1,-1,-1,-1,-1,-1
TTCTGTATCCGATGTA-1,27,15,0,3,11,0,22,2,0,0,39,0,9,7,0,13,15,0,6,13,0,0,0,0,-1,-1,-1,-1,-1,-1
I6,0,0,0,0,0,0,0:0.27/-1:0.71/2:0.003/4:0.017/5:0.004/7:0.017/8:0.016/9:0.012/10:0.018/11:0.016/12:0.005/13:0.001/14:0.001/15:0.007/16:0.001/18:0.001/19:0.001/21:0.006/22:0.014/23:0.004/25:0.002,-1:0.71/2:0.29,0:0.27/-1:0.71/2:0.001/3:0.001/5:0.011,0,0,0,0,7,0,13,15,0,6,13,0,0,0:0.1/15:0.9,0,0:0.63/2:0.37,0:0.63/5:0.37,0,-1,-1,-1
GGTAACTAGACTGGGT-1,2,3,0,28,30,7,-1,-1,-1,28,33,5,3,7,4,13,15,0,6,13,0,0,15,0,-1,-1,-1,-1,-1,-1
CTTACCGCAAGCCATT-1,20,30,0,0,11,0,-1,-1,-1,0,0,0,0,7,0,13,15,0,6,13,0,0,15,0,2,5,0,-1,-1,-1
I7,0,0,0,0,0,0,0,0,0,0,0,0,0,0,0,0,0,0,0,0,0,0,0,0,0,0,0,-1,-1,-1
I8,0,1,0,2,2,0,15,21,0,0,22,0,0,19,0,18,17,0,8,14,0,11,3,0,0:0.19/4:0.81,0:0.19/7:0.81,0,-1,-1,-1
CATTGCCGTCAGACGA-1,15,1,0,2,2,0,15,21,0,0,22,0,0,19,0,18,17,0,8,14,0,11,3,0,4,7,0,-1,-1,-1
CCTGTTGCATAATGAG-1,5,1,0,2,2,0,15,21,0,0,22,0,15,19,0,18,17,0,8,14,0,11,3,0,-1,-1,-1,-1,-1,-1
I9,0,0,0,0,0,0,0,0,0,0,0,0,0,0,0,0,0,0,0,0,0,0,0,0,-1,-1,-1,-1,-1,-1
I10,0,0,0,0,0,0,0,0,0,0,0,0,0,0,0,0,0,0,0,0,0,0,0,0,-1,-1,-1,-1,-1,-1
I11,0,0,0,0,0,0,0,0,0,0,0,0,0,0,0,0,0,0,0,0,0,0,0,0,-1,-1,-1,-1,-1,-1
I12,0,0,0,0,0,0,0,0,0,0,0,0,0,0,0,0,0,0,0,0,0,0,0,0,-1,-1,-1,-1,-1,-1
I13,0,0,0,0,14,3,0,5,0,0,15,0,0,0,0,0,0,0,0,0,0,0,18,1,-1,-1,-1,-1,-1,-1
AGATGCTCAGCGGATA-1,0,0,0,0,14,3,0,5,0,0,15,0,0,0,0,0,0,0,0,0,0,0,18,1,-1,-1,-1,-1,-1,-1
CCACGTTGTTGTTGTG-1,0,0,0,0,14,3,0,5,0,0,15,0,0,0,0,0,7,0,0,0,0,0,18,1,-1,-1,-1,-1,-1,-1
GTGCAGCTCAGGACGA-1,0,7,0,20,1,0,0,10,0,8,12,0,0,2,0,0,13,0,0,0,0,0,0,0,-1,-1,-1,-1,-1,-1
I14,0,0,0,0,0,0,0,2,0,0,0,0,0,0,0,0,0,0,0,0,0,0,0,0,-1,-1,-1,-1,-1,-1
I15,0,0,0,0,0,0,0,2,0,0,0,0,0,0,0,0,0,0,0,0,0,0,0,0,-1,-1,-1,-1,-1,-1
I16,0,0,0,0,0:0.01/8:0.99,0,0,2,0,6,10,0,0,0,0,0,10,0,0,0,0,0,0,0,-1,-1,-1,-1,-1,-1
I17,0,0,0,0,8,0,0,2,0,6,10,0,5,10,0:0.01/1:0.99,7,10,0,0,0,0,0,12,0,-1,-1,-1,-1,-1,-1
ACATCCCTCGACGACC-1,0,11,0,0,8,0,0,2,0,6,10,0,5,10,1,7,10,0,-1,-1,-1,0,12,0,-1,-1,-1,-1,-1,-1
ACGCACGAGTACAGAT-1,0,0,0,5,8,0,0,2,0,6,10,0,5,10,1,7,10,0,0,0,0,0,12,0,-1,-1,-1,-1,-1,-1
I18,0,0,0,0,8,0,0:0.02/11:0.98,2,0,6,10,0,0,0:0.01/7:0.99,0,0,10,0,0,0:0.61/9:0.39,0:0.61/2:0.39,0,0:0.01/2:0.99,0,-1,-1,-1,-1,-1,-1
I19,0,0,0,0,8,0,11,2,0,6,10,0,0,7,0,0,10,0,0:0.02/-1:0.98,0:0.01/-1:0.98/9:0.01,0:0.01/-1:0.98/2:0.01,0,2,0,-1,-1,-1,-1,-1,-1
GACTTCCAGATCCGAG-1,0,0,0,0,8,0,11,2,0,6,10,0,0,7,0,7,10,0,-1,-1,-1,0,2,0,-1,-1,-1,-1,-1,-1
I20,0,0,0,0,8,0,11,2,0,6,10,0,0,7,0,0:0.02/3:0.98,10,0,-1,-1,-1,0:0.02/3:0.98,2,0,-1,-1,-1,-1,-1,-1
CTGTATTAGGTAGTCG-1,0,29,0,2,8,0,11,2,0,6,10,0,17,7,0,3,10,0,-1,-1,-1,3,2,0,-1,-1,-1,-1,-1,-1
GACCTTCGTTCGTTCC-1,0,3,0,22,8,0,11,2,0,6,10,0,0,7,0,3,10,0,-1,-1,-1,3,2,0,-1,-1,-1,-1,-1,-1
TGATCAGCATGTGGCC-1,0,0,0,4,8,0,11,2,0,6,10,0,3,7,0,0,10,0,0,9,2,0,2,0,-1,-1,-1,-1,-1,-1
I21,0,0,0,0,0,0,0,2,0,0,0,0,0,0,0,0,0,0,0,0,0,0,0,0,-1,-1,-1,-1,-1,-1
TCCAGAACATTAGGAA-1,0,21,0,0,35,9,22,2,0,0,26,0,0,29,0,0,33,0,0,18,0,10,14,0,-1,-1,-1,-1,-1,-1
I22,0,0,0,0,0,0,0,2,0,0,0,0,0,7,0,0,0,0,0,0,0,0,0,0,-1,-1,-1,-1,-1,-1
I23,0,0,0,0,0,0,0,2,0,0,0,0,0,7,0,0,0:0.01/6:0.99,0,0,11,0,0,0:0.01/2:0.99,0,-1,-1,-1,-1,-1,-1
I24,0,0,0,0,0,0,0,2,0,0,23,0,0,7,0,0,6,0,0,11,0,0,2,0,-1,-1,-1,-1,-1,-1
CTAACTTAGGTGCGAT-1,1,4,0,0,0,0,4,2,0,19,23,0,0,7,0,11,6,0,4,11,0,15,2,0,-1,-1,-1,-1,-1,-1
I25,0,0:0.02/22:0.98,0,0,0,0,0,2,0,0,23,0,0,7,0,0:0.05/2:0.95,6,0,0,11,0,0,2,0,-1,-1,-1,-1,-1,-1
I26,0,22,0,0,0:0.73/20:0.27,0,0,2,0,0,23,0,0,7,0,2,6,0,0:0.07/-1:0.93,-1:0.93/11:0.07,0:0.07/-1:0.93,0,2,0,-1,-1,-1,-1,-1,-1
ATTCCATCAACGACAG-1,0,22,0,0,20,0,10,2,0,15,23,0,13,7,0,2,6,0,-1,-1,-1,3,2,0,-1,-1,-1,-1,-1,-1
I27,0,22,0,0:0.04/-1:0.96,0:0.03/-1:0.96/20:0.01,0:0.04/-1:0.96,0,2,0,0,23,0,0,7,0,2,6,0,-1,-1,-1,0,2,0,-1,-1,-1,-1,-1,-1
CAGGTATAGGGCCAAT-1,0,22,0,-1,-1,-1,16,2,0,18,23,0,0,7,0,2,6,0,-1,-1,-1,0,2,0,-1,-1,-1,-1,-1,-1
CTCAATTGTGTGTGGA-1,0,22,0,-1,-1,-1,0,2,0,15,23,0,16,7,0,2,6,0,-1,-1,-1,16,2,0,-1,-1,-1,-1,-1,-1
CCTACGTTCCGTCCTA-1,0,22,0,0,1,0,16,2,0,1,23,0,8,7,0,2,6,0,0,11,0,1,2,0,-1,-1,-1,-1,-1,-1
ATACCGAGTTTACCTT-1,0,22,0,0,0,0,7,2,0,14,21,0,10,7,0,0,6,0,0,11,0,0,2,0,-1,-1,-1,-1,-1,-1
I28,0,0,0,0,0,0,0,2,0,0,0,0,0,7,0,0,0,0,0,0,0,0,0,0,-1,-1,-1,-1,-1,-1
I29,0,0,0,0,0:0.14/11:0.86,0,0,2,0,0,0,0,0,7,0,0,0,0,0,0,0,0,0,0,-1,-1,-1,-1,-1,-1
TTGCATTCATAGACTC-1,0,0,0,7,11,0,26,2,0,13,30,0,25,7,0,13,15,0,-1,-1,-1,0,0,0,-1,-1,-1,-1,-1,-1
I30,0,0,0,0,11,0,0,2,0,0,0,0,0,7,0,0,0,0,0,0,0,-1,-1,-1,-1,-1,-1,-1,-1,-1
I31,0,0,0,0,11,0,0,2,0,0,0,0,0,7,0,0,0,0,0,0,0,-1,-1,-1,-1,-1,-1,-1,-1,-1
I32,0,0,0,0,11,0,0,2,0,0,0,0,0,7,0,0,0,0,0,15,0,-1,-1,-1,-1,-1,-1,-1,-1,-1
I33,0,0,0,0,11,0,0,2,0,0,0,0,0,7,0,0,0,0,0,15,0,-1,-1,-1,-1,-1,-1,-1,-1,-1
CGCATAAGTGGAACCA-1,0,0,0,0,11,0,0,2,0,21,28,0,0,7,0,0,0,0,0,15,0,-1,-1,-1,-1,-1,-1,-1,-1,-1
I34,0,0,0,0,11,0,0,2,0,0,0,0,0,7,0,0,0,0,0,15,0,-1,-1,-1,-1,-1,-1,-1,-1,-1
TTGTTTGGTCAAAGTA-1,0,0,0,0,11,0,0,2,0,-1,-1,-1,0,7,0,0,0,0,0,15,0,-1,-1,-1,-1,-1,-1,-1,-1,-1
CCGAACGCAGACGATG-1,0,0,0,0,11,0,0,2,0,1,25,0,0,7,0,0,0,0,0,15,0,-1,-1,-1,-1,-1,-1,-1,-1,-1
TGATGCATCCTAGCGG-1,0,0,0,0,11,0,0,2,0,13,16,0,0,7,0,0,7,0,0,15,0,-1,-1,-1,-1,-1,-1,-1,-1,-1
I35,0,0,0,0,11,0,0,2,0,0,0,0,0,7,0,0,0,0,0:0.02/-1:0.98,0:0.02/-1:0.98,0:0.02/-1:0.98,-1,-1,-1,-1,-1,-1,-1,-1,-1
TAAGTCGAGTCCGCCA-1,0,0,0,0,11,0,0,2,0,0,0,0,0,7,0,0,6,0,-1,-1,-1,-1,-1,-1,-1,-1,-1,-1,-1,-1
AGGATCTGTTTACGAC-1,0,0,0,0,11,0,0,2,0,-1,-1,-1,0,7,0,0,0,0,-1,-1,-1,-1,-1,-1,-1,-1,-1,-1,-1,-1
TGTTCCGAGTGGCGAT-1,0,0,0,0,11,0,0,2,0,20,36,0,0,7,0,0,7,0,0,22,0,-1,-1,-1,-1,-1,-1,-1,-1,-1
I36,0,0,0,0,0,0,0,2,0,0,0,0,0,7,0,0,0,0,0,0,0,0,0,0,-1,-1,-1,-1,-1,-1
AGCGTATAGGTCTGGA-1,0,0,0,0,0,0,0,2,0,0,17,0,0,7,0,0,3,0,0,0,0,0,0,0,-1,-1,-1,-1,-1,-1
I37,0,0,0,0,0,0,0,2,0,0,0,0,0,7,0,0,0,0,0,0,0,0,0,0,-1,-1,-1,-1,-1,-1
I38,0,0,0,0,0,0,0,2,0,0,0,0,0,7,0,0,0,0,0,0,0,0,0,0,-1,-1,-1,-1,-1,-1
ATTCCATAGGGAACAA-1,0,0,0,0,0,0,0,2,0,0,0,0,0,7,0,0,0,0,0,0,0,0,0,0,-1,-1,-1,-1,-1,-1
GTGCTGGTCGTGCTCT-1,0,0,0,0,0,0,0,2,0,0,0,0,0,7,0,0,0,0,0,0,0,0,0,0,-1,-1,-1,-1,-1,-1
TAGCACAGTAAGGCTG-1,0,0,0,0,0,0,0,2,0,0,0,0,0,7,0,0,0,0,0,0,0,0,0,0,-1,-1,-1,-1,-1,-1
I39,0,0,0,0,0,0,0,2,0,0,0,0,0,0,0,0,0,0,0:0.36/-1:0.61/1:0.01/2:0.014/3:0.026/4:0.021/6:0.008/7:0.027/9:0.025/10:0.025/11:0.01/12:0.006/13:0.003/14:0.003/15:0.001,0:0.36/-1:0.61/1:0.003/2:0.014/3:0.008/4:0.025/5:0.027/7:0.027/8:0.01/9:0.002/10:0.004/12:0.002/13:0.008/14:0.001/15:0.015/16:0.023/17:0.018/18:0.009/19:0.006/20:0.003/21:0.028/22:0.002/23:0.004/24:0.003/25:0.016,0:0.36/-1:0.61/2:0.002,0,0:0.15/2:0.85,0,-1,-1,-1,-1,-1,-1
GCGGAAACAAAGAACT-1,0,13,0,26,28,0,-1,-1,-1,0,30,0,0,25,0,11,29,0,-1,-1,-1,18,2,0,-1,-1,-1,-1,-1,-1
AGAGCAGTCTTTGATC-1,0,3,0,2,6,2,0,2,0,4,6,0,0,0,0,3,7,0,-1,-1,-1,0,2,0,-1,-1,-1,-1,-1,-1
I40,0,0,0,0,0:0.02/11:0.98,0,0:0.4/10:0.6,0,0,0,0,0,0,0,0,0:0.01/13:0.99,0:0.01/15:0.99,0,0,0,0,0,0,0,-1,-1,-1,-1,-1,-1
ATGTCTTAGTTGCGCC-1,0,1,0,0,11,0,-1,-1,-1,0,0,0,11,16,2,13,15,0,6,13,0,0,22,0,-1,-1,-1,-1,-1,-1
I41,0,0:0.02/15:0.98,0,0,11,0,0:0.09/10:0.91,0,0,0:0.87/11:0.13,0:0.87/14:0.13,0,0,0,0,13,15,0,0:0.87/13:0.13,0:0.87/20:0.13,0,0,0,0,-1,-1,-1,-1,-1,-1
AGAGAGCGTATGGAGC-1,2,15,1,7,11,0,10,2,0,11,14,0,3,14,0,13,15,0,-1,-1,-1,0,2,0,-1,-1,-1,-1,-1,-1
TCTGGCTCAGAGCTAG-1,5,15,0,20,11,0,10,1,0,-1,-1,-1,0,0,0,13,15,0,13,20,0,0,0,0,-1,-1,-1,-1,-1,-1
I42,0,0,0,0,0,0,0,0,0,0,0,0,0,0,0,0,0,0,0:0.64/-1:0.34/1:0.006/2:0.009/3:0.017/4:0.014/6:0.005/7:0.018/9:0.017/10:0.016/11:0.007/12:0.004/13:0.002/14:0.002/15:0.001,0:0.64/-1:0.34/1:0.002/2:0.01/3:0.005/4:0.017/5:0.018/7:0.018/8:0.007/9:0.002/10:0.002/12:0.001/13:0.005/15:0.01/16:0.015/17:0.012/18:0.006/19:0.004/20:0.002/21:0.018/22:0.002/23:0.003/24:0.002/25:0.011,0:0.64/-1:0.34/2:0.002,0,0,0,-1,-1,-1,-1,-1,-1
ACATCCCTCGTGGTAT-1,6,12,0,0,9,0,7,9,0,0,0,0,0,11,0,8,11,0,-1,-1,-1,4,3,0,-1,-1,-1,-1,-1,-1
I43,0,25,0,0:0.01/2:0.99,25,0,3,4,0,0,0:0.01/26:0.99,0,0,20,0:0.01/3:0.99,0:0.29/3:0.71,0:0.29/24:0.71,0,0:0.01/-1:0.98/1:0.003/2:0.005/3:0.009/4:0.007/6:0.003/7:0.009/9:0.008/10:0.008/11:0.003/12:0.002/13:0.001/14:0.001,0:0.01/-1:0.98/1:0.001/2:0.005/3:0.003/4:0.008/5:0.009/7:0.009/8:0.003/9:0.001/10:0.001/12:0.001/13:0.003/15:0.005/16:0.008/17:0.006/18:0.003/19:0.002/20:0.001/21:0.009/22:0.001/23:0.001/24:0.001/25:0.005,0:0.01/-1:0.98/2:0.001,13,0,0,-1,-1,-1,-1,-1,-1
GAGGGATTCGGTAGAG-1,0,25,0,2,25,0,3,4,0,0,26,0,3,20,3,-1,-1,-1,-1,-1,-1,13,31,0,-1,-1,-1,-1,-1,-1
CCTCTAGAGCACTCCG-1,5,25,0,2,25,0,3,4,0,13,26,0,0,20,3,3,24,0,-1,-1,-1,13,0,0,-1,-1,-1,-1,-1,-1
I44,0,0,0,0,0,0,0:0.88/8:0.12,0:0.87/9:0.13,0,0,0,0,0,0,0,0,0,0,0:0.55/-1:0.44/1:0.003/2:0.005/3:0.009/4:0.007/6:0.003/7:0.009/9:0.008/10:0.008/11:0.003/12:0.002/13:0.001/14:0.001,0:0.55/-1:0.44/1:0.001/2:0.005/3:0.003/4:0.008/5:0.009/7:0.009/8:0.003/9:0.001/10:0.001/12:0.001/13:0.003/15:0.005/16:0.008/17:0.006/18:0.003/19:0.002/20:0.001/21:0.009/22:0.001/23:0.001/24:0.001/25:0.005,0:0.55/-1:0.44/2:0.001,0,0,0,0,0,0,-1,-1,-1
I45,0,0,0,0:0.01/4:0.99,0:0.01/9:0.99,0,0:0.01/8:0.99,9,0,0,0,0,6,11,0,0,0,0,0:0.01/-1:0.98/1:0.003/2:0.005/3:0.009/4:0.007/6:0.003/7:0.009/9:0.008/10:0.008/11:0.003/12:0.002/13:0.001/14:0.001,0:0.01/-1:0.98/1:0.001/2:0.005/3:0.003/4:0.008/5:0.009/7:0.009/8:0.003/9:0.001/10:0.001/12:0.001/13:0.003/15:0.005/16:0.008/17:0.006/18:0.003/19:0.002/20:0.001/21:0.009/22:0.001/23:0.001/24:0.001/25:0.005,0:0.01/-1:0.98/2:0.001,0:0.01/3:0.99,0:0.01/13:0.99,0,0,0:0.53/26:0.47,0,-1,-1,-1
I46,0,0,0,4,9,0,8,9,0,0,0,0,6,11,0,0,0,0,-1,-1,-1,3,13,0,-1,-1,-1,-1,-1,-1
I47,0,0,0,4,9,0,8,9,0,0,0,0,6,11,0,0,0,0,-1,-1,-1,3,13,0,-1,-1,-1,-1,-1,-1
I48,0:0.17/2:0.83,0,0,4,9,0,8,9,0,0,0,0,6,11,0,0,0,0,-1,-1,-1,3,13,0,-1,-1,-1,-1,-1,-1
CGCATGGCATGCCGCA-1,2,26,0,4,9,6,8,9,0,22,16,0,6,11,0,3,11,0,-1,-1,-1,3,13,0,-1,-1,-1,-1,-1,-1
ACATTTCGTGTGAGCA-1,2,13,0,4,9,0,8,9,0,7,11,0,6,11,0,9,12,0,-1,-1,-1,3,13,0,-1,-1,-1,-1,-1,-1
AGGAATATCGAGCACC-1,-1,-1,-1,4,9,0,8,9,0,0,19,0,6,11,0,-1,-1,-1,-1,-1,-1,3,13,0,-1,-1,-1,-1,-1,-1
CCTGCATAGATGGGCT-1,0,0,0,4,9,0,8,9,0,0,0,0,6,11,0,20,25,1,-1,-1,-1,3,13,0,-1,-1,-1,-1,-1,-1
TCAGTGAGTTGAGGAC-1,0,1,0,4,9,6,8,9,0,0,16,0,6,11,0,3,11,0,-1,-1,-1,3,13,0,0,26,0,-1,-1,-1
ACTTTCACATACGCAT-1,5,0,0,6,10,0,-1,-1,-1,10,13,0,7,12,0,12,14,0,-1,-1,-1,0,15,0,3,6,0,-1,-1,-1
(((((CAGCAATCATCCCACT-1:9.059,((((((((TCGACCTAGGTCACTT-1:1.168,GAGTCTAGTCAAAGAT-1:3.001)I57:1.832,((TTGCGTCTCGCAGTGC-1:2.025,AGGTGTTTCCCGAGAC-1:2.025)I56:0.975,(CACAGGCTCCGTCACT-1:2,((TCATCATGTAACATGA-1:1.007,TCACAAGGTAGGTAGC-1:1.007)I55:0.993,(ATGCATGTCCACTTTA-1:2,CCATAAGTCATGACAC-1:1)I54:0)I53:0)I52:0)I51:0)I50:0,((TCGCTCACAAGCGCAA-1:0,ATAGAGACAGACGCTC-1:0)I49:1.39,TGGAGGAGTAGATTGA-1:4.029)I48:1.61)I47:0,TGTTGAGTCCGAAGGA-1:4)I46:1.002,(((((((CCTCTCCAGTGTTCCA-1:1.005,GTTGCGGCAGATCACT-1:1.005)I45:0.995,TTCACGCGTACTGCGC-1:0)I44:0.021,TGTAACGGTAGTATAG-1:6.022)I43:0.978,(GGGTCTGGTTGGGATG-1:3,(CCTAAGATCCAGGACC-1:2,((AACGGGATCTTGCAGA-1:1.012,TGACCCTGTTTCGTTT-1:2.012)I42:0.831,ATGCGATCACCTGCGA-1:3)I41:0.156)I40:0)I39:0)I38:0,TTCTAGTCACACTTAG-1:6)I37:0,CTCATCGTCCCGAAAT-1:3)I36:0,((ACGGGTCTCGGCCCAA-1:1.009,CTGTAGATCTCTTGCG-1:1.009)I35:1.058,GGTTAACGTGGCAACA-1:3.067)I34:2.939)I33:0.002)I32:2.999,(GCAACCGAGGTACATA-1:1,TTACCGCGTAGCTCGC-1:3)I31:0.001)I30:0.999,AGCTCAAAGGGTTAGC-1:6.001)I29:0.002,(GCTTTCGGTCCTTAAG-1:5.293,TCCGGGATCCGAAATC-1:4.293)I28:3.742)I27:1.056)I26:8.018,(((((TGCAGTATCCGCGATG-1:4.005,CCTACGTTCACTCGAA-1:2.005)I25:0.008,TAACGACTCTCGGCTT-1:3.014)I24:3.007,CCTACGTCATCAGTGT-1:0.857)I23:1.192,ATCACAGGTTACCGTA-1:2.049)I22:3.032,TATGTTCGTTATCTTC-1:3.471)I21:6.636)I20:0.04,(((ATCACGATCATGGATC-1:0.019,AGCCACGGTCATCCCT-1:2.019)I19:4.211,CATACAGCATAGCTGT-1:3.473)I18:3.678,AGCATCATCCGTCAAA-1:4.963)I17:13.167)I16:2.902,(((CGATGGCGTTTGCAGT-1:5.653,CAACCAAAGGTCCTGC-1:6.377)I15:3.478,(CACCGTTGTACAACGG-1:3.051,((((AACCTTTAGTTGTAAG-1:4,AGGACGAAGGTCACCC-1:3)I14:0,CGCAGGTCATACATCG-1:4)I13:0.002,TTACGCCAGATTGCGG-1:5.002)I12:0.999,((GGGTAGAGTCAAAGCG-1:8,(GACTTCCCACACACGC-1:3.044,TGCTCGTTCCATACAG-1:3.044)I11:0.956)I10:0.001,((CATCCGTGTCAAGCGA-1:3,ATGGAGGAGGTAGACC-1:3)I9:0.001,GTCAGCGGTTGGGATG-1:4.001)I8:1)I7:1)I6:1.051)I5:3.058)I4:3.919,(AGTACCAGTGAGATCG-1:4.532,CTCCGATGTCTACGTA-1:5.628)I3:3.076)I2:4.774)I1:0.019)I0;
I0,0,0,0,0,0,0,0,0,0,0,0,0,0,0,0,0,0,0,0,0,0,0,0,0,0,0,0,0,0,0
I1,0,0,0,0,0,0,0,0,0,0,0,0,0,0,0,0,0,0,0,0,0,0,0,0,0,0,0,0:0.99/1:0.01,0:0.99/2:0.01,0
I2,0,5,0,0,0:0.01/1:0.99,0,0,0,0,0,0,0,0,0,0,0,0,0,0,0,0,0,5,0,0,2,0,0:0.6/1:0.4,0:0.6/2:0.4,0
I3,0,5,0,0,1,0,0,0,0,0,4,0,0,0,0,0,0,0,0,0:0.5/4:0.5,0,0:0.03/3:0.97,5,0,0,2,0,0:0.3/1:0.7,0:0.3/2:0.7,0
CTCCGATGTCTACGTA-1,0,5,0,0,1,0,0,0,0,2,4,0,0,4,0,0,0,0,-1,-1,-1,3,5,0,0,2,0,1,2,0
AGTACCAGTGAGATCG-1,0,5,0,0,1,0,0,0,0,0,4,0,0,0,0,0,13,0,0,4,0,3,5,0,0,2,0,-1,-1,-1
I4,0,5,0,0,1,0,0,0,0,0,0,0,0,4,0,0,0,0,0,0,0,0,5,0,0,2,0,0:0.02/-1:0.97/1:0.01,0:0.02/-1:0.97/2:0.01,0:0.03/-1:0.97
I5,0,5,0,0,1,0,0,0,0,0,0,0,0,4,0,0,0,0,0:0.01/-1:0.98/1:0.003/2:0.005/3:0.009/4:0.007/6:0.003/7:0.009/9:0.008/10:0.008/11:0.003/12:0.002/13:0.001/14:0.001,0:0.01/-1:0.98/1:0.001/2:0.005/3:0.003/4:0.008/5:0.009/7:0.009/8:0.003/9:0.001/10:0.001/12:0.001/13:0.003/15:0.005/16:0.008/17:0.006/18:0.003/19:0.002/20:0.001/21:0.009/22:0.001/23:0.001/24:0.001/25:0.005,0:0.01/-1:0.98/2:0.001,0,5,0,0,2,0,-1,-1,-1
I6,0,5,0,0,1,0,0,0,0,0,4,0,0,4,0,0,0,0,-1,-1,-1,0,5,0,0,2,0,-1,-1,-1
I7,0,5,0,0,1,0,0,0,0,0,4,0,0,4,0,0,0,0,-1,-1,-1,0,5,2,0,2,0,-1,-1,-1
I8,0,5,0,15,1,0,0,0,0,0,4,0,0,4,0,0,0,0,-1,-1,-1,0,5,2,0,2,0,-1,-1,-1
GTCAGCGGTTGGGATG-1,0,5,0,15,1,0,2,3,0,0,4,0,0,4,0,26,31,0,-1,-1,-1,0,5,2,0,2,0,-1,-1,-1
I9,0,5,0,15,1,0,0,0,0,0,4,0,0,4,0,0,0,0,-1,-1,-1,0,5,2,0,2,0,-1,-1,-1
ATGGAGGAGGTAGACC-1,0,5,0,15,1,0,14,8,0,0,4,0,0,4,0,0,17,0,-1,-1,-1,0,5,2,0,2,0,-1,-1,-1
CATCCGTGTCAAGCGA-1,0,5,0,15,1,0,0,19,3,0,4,0,0,4,0,0,22,0,-1,-1,-1,0,5,2,0,2,0,-1,-1,-1
I10,0,5,0,0,1,0,0,0,0,0,4,0,0,4,0,0,0,0,-1,-1,-1,0,5,2,0,2,0,-1,-1,-1
I11,0,5,0,0,1,0,0,0,0,0:0.04/2:0.96,4,0,0,4,0,0,0,0,-1,-1,-1,0,5,2,0,2,0,-1,-1,-1
TGCTCGTTCCATACAG-1,0,5,0,13,1,0,0,35,0,2,4,0,0,4,0,0,24,0,-1,-1,-1,0,5,2,0,2,0,-1,-1,-1
GACTTCCCACACACGC-1,0,5,0,0,1,0,10,27,0,2,4,0,0,4,0,0,17,0,-1,-1,-1,0,5,2,0,2,0,-1,-1,-1
GGGTAGAGTCAAAGCG-1,0,5,0,0,1,0,-1,-1,-1,9,4,0,0,4,0,-1,-1,-1,-1,-1,-1,18,5,2,0,2,0,-1,-1,-1
I12,0,5,0,0,1,0,0,0,0,0,4,0,0,4,0,0,0,0,-1,-1,-1,3,5,0,0,2,0,-1,-1,-1
TTACGCCAGATTGCGG-1,0,5,0,0,1,0,0,0,0,0,4,0,0,4,7,0,13,0,-1,-1,-1,3,5,0,-1,-1,-1,-1,-1,-1
I13,0,5,0,0,1,0,0,0,0,0,4,0,0,4,0,0,0,0,-1,-1,-1,3,5,0,0,2,0,-1,-1,-1
CGCAGGTCATACATCG-1,0,5,0,0,1,0,0,2,0,0,4,0,0,4,0,22,27,2,-1,-1,-1,3,5,0,0,2,0,-1,-1,-1
I14,0,5,0,0,1,0,0,0,0,0,4,0,0,4,0,0,0,0,-1,-1,-1,3,5,0,0,2,0,-1,-1,-1
AGGACGAAGGTCACCC-1,0,5,0,11,1,0,0,0,0,0,4,0,9,4,0,0,17,0,-1,-1,-1,3,5,0,0,2,0,-1,-1,-1
AACCTTTAGTTGTAAG-1,0,5,0,0,1,0,3,4,0,0,4,0,0,4,0,4,4,0,-1,-1,-1,3,5,0,0,2,0,-1,-1,-1
CACCGTTGTACAACGG-1,0,5,0,0,1,0,0,0,0,0,0,0,0,4,0,3,3,0,-1,-1,-1,0,5,0,0,2,1,-1,-1,-1
I15,0,5,0,0,1,0,0,0,0,0:0.64/20:0.36,0:0.64/27:0.36,0,0,4,0,0,0,0,0,0,0,0,5,0,0:0.11/-1:0.88/1:0.001/2:0.008/5:0.001/6:0.009/7:0.007/8:0.008/11:0.006/12:0.009/13:0.006,-1:0.88/2:0.12,0:0.11/-1:0.88/1:0.001,-1,-1,-1
CAACCAAAGGTCCTGC-1,0,5,0,0,1,0,0,0,0,-1,-1,-1,8,4,0,0,0,0,7,7,0,0,5,0,-1,-1,-1,-1,-1,-1
CGATGGCGTTTGCAGT-1,0,5,0,0,1,0,0,24,0,20,27,0,0,4,0,21,26,0,0,5,0,0,5,0,-1,-1,-1,-1,-1,-1
I16,0,0,0,0,0,0,0,0,0,0,0,0,0,0,0,0,0,0,0,0,0,0,0,0,0,0,0,0:0.03/-1:0.97,0:0.03/-1:0.97,0:0.03/-1:0.97
I17,0,0,0,0:0.01/2:0.99,0:0.01/9:0.99,0,0,0,0,0,0:0.01/16:0.99,0,0:0.01/8:0.99,11,0,14,0:0.01/11:0.99,0,0:0.02/-1:0.97/1:0.003/2:0.005/3:0.009/4:0.007/6:0.003/7:0.009/9:0.008/10:0.008/11:0.003/12:0.002/13:0.001/14:0.001,0:0.02/-1:0.97/1:0.001/2:0.005/3:0.003/4:0.008/5:0.009/7:0.009/8:0.003/9:0.001/10:0.001/12:0.001/13:0.003/15:0.005/16:0.008/17:0.006/18:0.003/19:0.002/20:0.001/21:0.009/22:0.001/23:0.001/24:0.001/25:0.005,0:0.02/-1:0.97/2:0.001,0:0.01/6:0.99,0:0.01/13:0.99,0,0:0.41/5:0.59,0:0.41/8:0.59,0,-1,-1,-1
AGCATCATCCGTCAAA-1,8,16,2,2,9,0,0,2,0,0,16,0,8,11,0,14,11,0,-1,-1,-1,6,13,0,5,8,0,-1,-1,-1
I18,0,0,0,2,9,0,0:0.62/17:0.38,0:0.62/18:0.38,0,0,16,0,8,11,0,14,11,0,-1,-1,-1,6,13,0,0:0.03/-1:0.93/5:0.04,0:0.03/-1:0.93/8:0.04,0:0.07/-1:0.93,-1,-1,-1
CATACAGCATAGCTGT-1,11,2,0,2,9,0,17,18,0,0,16,0,8,11,0,14,11,0,-1,-1,-1,6,13,0,-1,-1,-1,-1,-1,-1
I19,0,0,0,2,9,0,-1:0.99/17:0.01,-1:0.99/18:0.01,-1:0.99/2:0.001/3:0.001/5:0.006,2,16,0,8,11,0,14,11,0,-1,-1,-1,6,13,0,-1,-1,-1,-1,-1,-1
AGCCACGGTCATCCCT-1,9,17,0,2,9,0,-1,-1,-1,2,16,0,8,11,0,14,11,0,-1,-1,-1,6,13,0,-1,-1,-1,-1,-1,-1
ATCACGATCATGGATC-1,0,0,0,2,9,0,-1,-1,-1,2,16,0,8,11,0,14,11,0,-1,-1,-1,6,13,0,-1,-1,-1,-1,-1,-1
I20,0,0,0,0,0,0,0,0,0,0,0,0,0,0,0,0,0,0,0,0,0,0,0:0.98/6:0.02,0,0,0,0,0:0.03/-1:0.97,0:0.03/-1:0.97,0:0.03/-1:0.97
I21,0,3,0,0,0,0,0,0,0,0,2,0,0,0,0,0,20,0,0,0,0,0:0.02/-1:0.98,0:0.02/-1:0.98,0:0.02/-1:0.98,0,0:0.39/21:0.61,0,-1,-1,-1
TATGTTCGTTATCTTC-1,0,3,0,0,0,0,0,0,0,0,2,0,0,0,0,0,20,0,-1,-1,-1,-1,-1,-1,0,21,0,-1,-1,-1
I22,0,3,0,0,0,0,0,0,0,0,2,0,0,0,0,0,20,0,0,0,0,-1,-1,-1,0:0.01/-1:0.98/1:0.001/2:0.008/5:0.001/6:0.009/7:0.007/8:0.008/11:0.006/12:0.009/13:0.006,0:0.01/-1:0.98/21:0.01,0:0.01/-1:0.98/1:0.001,-1,-1,-1
ATCACAGGTTACCGTA-1,0,3,0,0,0,0,0,1,0,0,2,0,0,0,0,0,20,0,0,12,0,-1,-1,-1,-1,-1,-1,-1,-1,-1
I23,0,3,0,0,0,0,0,0:0.84/2:0.16,0,0,2,0,0,0,0,0,20,0,0,0:0.02/2:0.98,0,-1,-1,-1,-1,-1,-1,-1,-1,-1
CCTACGTCATCAGTGT-1,0,3,0,0,0,0,0,2,0,0,2,0,0,0,0,0,20,0,0,2,0,-1,-1,-1,-1,-1,-1,-1,-1,-1
I24,0,3,0,0,0,0,-1,-1,-1,0,2,0,0,0,0,0,20,0,0,2,0,-1,-1,-1,-1,-1,-1,-1,-1,-1
TAACGACTCTCGGCTT-1,0,3,0,31,31,8,-1,-1,-1,0,2,0,0,0,0,0,20,0,0,2,0,-1,-1,-1,-1,-1,-1,-1,-1,-1
I25,0,3,0,0,0,0,-1,-1,-1,0,2,0,0,0,0,0,20,0,0,2,0,-1,-1,-1,-1,-1,-1,-1,-1,-1
CCTACGTTCACTCGAA-1,0,3,0,18,24,0,-1,-1,-1,0,2,0,0,0,0,0,20,0,0,2,0,-1,-1,-1,-1,-1,-1,-1,-1,-1
TGCAGTATCCGCGATG-1,0,3,0,0,2,0,-1,-1,-1,0,2,0,0,0,0,0,20,0,-1,-1,-1,-1,-1,-1,-1,-1,-1,-1,-1,-1
I26,0,0,0,0,0,0,0:0.01/-1:0.98/2:0.002/4:0.009/5:0.002/7:0.008/8:0.008/9:0.006/10:0.009/11:0.008/12:0.003/13:0.001/15:0.003/16:0.001/18:0.001/21:0.003/22:0.007/23:0.002/25:0.001,0:0.01/-1:0.98/1:0.008/3:0.009/5:0.009/6:0.002/7:0.001/8:0.009/9:0.001/10:0.005/11:0.005/13:0.001/14:0.002/16:0.003/17:0.001/19:0.001/20:0.004/21:0.001/23:0.001/24:0.008/27:0.001/29:0.002/30:0.001/31:0.001/32:0.002/37:0.004,0:0.01/-1:0.98/2:0.001/3:0.001/5:0.006,0:0.01/2:0.99,4,0,2,5,0,0,0,0,0,0,0,0,6,0,0,0,0,-1,-1,-1
I27,0,0,0,0,0,0,-1,-1,-1,2,4,0,2,5,0,0,0,0,0,4,0,0,6,0,0,0,0,-1,-1,-1
I28,0,0,0,0,0,0,-1,-1,-1,2,4,0,2,5,0,0,0,0,0:0.02/11:0.98,4,0,0,6,0,0:0.08/-1:0.91/1:0.001/2:0.008/5:0.001/6:0.009/7:0.007/8:0.008/11:0.006/12:0.009/13:0.006,0:0.08/-1:0.91/1:0.006/2:0.002/3:0.001/4:0.009/7:0.004/8:0.001/9:0.005/10:0.004/11:0.003/13:0.008/14:0.004/16:0.001/18:0.009/19:0.006/20:0.001/21:0.003/23:0.001/25:0.008/27:0.009/28:0.003,0:0.08/-1:0.91/1:0.001,-1,-1,-1
TCCGGGATCCGAAATC-1,0,5,0,10,16,0,-1,-1,-1,2,4,0,2,5,0,0,17,0,11,4,0,0,6,0,-1,-1,-1,-1,-1,-1
GCTTTCGGTCCTTAAG-1,21,32,0,2,9,0,-1,-1,-1,2,4,0,2,5,0,0,24,0,11,4,0,0,6,0,-1,-1,-1,-1,-1,-1
I29,0,0,0,0,0,0,-1,-1,-1,2,4,0,2,5,0,0,0,0,0,4,0,0,6,0,0,0,0,-1,-1,-1
AGCTCAAAGGGTTAGC-1,0,5,0,3,11,0,-1,-1,-1,2,4,0,2,5,0,15,16,0,0,4,0,0,6,0,0,1,0,-1,-1,-1
I30,0,0,0,0,0,0,-1,-1,-1,2,4,0,2,5,0,0,5,0,0,4,0,0,6,0,0,0,0,-1,-1,-1
I31,0,0,0,0,0,0,-1,-1,-1,2,4,0,2,5,0,0,5,0,0,4,0,0,6,0,0,0,0,-1,-1,-1
TTACCGCGTAGCTCGC-1,0,42,0,0,0,0,-1,-1,-1,2,4,0,2,5,0,0,5,0,0,4,0,0,6,0,8,11,0,-1,-1,-1
GCAACCGAGGTACATA-1,0,7,0,0,0,0,-1,-1,-1,2,4,0,2,5,0,0,5,0,0,4,0,0,6,0,0,0,0,-1,-1,-1
I32,0,0,0,0,0,0,-1,-1,-1,2,4,0,2,5,0,0,5,0,0,4,0,0,6,0,-1,-1,-1,-1,-1,-1
I33,0,0,0,0,0,0,-1,-1,-1,2,4,0,2,5,0,0,5,0,0,4,0,0,6,0,-1,-1,-1,-1,-1,-1
I34,0,0,0,0:0.02/-1:0.98,0:0.02/-1:0.98,0:0.02/-1:0.98,-1,-1,-1,2,4,0,2,5,0,0,5,0,0,4,0,0,6,0,-1,-1,-1,-1,-1,-1
GGTTAACGTGGCAACA-1,-1,-1,-1,-1,-1,-1,-1,-1,-1,2,4,0,2,5,0,0,5,0,0,4,0,0,6,0,-1,-1,-1,-1,-1,-1
I35,0,0,0,-1,-1,-1,-1,-1,-1,2,4,0,2,5,0,0:0.01/11:0.99,5,0,0,4,0,0,6,0,-1,-1,-1,-1,-1,-1
CTGTAGATCTCTTGCG-1,0,7,0,-1,-1,-1,-1,-1,-1,2,4,0,2,5,0,11,5,0,0,4,0,0,6,0,-1,-1,-1,-1,-1,-1
ACGGGTCTCGGCCCAA-1,0,14,0,-1,-1,-1,-1,-1,-1,2,4,0,2,5,0,11,5,0,0,4,0,0,6,0,-1,-1,-1,-1,-1,-1
I36,0,0,0,0,0,0,-1,-1,-1,2,4,0,2,5,0,0,5,0,0,4,0,0,6,0,-1,-1,-1,-1,-1,-1
CTCATCGTCCCGAAAT-1,0,7,0,20,26,0,-1,-1,-1,2,4,0,2,5,0,0,5,0,0,4,0,0,6,0,-1,-1,-1,-1,-1,-1
I37,0,0,0,0,0,0,-1,-1,-1,2,4,0,2,5,0,0,5,0,0,4,0,0,6,0,-1,-1,-1,-1,-1,-1
TTCTAGTCACACTTAG-1,31,19,0,0,0,0,-1,-1,-1,2,4,0,2,5,0,11,5,0,-1,-1,-1,0,6,0,-1,-1,-1,-1,-1,-1
I38,0,0,0,0,0,0,-1,-1,-1,2,4,0,2,5,0,0,5,0,0,4,0,0,6,0,-1,-1,-1,-1,-1,-1
I39,0,0,0,0,0,0,-1,-1,-1,2,4,0,2,5,0,0,5,0,0,4,0,0,6,0,-1,-1,-1,-1,-1,-1
I40,0,0,0,0,0,0,-1,-1,-1,2,4,0,2,5,0,0,5,0,0,4,0,0,6,0,-1,-1,-1,-1,-1,-1
I41,0,0,0,0,0:0.84/2:0.16,0,-1,-1,-1,2,4,0,2,5,0,0,5,0,0,4,0,0,6,0,-1,-1,-1,-1,-1,-1
ATGCGATCACCTGCGA-1,0,0,0,-1,-1,-1,-1,-1,-1,2,4,0,2,5,0,0,5,0,0,4,0,0,6,0,-1,-1,-1,-1,-1,-1
I42,0,0,0,0,0:0.01/2:0.99,0,-1,-1,-1,2,4,0,2,5,0,0,5,0,0,4,0,0,6,0,-1,-1,-1,-1,-1,-1
TGACCCTGTTTCGTTT-1,0,28,0,27,2,0,-1,-1,-1,2,4,0,2,5,0,0,5,0,0,4,0,0,6,0,-1,-1,-1,-1,-1,-1
AACGGGATCTTGCAGA-1,0,6,0,0,2,0,-1,-1,-1,2,4,0,2,5,0,0,5,0,0,4,0,0,6,0,-1,-1,-1,-1,-1,-1
CCTAAGATCCAGGACC-1,0,24,0,0,0,0,-1,-1,-1,2,4,0,2,5,0,19,5,0,0,4,0,0,6,0,-1,-1,-1,-1,-1,-1
GGGTCTGGTTGGGATG-1,22,34,0,0,0,0,-1,-1,-1,2,4,0,2,5,0,25,5,0,0,4,0,0,6,0,-1,-1,-1,-1,-1,-1
I43,0,0,0,0,0,0,-1,-1,-1,2,4,0,2,5,0,0:0.02/3:0.98,5,0,0,4,0,0,6,0,-1,-1,-1,-1,-1,-1
TGTAACGGTAGTATAG-1,0,41,7,-1,-1,-1,-1,-1,-1,2,4,0,2,5,0,3,5,0,7,4,0,0,6,0,-1,-1,-1,-1,-1,-1
I44,0,0,0,0,0,0,-1,-1,-1,2,4,0,2,5,0,3,5,0,0,4,0,0,6,0,-1,-1,-1,-1,-1,-1
TTCACGCGTACTGCGC-1,0,0,0,0,0,0,-1,-1,-1,2,4,0,2,5,0,3,5,0,0,4,0,0,6,0,-1,-1,-1,-1,-1,-1
I45,0,0:0.01/1:0.99,0,0,0,0,-1,-1,-1,2,4,0,2,5,0,3,5,0,0,4,0,0,6,0,-1,-1,-1,-1,-1,-1
GTTGCGGCAGATCACT-1,15,1,0,0,0,0,-1,-1,-1,2,4,0,2,5,0,3,5,0,0,4,0,0,6,0,-1,-1,-1,-1,-1,-1
CCTCTCCAGTGTTCCA-1,0,1,0,0,0,0,-1,-1,-1,2,4,0,2,5,0,3,5,0,7,4,0,0,6,0,-1,-1,-1,-1,-1,-1
I46,0,5,0,0,0,0,-1,-1,-1,2,4,0,2,5,0,0,5,0,0,4,0,0,6,0,-1,-1,-1,-1,-1,-1
TGTTGAGTCCGAAGGA-1,0,5,0,31,31,8,-1,-1,-1,2,4,0,2,5,0,19,5,0,0,4,0,0,6,0,-1,-1,-1,-1,-1,-1
I47,0,5,0,0,0,0,-1,-1,-1,2,4,0,2,5,0,0,5,0,0,4,0,0,6,0,-1,-1,-1,-1,-1,-1
I48,0,5,0,0:0.68/9:0.32,0:0.68/13:0.32,0,-1,-1,-1,2,4,0,2,5,0,0:0.03/3:0.97,5,0,0,4,0,0,6,0,-1,-1,-1,-1,-1,-1
TGGAGGAGTAGATTGA-1,28,5,0,-1,-1,-1,-1,-1,-1,2,4,0,2,5,0,3,5,0,0,4,0,0,6,0,-1,-1,-1,-1,-1,-1
I49,0,5,0,9,13,0,-1,-1,-1,2,4,0,2,5,0,3,5,0,0,4,0,0,6,0,-1,-1,-1,-1,-1,-1
ATAGAGACAGACGCTC-1,0,5,0,9,13,0,-1,-1,-1,2,4,0,2,5,0,3,5,0,0,4,0,0,6,0,-1,-1,-1,-1,-1,-1
TCGCTCACAAGCGCAA-1,0,5,0,9,13,0,-1,-1,-1,2,4,0,2,5,0,3,5,0,0,4,0,0,6,0,-1,-1,-1,-1,-1,-1
I50,0,5,0,0,0,0,-1,-1,-1,2,4,0,2,5,0,0,5,0,0,4,0,0,6,0,-1,-1,-1,-1,-1,-1
I51,0,5,0,0,0,0,-1,-1,-1,2,4,0,2,5,0,0,5,0,0,4,0,0,6,0,-1,-1,-1,-1,-1,-1
I52,0,5,0,0,0,0,-1,-1,-1,2,4,0,2,5,0,0,5,0,0,4,0,0,6,0,-1,-1,-1,-1,-1,-1
I53,0,5,0,0,0,0,-1,-1,-1,2,4,0,2,5,0,0,5,0,0,4,0,0,6,0,-1,-1,-1,-1,-1,-1
I54,0,5,0,0,0,0,-1,-1,-1,2,4,0,2,5,0,0,5,0,0,4,0,0,6,0,-1,-1,-1,-1,-1,-1
CCATAAGTCATGACAC-1,0,5,0,0,6,0,-1,-1,-1,2,4,0,2,5,0,0,5,0,0,4,0,0,6,0,-1,-1,-1,-1,-1,-1
ATGCATGTCCACTTTA-1,0,5,0,14,19,0,-1,-1,-1,2,4,0,2,5,0,0,5,0,0,4,0,0,6,0,-1,-1,-1,-1,-1,-1
I55,0,5,0,0,0,0,-1,-1,-1,2,4,0,2,5,0,0:0.01/11:0.99,5,0,0,4,0,0,6,0,-1,-1,-1,-1,-1,-1
TCACAAGGTAGGTAGC-1,0,5,0,0,33,0,-1,-1,-1,2,4,0,2,5,0,11,5,0,0,4,0,0,6,0,-1,-1,-1,-1,-1,-1
TCATCATGTAACATGA-1,0,5,0,0,34,0,-1,-1,-1,2,4,0,2,5,0,11,5,0,0,4,0,0,6,0,-1,-1,-1,-1,-1,-1
CACAGGCTCCGTCACT-1,0,5,0,0,21,0,-1,-1,-1,2,4,0,2,5,0,17,5,0,0,4,0,0,6,0,-1,-1,-1,-1,-1,-1
I56,0,5,0,0,0:0.03/2:0.97,0,-1,-1,-1,2,4,0,2,5,0,0,5,0,0,4,0,0,6,0,-1,-1,-1,-1,-1,-1
AGGTGTTTCCCGAGAC-1,0,5,0,12,2,0,-1,-1,-1,2,4,0,2,5,0,16,5,0,0,4,0,0,6,0,-1,-1,-1,-1,-1,-1
TTGCGTCTCGCAGTGC-1,0,5,0,26,2,0,-1,-1,-1,2,4,0,2,5,0,23,5,0,0,4,0,0,6,0,-1,-1,-1,-1,-1,-1
I57,0,5,0,0:0.58/3:0.42,0:0.58/1:0.42,0,-1,-1,-1,2,4,0,2,5,0,23,5,0,0,4,0,0,6,0,-1,-1,-1,-1,-1,-1
GAGTCTAGTCAAAGAT-1,0,5,0,-1,-1,-1,-1,-1,-1,2,4,0,2,5,0,23,5,0,0,4,0,0,6,0,-1,-1,-1,-1,-1,-1
TCGACCTAGGTCACTT-1,0,5,0,3,1,0,-1,-1,-1,2,4,0,2,5,0,23,5,0,0,4,0,0,6,0,-1,-1,-1,-1,-1,-1
CAGCAATCATCCCACT-1,0,23,0,16,23,5,-1,-1,-1,2,4,0,2,5,0,0,21,0,0,5,0,0,6,0,-1,-1,-1,-1,-1,-1
(((TGAACGTAGCAAACAT-1:21.316,((((GACTGATTCACCTTAT-1:6.229,TGGGTTAGTTCAAGTC-1:1.825)I20:3.366,GTTTACTAGGCAGCTA-1:6.793)I19:6.259,(AGAACAAGTAACGCGA-1:5.018,((GATGACTCAAGTGTCT-1:3.022,GTGCACGAGGAGGGTG-1:2.022)I18:3.653,ACATCCCTCCAAGCTA-1:5.206)I17:3.364)I16:0.02)I15:3.089,(CTCAACCGTGAAGCTG-1:8.379,CATCCCACACGCTGTG-1:5.809)I14:5.02)I13:3.101)I12:2.01,(GTGTTAGAGGTTCCAT-1:24,(TTCATGTTCGTGGAAG-1:19,(((GGCAGTCTCCGATAGT-1:9.055,TTCCGGTGTAATGATG-1:15.055)I11:0.005,(TTCTTCCTCGTGGGTC-1:10.415,GGATGTTGTGGATACG-1:10.415)I10:0.645)I9:8.952,(TGTTGGAAGTGCCCGT-1:18.061,((CTCAGGGCATACATCG-1:2.019,TCACGGGTCGATCCAA-1:1.019)I8:16.039,(CAGAGCCCACTGGACC-1:13,TTGTTCAAGCCATCCG-1:17.051)I7:0.001)I6:0.01)I5:0.939)I4:0)I3:0)I2:0)I1:0)I0;
I0,0,0,0,0,0,0,0,0,0,0,0,0,0,0,0,0,0,0,0,0,0,0,0,0,0,0,0,0,0,0
I1,0,0,0,0,0,0,0,0,0,0,0,0,0,0,0,0,0,0,0,0,0,0,0,0,0,0,0,0,0,0
I2,0,0,0,0,0,0,0,0,0,0,0,0,0,0,0,0,0,0,0,0,0,0,0,0,0,0,0,0,0,0
I3,0,0,0,0,0,0,0,0,0,0,0,0,0,0,0,0,0,0,0,0,0,0,0,0,0,0,0,0,0,0
I4,0,0,0,0,0,0,0,0,0,0,0,0,0,0,0,0,0,0,0,0,0,0,0,0,0,0,0,0,0,0
I5,0,0,0,0,0,0,0:0.06/4:0.94,0,0,0,0,0,0,0,0,0,0,0,0,0,0,0,0,0,0,0,0,0,0,0
I6,0,0,0,0,0,0,0:0.05/4:0.95,0,0,0,0,0,0,0,0,0,0,0,0,0,0,0,0,0,0,0,0,0,0,0
I7,0,0,0,0,0,0,0:0.05/4:0.95,0,0,0,0,0,0,0,0,0,0,0,0,0,0,0,0,0,0,0,0,0,0,0
TTGTTCAAGCCATCCG-1,18,10,0,19,7,0,4,0,0,20,0,0,27,21,0,0,0,0,-1,-1,-1,6,3,0,12,18,0,-1,-1,-1
CAGAGCCCACTGGACC-1,10,7,0,0,22,0,-1,-1,-1,16,24,0,14,18,0,0,6,0,0,0,0,0,25,0,0,13,0,0,0,0
I8,18,10,0,19,7,0,4,0,0,20,0,0,0,21,0,0,0,0,-1,-1,-1,1,3,0,12,18,0,-1,-1,-1
TCACGGGTCGATCCAA-1,18,10,0,19,7,0,4,0,0,20,0,6,0,21,0,0,0,0,-1,-1,-1,1,3,0,12,18,0,-1,-1,-1
CTCAGGGCATACATCG-1,18,10,0,19,7,0,4,0,0,20,0,0,0,21,0,6,28,0,-1,-1,-1,1,3,0,12,18,0,-1,-1,-1
TGTTGGAAGTGCCCGT-1,18,10,0,10,16,0,4,0,0,0,0,0,0,21,0,-1,-1,-1,-1,-1,-1,6,3,0,8,18,0,-1,-1,-1
I9,0,0,0,0,0,0,0,0,0,0,0,0,0,0,0,0,0,0,0:0.01/-1:0.99,0:0.01/-1:0.99,0:0.01/-1:0.99,0,0,0,0:0.01/-1:0.99,0:0.01/-1:0.99,0:0.01/-1:0.99,0:0.01/-1:0.99,0:0.01/-1:0.99,0:0.01/-1:0.99
I10,0,0,0,0,0,0,0,0,0,0,0,0,0,0:0.37/7:0.63,0,0,0,0,-1,-1,-1,0,0,0,-1,-1,-1,-1,-1,-1
GGATGTTGTGGATACG-1,10,10,0,24,7,0,4,0,0,26,0,0,0,7,0,6,17,0,-1,-1,-1,3,3,0,-1,-1,-1,-1,-1,-1
TTCTTCCTCGTGGGTC-1,0,45,0,0,42,0,11,30,0,0,26,0,25,7,0,31,38,0,-1,-1,-1,0,43,5,-1,-1,-1,-1,-1,-1
I11,0,0,0,0,0,0,0,0,0,0,0,0,0,0,0,0,0,0,-1:0.99/1:0.003/2:0.005/3:0.009/4:0.007/6:0.003/7:0.009/9:0.008/10:0.008/11:0.003/12:0.002/13:0.001/14:0.001,-1:0.99/1:0.001/2:0.005/3:0.003/4:0.008/5:0.009/7:0.009/8:0.003/9:0.001/10:0.001/12:0.001/13:0.003/15:0.005/16:0.008/17:0.006/18:0.003/19:0.002/20:0.001/21:0.009/22:0.001/23:0.001/24:0.001/25:0.005,-1:0.99/2:0.001,0,0,0,-1:0.99/1:0.001/2:0.008/5:0.001/6:0.009/7:0.007/8:0.008/11:0.006/12:0.009/13:0.006,-1:0.99/1:0.006/2:0.002/3:0.001/4:0.009/7:0.004/8:0.001/9:0.005/10:0.004/11:0.003/13:0.008/14:0.004/16:0.001/18:0.009/19:0.006/20:0.001/21:0.003/23:0.001/25:0.008/27:0.009/28:0.003,-1:0.99/1:0.001,-1:0.99/1:0.009/2:0.002,-1:0.99/1:0.004/2:0.001/3:0.002,-1:0.99/1:0.01
TTCCGGTGTAATGATG-1,30,44,0,40,41,0,4,8,0,0,38,0,24,33,0,-1,-1,-1,-1,-1,-1,4,42,4,-1,-1,-1,-1,-1,-1
GGCAGTCTCCGATAGT-1,0,33,4,0,29,0,22,5,0,27,32,0,0,27,0,0,0,0,-1,-1,-1,0,15,0,-1,-1,-1,-1,-1,-1
TTCATGTTCGTGGAAG-1,29,43,0,39,40,0,10,5,9,19,37,0,0,2,0,0,0,0,-1,-1,-1,3,2,0,0,27,0,-1,-1,-1
GTGTTAGAGGTTCCAT-1,24,37,0,-1,-1,-1,2,30,5,29,26,0,0,7,0,26,18,0,-1,-1,-1,1,15,3,14,22,0,-1,-1,-1
I12,0,0,0,0,0,0,0,0,0,0,0,0,0,0,0,0,0,0,0:0.22/3:0.78,0,0,0,0:0.09/3:0.91,0,0,0:0.67/4:0.33,0,0,0,0
I13,0,10,0,0,7,0,0,0,0,0,0,0,0,0,0,0,0,0,0:0.11/3:0.89,0,0,0,3,0,0,0:0.01/4:0.99,0,0,0:0.76/1:0.24,0
I14,0,10,0,17,7,0,18,0,0,0,0,0,0,0,0,0,0,0,0:0.01/-1:0.88/3:0.11,0:0.1/-1:0.88/1:0.002/2:0.01/3:0.005/4:0.017/5:0.018/7:0.018/8:0.007/9:0.002/10:0.002/12:0.001/13:0.005/15:0.01/16:0.015/17:0.012/18:0.006/19:0.004/20:0.002/21:0.018/22:0.002/23:0.003/24:0.002/25:0.011,0:0.1/-1:0.88/2:0.002,0,3,0,0,4,0,0,0:0.43/1:0.57,0
CATCCCACACGCTGTG-1,10,10,0,17,7,0,18,0,0,19,0,0,0,0,0,-1,-1,-1,-1,-1,-1,0,3,0,0,4,0,0,1,0
CTCAACCGTGAAGCTG-1,0,10,0,17,7,0,18,0,0,23,0,3,0,7,0,0,0,0,-1,-1,-1,3,3,0,11,4,0,-1,-1,-1
I15,0,10,0,0,7,0,0,0,0,0,0,0,0,0,0,0,0,0,0:0.01/3:0.99,0,0,0,3,0,0,4,0,0:0.01/-1:0.99,0:0.01/-1:0.99,0:0.01/-1:0.99
I16,0,10,0,0,7,0,0,0,0,0,0,0,0,0,0,0,0,0,0:0.01/3:0.99,0:0.99/8:0.01,0,0,3,0,0,4,0,0:0.01/-1:0.99,-1:0.99/1:0.01,0:0.01/-1:0.99
I17,0,10,0,0,7,0,0,0,0,0,0,0,0,0,0,0:0.47/3:0.53,0,0,-1:0.93/3:0.07,0:0.06/-1:0.93/8:0.01,0:0.06/-1:0.93/2:0.001,0,3,0,0,4,0,-1,-1,-1
ACATCCCTCCAAGCTA-1,0,10,0,3,7,0,0,0,0,0,0,0,0,9,0,-1,-1,-1,-1,-1,-1,0,3,0,0,4,0,-1,-1,-1
I18,0,10,0,24,7,0,0:0.01/4:0.99,0,0,25,0,0,0,0,0,3,0,0,-1,-1,-1,0,3,0,0,4,0,-1,-1,-1
GTGCACGAGGAGGGTG-1,2,10,0,24,7,0,4,0,0,25,0,0,0,0,0,3,11,0,-1,-1,-1,0,3,0,0,4,0,-1,-1,-1
GATGACTCAAGTGTCT-1,0,10,0,24,7,0,4,0,0,25,0,0,18,23,0,3,3,0,-1,-1,-1,0,3,0,0,4,0,-1,-1,-1
AGAACAAGTAACGCGA-1,0,10,0,3,7,0,0,0,0,3,0,0,0,13,0,0,0,0,3,8,0,1,3,0,0,4,0,-1,-1,-1
I19,0,10,0,0:0.02/4:0.98,7,0,0,0,0,24,0,0,0,0,0,0,0,0,0:0.01/3:0.99,0:0.61/17:0.39,0,0:0.01/20:0.99,3,0,0:0.04/-1:0.95/1:0.001/2:0.008/5:0.001/6:0.009/7:0.007/8:0.008/11:0.006/12:0.009/13:0.006,-1:0.95/4:0.05,0:0.04/-1:0.95/1:0.001,-1,-1,-1
GTTTACTAGGCAGCTA-1,25,10,0,4,7,0,11,0,0,24,0,0,2,5,0,6,17,0,3,17,0,20,3,0,-1,-1,-1,-1,-1,-1
I20,0,10,0,4,7,0,0,0,0,24,0,0,0,0,0,0,0:0.6/37:0.4,0,-1:0.93/3:0.07,0:0.04/-1:0.93/17:0.03,0:0.07/-1:0.93,20,3,0,-1,-1,-1,-1,-1,-1
TGGGTTAGTTCAAGTC-1,0,10,0,4,7,0,0,0,0,24,0,0,0,32,0,0,37,0,-1,-1,-1,20,3,0,-1,-1,-1,-1,-1,-1
GACTGATTCACCTTAT-1,0,10,0,4,7,0,7,0,0,24,0,0,10,6,0,-1,-1,-1,-1,-1,-1,20,3,0,-1,-1,-1,-1,-1,-1
TGAACGTAGCAAACAT-1,0,14,0,20,37,0,24,24,7,32,35,0,22,31,6,30,35,3,3,16,0,4,3,0,-1,-1,-1,2,3,0
